0.0059812503333333,0.002917015,0.0005809793333333,0.0049275346666666,0.0029570903333333,0.000876048,0.0019042398333333,0.0026067603333333,0.0004436591666666,0.0020548336666666,0.006349339
0.02000113,0.022447322,0.002451121,0.0015870013333333,0.0162905986666667,0.003554964,0.0053700543333333,0.0033477093333333,0.0006000046666666,0.0068388806666666,0.006133211
0.0024046466666666,0.0081411116666666,0.0030725336666666,0.0022431916666666,0.0022931223333333,0.0027582466666666,0.0020019803333333,0.0013499593333333,0.003951924,0.004606766,0.00478681
0.001294238,0.0027614263333333,0.0002313343333333,0.0034844983333333,0.0010126753333333,0.0023915863333333,0.0084309776666666,0.0010579926666666,6.0551e-05,0.001826017,0.003495945
0.0024484463333333,0.0108559096666667,0.001415572,0.001085696,0.0058718406666666,0.0018162603333333,0.004129745,0.002845577,0.000478414,0.0047397793333333,0.0048493963333333
0.0021740116666666,0.003977176,0.001922375,0.0010244623333333,0.0026148906666666,0.0013262146666666,0.0007382023333333,0.000736456,0.000305371,0.0020513003333333,0.0021767543333333
0.0017316476666666,0.0367311466666667,0.0025076993333333,0.0029439153333333,0.003381329,0.0006287773333333,0.0020156756666666,0.00744507,0.0023446133333333,0.0075848196666666,0.010537058
0.0070353703333333,0.005914163,0.0023510793333333,0.002454964,0.0056882216666666,0.0028170626666666,0.006881063,0.0157462573333333,0.0009141776666666,0.003002843,0.0197023513333333
1.32946666666667e-05,1.12096666666667e-05,0.004680497,2.16833333333333e-05,6.99736666666667e-05,6.66666666666667e-06,0.0016489413333333,7.30816666666667e-05,0.001311671,0.0029814386666666,2.33333333333333e-05
0.0094817406666666,0.020547192,0.0070763546666666,0.0047675636666666,0.016271801,0.01151527,0.002370355,0.0064374846666666,0.0012527056666666,0.006754304,0.0208106503333333
0.0128795426666667,0.0171517363333333,0.0105594043333333,0.004163052,0.0110426646666667,0.0031979943333333,0.0089594853333333,0.0324482076666667,0.0006192863333333,0.007437223,0.03476172
