0.0031742533333333,0.000411482,0.0017112243333333,0.0002031506666666,0.002714616,2.4071e-05,0.0012095298333333,0.0005751053333333,4.2975e-06,0.0005027966666666,0.0054978826666666
0.00043241,0.0170681206666667,0.0010060326666666,0.0006065493333333,0.00269881,0.0019634513333333,0.0049542976666666,0.0009392206666666,0.0004708723333333,0.000960233,0.0033589586666666
0.001031134,0.0090214523333333,0.0010503786666666,0.00203229,0.0036617653333333,0.002182844,0.003025871,0.0018444706666666,0.000905794,0.0011877433333333,0.004266729
0.0022135206666666,0.0017512313333333,0.000149837,0.002014401,0.0001375813333333,0.0001188373333333,0.0005021603333333,0.0003734443333333,5.65166666666667e-06,9.99416666666667e-05,0.0009834423333333
0.0015584443333333,0.0051239893333333,0.0006993393333333,0.0029542853333333,0.0008294393333333,0.001269824,0.001389696,0.001691414,0.0001383666666666,0.0017261636666666,0.0011480226666666
0.0004903573333333,0.0017742636666666,0.001071067,0.0004693226666666,0.001333862,0.000305775,0.0005862633333333,0.000334636,0.0003161336666666,0.000494392,0.0017042103333333
0.0016953803333333,0.009952083,0.001638645,0.0005588743333333,0.000789632,0.0001223226666666,0.002322767,0.004491629,0.0028348593333333,0.0025520936666666,0.0015136756666666
0.00163368,0.0023443033333333,0.0029471226666666,0.000933639,0.0030070873333333,0.000497964,0.0094177323333333,0.0123287876666667,0.000168389,0.002735536,0.007216776
6.66666666666667e-06,3.33333333333333e-06,0.0005483036666666,0.0,5.6617e-05,3.33333333333333e-06,0.0044719243333333,3.76373333333333e-05,0.000857938,0.0034466506666666,1e-05
0.0010225393333333,0.0049098046666666,0.000296358,5.75296666666667e-05,0.0006442283333333,0.0002027743333333,0.001481653,0.001143315,0.0004643476666666,0.0004734643333333,0.000825567
0.0091939976666666,0.0083999943333333,0.0061604146666666,0.0034746896666666,0.0042020393333333,0.001588702,0.0068350476666666,0.012658615,0.0009018303333333,0.0036435336666666,0.0365987933333333
