0.0057149003333333,0.0011838666666666,0.0004496263333333,7.1112e-05,0.0016171743333333,0.0001478933333333,0.0033143436666666,0.0006907606666666,3.3792e-05,0.0004431536666666,0.006993653
0.0012787846666666,0.0103681206666667,0.0009100606666666,0.0018657036666666,0.0068642283333333,0.0019323533333333,0.0223133926666667,0.0010988993333333,0.0009798826666666,0.0004733476666666,0.0022487723333333
0.0007305033333333,0.0057480823333333,0.0015541603333333,0.002870086,0.0016773813333333,0.003146985,0.0010740726666666,0.000998237,0.001528935,0.0029360706666666,0.002738125
0.000155236,0.0015407876666666,0.0001304426666666,0.0020220603333333,0.0002203966666666,0.001190547,0.0007929236666666,0.0002200183333333,0.0,7.79206666666667e-05,0.0007082363333333
0.000809905,0.005711896,0.001437705,0.0005120806666666,0.0026617836666666,0.0003608073333333,0.0009249643333333,0.0005174103333333,7.18136666666667e-05,0.001854648,0.0021157063333333
0.0004191523333333,0.0024557886666666,0.0005761126666666,0.000450518,0.0014664133333333,0.002279131,0.0005928126666666,0.0002415133333333,0.0004172733333333,0.0003273086666666,0.0013612046666666
0.0009811596666666,0.011589963,0.0007855573333333,0.0007029736666666,0.001482186,0.0002106363333333,0.0018027293333333,0.003488531,0.0029682156666666,0.0045682736666666,0.0063967213333333
0.0019726816666666,0.0031915243333333,0.0014672996666666,0.0002081353333333,0.002669756,0.0006339323333333,0.0068598043333333,0.0096536143333333,0.0007990286666666,0.0011165556666666,0.0064196633333333
7.11233333333333e-06,3.33333333333333e-06,0.0004158653333333,0.0,2.90926666666667e-05,3.33333333333333e-06,0.0021079486666666,3.33333333333333e-06,0.0010400473333333,0.002921443,0.0
0.0007223036666666,0.0022028936666666,0.000268573,8.09156666666667e-05,0.0003857183333333,5.99873333333333e-05,0.0224778516666667,0.0007120273333333,0.0002121516666666,0.0007133656666666,0.00047465
0.008526722,0.0125022833333333,0.009048231,0.0075732716666666,0.0035858376666666,0.0023354226666666,0.004623392,0.019853109,0.0003771786666666,0.0029743783333333,0.03899636
