0.0045260046666666,0.0020485863333333,0.0008511536666666,0.000303596,0.0034218303333333,0.0005552786666666,0.0027928755,0.0008598033333333,2.97118333333333e-05,0.0029754346666666,0.0065094696666666
0.002636171,0.0082794266666666,0.0013198963333333,0.001039824,0.0068207186666666,0.002121179,0.016146765,0.0011293853333333,0.000346918,0.0042342073333333,0.004037001
0.0011452123333333,0.0077375546666666,0.0023487676666666,0.0024131766666666,0.0022735713333333,0.001831961,0.001083398,0.0012735616666666,0.0014855066666666,0.002935527,0.0038018463333333
0.0005054856666666,0.0010220046666666,0.0002126846666666,0.002533447,0.0003679433333333,0.0003146193333333,0.000278372,0.0002341316666666,0.0,0.0008801556666666,0.0009407433333333
0.0011884896666666,0.0043504206666666,0.0013437583333333,0.0003523073333333,0.002553015,0.0010529033333333,0.002615817,0.0008914103333333,3.76873333333333e-05,0.004747706,0.0022605176666666
0.000653521,0.0020181176666666,0.0020847043333333,0.000679761,0.0014610376666666,0.001019013,0.0006176213333333,0.0003464783333333,0.0004358913333333,0.0014488223333333,0.0021180533333333
0.0008836636666666,0.010270361,0.002115017,0.0010191536666666,0.003079454,0.000875995,0.002232255,0.0036811643333333,0.002483141,0.010618824,0.0071057613333333
0.0035134596666666,0.0035096916666666,0.001920068,0.001123165,0.0033538586666666,0.0012835506666666,0.0074122226666666,0.011273186,0.000353412,0.0043697633333333,0.006506585
7.63653333333333e-05,0.0,0.0008477706666666,0.0,4.81263333333333e-05,0.0,0.0041400693333333,3.973e-06,0.0010783056666666,0.0038371103333333,6.66666666666667e-06
0.002350311,0.0038589116666666,0.0016335623333333,0.0013233033333333,0.003506563,0.0020654643333333,0.005872431,0.0016181513333333,0.000449927,0.0030985696666666,0.0029673543333333
0.0095055606666666,0.0091967306666666,0.0078931426666666,0.0054331253333333,0.0067814766666666,0.001990076,0.0105655143333333,0.011586153,0.0001835326666666,0.0068423766666666,0.0241662496666667
