0.0023156043333333,0.002030599,0.000688519,0.000562366,0.002293065,0.000250966,0.0015788946666666,0.0006663466666666,8.20683333333333e-05,0.000558954,0.0060665033333333
0.0015922943333333,0.021594113,0.0035717596666666,0.0015064826666666,0.0048403556666666,0.002426355,0.0051215716666666,0.0025338606666666,0.0007345473333333,0.0034405746666666,0.0044595633333333
0.000801177,0.009639213,0.0030371093333333,0.0029124133333333,0.0031731696666666,0.0030360856666666,0.001859782,0.0024249306666666,0.001052839,0.0010171296666666,0.005901047
0.000842375,0.00307345,0.0006535033333333,0.0021599256666666,0.001386039,0.0009807103333333,0.0120135996666667,0.000745407,0.000357048,0.000480676,0.0004287346666666
0.0013126606666666,0.011451129,0.002708933,0.0011490923333333,0.0026678496666666,0.0015208436666666,0.003168372,0.0043841766666666,0.000536405,0.0011691313333333,0.003384136
0.0002812343333333,0.0032693423333333,0.001252148,0.0004983043333333,0.0008757893333333,0.0008286123333333,0.0013195546666666,0.000890306,0.0002697633333333,0.000637108,0.0007187003333333
0.0017005576666666,0.014849561,0.001537901,0.0018639006666666,0.0064562496666666,0.00124208,0.004739366,0.0077925183333333,0.0017382683333333,0.003137493,0.008372974
0.003085422,0.008649629,0.0040942323333333,0.002223233,0.0056285333333333,0.0026118406666666,0.008634506,0.0273378916666667,0.0010736606666666,0.0043112473333333,0.0081818736666666
3.80386666666667e-05,0.0004149113333333,0.0005960243333333,9.6439e-05,0.000162236,0.0001156923333333,0.00419833,0.0001482993333333,0.0016525573333333,0.006454072,7.16786666666667e-05
0.0007417883333333,0.0056002056666666,0.0004635686666666,0.000946198,0.0016190016666666,0.0006933126666666,0.004255364,0.001575163,0.0006837606666666,0.0005818683333333,0.00084733
0.0149802773333333,0.0134834673333333,0.006676478,0.0015352113333333,0.0069601016666666,0.001960566,0.011446026,0.0196305043333333,0.0002187776666666,0.0076076,0.03264239
