0.0091244803333333,0.001815082,0.0007576586666666,0.0018213973333333,0.0018929556666666,0.0003370736666666,0.002636557,0.0021005476666666,0.000135726,0.0006769206666666,0.0059014933333333
0.0028425063333333,0.013867853,0.0045864403333333,0.0008147853333333,0.00485268,0.0006249833333333,0.0121553383333333,0.0026641256666666,3.27346666666667e-05,0.0007565053333333,0.0069931906666666
0.000526253,0.0148549296666667,0.0010351153333333,0.0015335103333333,0.003472014,0.003421426,0.0021557206666666,0.0027083326666666,0.001573758,0.000412115,0.0055715093333333
0.0020243866666666,0.0022475763333333,0.0002200303333333,0.0007336763333333,0.000410901,0.0003436426666666,0.000850184,0.0007150306666666,5.25123333333333e-05,0.0002530753333333,0.0006781696666666
0.0033508946666666,0.0094410166666666,0.0006256163333333,0.000743004,0.0064890256666666,0.0007491203333333,0.0035541226666666,0.0037458686666666,7.12773333333333e-05,0.000828995,0.0021269016666666
0.000626039,0.0028147233333333,0.0012882023333333,0.0006331123333333,0.001179005,0.0006226173333333,0.0009490113333333,0.0003993533333333,0.000387769,0.0001571783333333,0.001224098
0.0021660083333333,0.0173495713333333,0.002130088,0.0009884276666666,0.006546415,0.0007988363333333,0.002045388,0.0058183653333333,0.000726911,0.0036470023333333,0.011701365
0.007184484,0.0053583683333333,0.003619287,0.002053901,0.0064159226666666,0.0015709036666666,0.0081104926666666,0.0135590856666667,0.000702493,0.0024207933333333,0.0118498763333333
9.39473333333333e-05,5.71013333333333e-05,0.0002025136666666,1.0797e-05,0.0004817886666666,3.33333333333333e-06,0.0039223686666666,4.4904e-05,0.001369994,0.0028656493333333,3.96133333333333e-05
0.0015939923333333,0.0050304893333333,0.0002109836666666,0.0005608026666666,0.0013892073333333,0.0016836306666666,0.0026841383333333,0.0022795583333333,0.0007952786666666,0.0002107813333333,0.0019970613333333
0.013006596,0.0128753613333333,0.0082226553333333,0.0036453773333333,0.0088157983333333,0.0017031376666666,0.0134741363333333,0.01687226,0.0003212383333333,0.0032037943333333,0.0346939133333333
