0.0045623633333333,0.0010719793333333,0.0038858533333333,0.005502042,0.0025425183333333,0.0004072706666666,0.0020647208333333,0.0011659963333333,6.55655e-05,0.0006058473333333,0.0061073043333333
0.0012253933333333,0.006335707,0.0016654186666666,0.0015556523333333,0.0090650613333333,0.0025058406666666,0.0036999393333333,0.001537655,0.000402079,0.000575779,0.0066866203333333
0.0004697206666666,0.0082256196666666,0.0009964043333333,0.0025367013333333,0.004188301,0.0021218296666666,0.0016643933333333,0.0023611903333333,0.0022431343333333,0.0011203776666666,0.0054100896666666
0.002028809,0.0011699433333333,0.0002123936666666,0.0019628766666666,0.0006093903333333,0.0003369663333333,0.0003440023333333,0.0005661976666666,4.6175e-05,0.000140703,0.0005649643333333
0.0020338466666666,0.0099333666666666,0.0017047206666666,0.0033704146666666,0.0037658273333333,0.0013506273333333,0.0023813223333333,0.006594255,0.000270277,0.002665949,0.0036715463333333
0.000477245,0.0022926886666666,0.0015503463333333,0.0006943533333333,0.0015987936666666,0.0010495866666666,0.0004440033333333,0.001392466,0.0003894086666666,0.000724884,0.0026121483333333
0.0049368386666666,0.0133589603333333,0.004546284,0.0030218476666666,0.002903349,0.0008942013333333,0.00169619,0.0054973346666666,0.003808332,0.0023893966666666,0.0103786736666667
0.003625825,0.0031823593333333,0.004876211,0.0014384993333333,0.005328407,0.0017845706666666,0.0085626506666666,0.012967024,0.000299382,0.0034416553333333,0.010656731
5.10793333333333e-05,0.000547244,0.001009839,1.86153333333333e-05,0.000258339,0.0,0.004349818,0.000120891,0.0011225333333333,0.0043779536666666,6.66666666666667e-06
0.0016537366666666,0.008200684,0.0014243703333333,0.000822496,0.0029208303333333,0.0007256743333333,0.001899584,0.002148055,0.0003833766666666,0.000490828,0.0020012043333333
0.0149648703333333,0.0104364996666667,0.0068390463333333,0.0014681233333333,0.011481736,0.0036543096666666,0.0061324383333333,0.026700291,0.0007143893333333,0.0036799103333333,0.0468393866666667
