0.004430576,0.0036475873333333,0.00083813,0.0016611726666666,0.003056285,0.0009589626666666,0.0018232451666666,0.0023905803333333,0.0003904085,0.001939576,0.010040761
0.0043611716666666,0.0186009056666667,0.0033284556666666,0.0047094153333333,0.0094007573333333,0.0029742006666666,0.0065927583333333,0.0031675,0.000711949,0.002343217,0.0043377546666666
0.0009515776666666,0.009357851,0.001139022,0.0022875936666666,0.004109383,0.0038497163333333,0.0024812006666666,0.0028730846666666,0.001636568,0.0017439866666666,0.0058161503333333
0.0005240883333333,0.0040768563333333,0.0010130033333333,0.00138299,0.0021410513333333,0.000564632,0.0017163553333333,0.0008085113333333,0.0001928903333333,0.0004456843333333,0.000588958
0.0031844576666666,0.0229582973333333,0.0024677423333333,0.001627901,0.0037284553333333,0.003100231,0.0028237726666666,0.0047773283333333,0.0009135243333333,0.001845862,0.0070345383333333
0.000682303,0.005177965,0.001011337,0.0006102206666666,0.0020028296666666,0.0012963683333333,0.000656204,0.001376594,0.0002972843333333,0.000366564,0.00189683
0.003906568,0.0196319406666667,0.002386585,0.0022291566666666,0.0057741776666666,0.0014811376666666,0.0016757603333333,0.0081146113333333,0.0011435856666666,0.002900885,0.0078853126666666
0.0074241306666666,0.0109069153333333,0.005074585,0.0042850373333333,0.0099343733333333,0.0048304576666666,0.0069288093333333,0.0293514406666667,0.0019951633333333,0.004517171,0.05189918
7.38246666666667e-05,0.0005957516666666,0.0010517796666666,0.000258293,0.0004456296666666,8.2838e-05,0.004207735,0.000279632,0.0017226363333333,0.0065615163333333,0.0001347156666666
0.002372511,0.0113519416666667,0.0018833483333333,0.001108297,0.002584037,0.0007241343333333,0.002671408,0.002028965,0.0009281743333333,0.000385433,0.0025812993333333
0.0168248383333333,0.014321451,0.0084355163333333,0.003165634,0.0097311133333333,0.0034201723333333,0.0114781416666667,0.0308739626666667,0.0013172503333333,0.006733261,0.0399089466666667
