0.0035978483333333,0.0011549303333333,0.0004204886666666,0.000128234,0.0016052113333333,0.000652299,0.0016861876666666,0.000429882,2.73466666666667e-06,0.0005731486666666,0.00354159
0.0013565263333333,0.0062998473333333,0.003126442,0.0005067336666666,0.0055768693333333,0.0022443073333333,0.0096713486666666,0.001740753,1.10956666666667e-05,0.0003051646666666,0.0033574056666666
0.0003548273333333,0.0043463206666666,0.002798427,0.0020446353333333,0.005323895,0.00273992,0.002054233,0.0016652613333333,0.0008692903333333,0.0025172573333333,0.0043222706666666
0.0002473726666666,0.0018732733333333,0.0001482963333333,0.0006606813333333,0.0009696776666666,0.0001538853333333,0.0004703523333333,0.0005627266666666,0.0,0.0001851706666666,0.000916442
0.0016696653333333,0.0100270423333333,0.002512645,0.0007799456666666,0.0011325823333333,0.000446636,0.0041982586666666,0.002774958,5.11533333333333e-05,0.0005503123333333,0.0044662103333333
0.0003891506666666,0.001543048,0.0010908766666666,0.0012540303333333,0.001343094,0.001383862,0.0013384406666666,0.000210999,0.0002867826666666,0.0004595886666666,0.0013194486666666
0.0016005043333333,0.0085804583333333,0.0010727496666666,0.0014815696666666,0.0039557123333333,0.0014430613333333,0.0006116776666666,0.0057296493333333,0.002125657,0.004013512,0.006211396
0.003317962,0.0031606333333333,0.0031458336666666,0.0012404543333333,0.0038109373333333,0.0018911966666666,0.0077126233333333,0.0109651813333333,0.0001313006666666,0.0025265633333333,0.007710121
3.33333333333333e-06,2.43906666666667e-05,0.000104096,8.989e-06,0.0006799153333333,1.75946666666667e-05,0.005165124,0.0010788266666666,0.0006784403333333,0.0042762583333333,9.82533333333333e-06
0.0009496086666666,0.0014454853333333,0.0009009696666666,0.000337601,0.0009839616666666,0.0004322256666666,0.002149966,0.000985584,0.000494662,0.000584695,0.001515758
0.0123980556666667,0.006319545,0.0066646916666666,0.001812072,0.004516095,0.0040105326666666,0.0096660976666666,0.015520371,8.88693333333333e-05,0.0037987453333333,0.0220070296666667
