0.0042455116666666,0.0039383223333333,2.67326666666667e-05,0.008468668,0.0044415973333333,0.000554988,4.77033333333333e-06,0.001731084,0.0,2.61103333333333e-05,0.007746899
0.0033160916666666,0.015736092,0.0033272373333333,0.0201314063333333,0.0076169676666666,0.0019165353333333,0.000120678,0.0062644736666666,0.0,0.0003084206666666,0.0097721143333333
0.0014845146666666,0.006680518,0.001970319,0.005269227,0.0054744436666666,0.0015309746666666,0.0,0.002118473,0.0015069106666666,3.54496666666667e-05,0.0063347716666666
0.0037847306666666,0.000201363,0.0,0.017545624,6.66666666666667e-06,6.66666666666667e-06,3.33333333333333e-06,0.0005829466666666,0.0,2.5228e-05,0.0152254156666667
0.0020995153333333,0.0185140073333333,0.0023560003333333,0.016729328,0.007101454,0.0017241553333333,2.86086666666667e-05,0.007120863,8.31566666666667e-06,0.0003936606666666,0.0064601276666666
0.0005782216666666,0.003483796,0.0016336376666666,0.0029800206666666,0.0024729656666666,0.0008087956666666,7.974e-06,0.0014578926666666,0.0,6.05796666666667e-05,0.0025114093333333
0.0029805566666666,0.0289768423333333,0.0046938303333333,0.0237836303333333,8.93906666666667e-05,1.78873333333333e-05,0.002077818,0.0121279243333333,0.0015330616666666,0.004439053,0.014308228
0.0046677163333333,0.0115008156666667,0.004707336,0.0220294313333333,0.007370379,0.001812704,3.44813333333333e-05,0.0303287573333333,3.33333333333333e-06,0.001627615,0.0135172063333333
8.87876666666667e-05,1e-05,0.0001423623333333,0.001033962,3.33333333333333e-06,3.37856666666667e-05,0.0058322046666666,0.000437326,0.0015202353333333,0.0065068486666666,0.0002220293333333
0.001187696,0.0005104746666666,0.0008423366666666,0.0058342306666666,2.16256666666667e-05,0.0004782586666666,0.0044340613333333,0.0015508026666666,0.0013703196666666,0.0002754406666666,0.0013713
0.0125260086666667,0.0149546626666667,0.0012858646666666,0.030876144,0.0072347216666666,0.0021250126666666,1.66666666666667e-05,0.0183020136666667,0.0002540686666666,0.0014190156666666,0.0427536033333333
