0.0044684976666666,0.0030185206666666,1.66666666666667e-05,0.0060592273333333,0.0042353193333333,0.001877701,2.66175e-05,0.0029978433333333,1.31885e-05,6.5886e-05,0.007722024
0.007710344,0.0213876313333333,0.0041439563333333,0.014888492,0.0091291313333333,0.0034372333333333,6.94273333333333e-05,0.0061881296666666,3.33333333333333e-06,0.000166183,0.007445061
0.001771318,0.008703191,0.003835162,0.0092616426666666,0.0060977526666666,0.002951712,3.33333333333333e-06,0.0029912653333333,0.0029432586666666,6.5653e-05,0.0084697246666666
0.004566169,0.0004685606666666,6.66666666666667e-06,0.0204157863333333,1.66666666666667e-05,1e-05,1e-05,0.001309963,6.66666666666667e-06,5.31753333333333e-05,0.0149249016666667
0.0026948096666666,0.0200142303333333,0.001572934,0.014703491,0.0047744376666666,0.0031475213333333,6.66666666666667e-06,0.011021113,0.0004919843333333,0.0002181173333333,0.0075734146666666
0.0012217023333333,0.0053331513333333,0.0013667866666666,0.0025296126666666,0.0020597756666666,0.001295691,5e-06,0.0012968326666666,1e-05,3.24526666666667e-05,0.0021021796666666
0.004082466,0.0013349873333333,0.0033253976666666,0.023805046,0.000148183,0.0001002186666666,0.0018481233333333,0.0121665043333333,0.0032161116666666,0.0042234923333333,0.013454004
0.0094870983333333,0.0160112123333333,0.0061011053333333,0.0246054803333333,0.010009015,0.0046903563333333,8.055e-05,0.029095687,3.33333333333333e-06,0.0004863336666666,0.023783388
0.0001598786666666,6.66666666666667e-06,0.0051026083333333,0.0012733663333333,1.88946666666667e-05,0.00059137,0.0049990396666666,0.000553942,0.003064909,0.007955762,0.0003181223333333
0.0019302213333333,0.000474384,0.0014172843333333,0.0069286943333333,7.5066e-05,0.0005644553333333,0.004193535,0.00242492,0.0012750763333333,0.0009605333333333,0.0021048956666666
0.014927501,0.0172490283333333,0.000487202,0.0483336566666667,0.0075069233333333,0.0045582983333333,0.0001289873333333,0.025900652,4.5149e-05,0.00154377,0.04400346
