0.0030509503333333,0.00168999,0.0008654346666666,6.52473333333333e-05,0.001218672,0.000123152,0.0026046036666666,0.0003184453333333,0.000791628,0.000530225,0.0041165036666666
0.0014537606666666,0.0084440393333333,0.001285482,0.001026685,0.0027779086666666,0.0009422453333333,0.0065173766666666,0.001302934,3.2371e-05,0.0015121386666666,0.0071232196666666
0.0002040396666666,0.007824206,0.0017929443333333,0.003609594,0.0031833886666666,0.0034527226666666,0.001052197,0.00333945,0.002319109,0.0029597633333333,0.005515361
0.002626533,0.0017176783333333,0.0003170903333333,0.001900069,0.0005961593333333,0.0005293536666666,0.00198928,0.000248964,2.07866666666667e-05,0.0001585196666666,0.000207004
0.0012883423333333,0.0046158986666666,0.000350767,0.0001126743333333,0.0010529286666666,0.0005120413333333,0.0057026376666666,0.002573184,4.88103333333333e-05,0.0008335096666666,0.0022979963333333
0.000230001,0.002745612,0.0009960963333333,0.0012312603333333,0.0016525596666666,0.0005859803333333,0.0010058946666666,0.000409241,0.0001474013333333,0.0001862763333333,0.0010316553333333
0.001833911,0.0088054136666666,0.0013178993333333,0.0006657526666666,0.0051960203333333,0.0007521083333333,0.0020260366666666,0.0114485953333333,0.001588444,0.005133513,0.011179396
0.0016796543333333,0.0073447126666666,0.0041589056666666,0.0010026153333333,0.0042928176666666,0.0013176156666666,0.0098500263333333,0.0092754153333333,0.000313925,0.004295978,0.005326702
4.784e-06,9.41133333333333e-06,0.000396042,4.94133333333333e-06,2.25903333333333e-05,3.34493333333333e-05,0.0045131066666666,5.69566666666667e-05,0.0014357426666666,0.004133189,1.46746666666667e-05
0.0009141473333333,0.002241063,0.0004104846666666,0.0001576403333333,0.0005697266666666,0.0003204873333333,0.0034313443333333,0.001652373,0.000534248,0.0009014773333333,0.0009037393333333
0.0108832823333333,0.0122100783333333,0.006328238,0.0024429276666666,0.0039752113333333,0.0010010363333333,0.013481472,0.011583727,0.0004886516666666,0.0041448653333333,0.015811698
