0.0038085303333333,0.0008603366666666,0.0008620486666666,0.0009417196666666,0.0015320836666666,0.000844468,0.001370528,0.001073478,2.86863333333333e-05,0.0006611913333333,0.0016449253333333
0.0037444186666666,0.0071377646666666,0.0008103643333333,0.0007082616666666,0.0020648053333333,0.0008047293333333,0.0033576666666666,0.0016309153333333,8.5683e-05,0.001326441,0.0022575856666666
0.0009510986666666,0.0053738403333333,0.001889363,0.0047859976666666,0.0035073673333333,0.0036716663333333,0.0036297183333333,0.0009913293333333,0.001351256,0.0021748283333333,0.0043696986666666
0.0015328556666666,0.0006401823333333,0.0002026323333333,0.0018545173333333,0.000955946,9.94823333333333e-05,0.002252114,0.0003916853333333,3.33333333333333e-06,9.76563333333333e-05,0.0010562843333333
0.0009853683333333,0.0048349433333333,0.0012482443333333,0.0010539846666666,0.000958182,0.000232005,0.0038308796666666,0.0012637023333333,5.29483333333333e-05,0.0010821253333333,0.002064215
0.0004960703333333,0.0026710376666666,0.0005410666666666,0.000466423,0.0016801406666666,0.0022863343333333,0.000513947,0.0001182166666666,0.0002557133333333,0.000407942,0.0017184276666666
0.0029959583333333,0.007440232,0.0013013793333333,0.0009341993333333,0.0023639283333333,0.0005152323333333,0.001769436,0.0027225716666666,0.0019777493333333,0.002220714,0.0034468086666666
0.0015496476666666,0.002104105,0.003668355,0.0002527946666666,0.0032270203333333,0.001864028,0.008173685,0.0105966683333333,0.000206352,0.0017155663333333,0.0073803736666666
6.24013333333333e-05,0.0,0.0023979786666666,0.0,3.0016e-05,0.0,0.0050311933333333,6.25083333333333e-05,0.0016627986666666,0.005376852,2.76253333333333e-05
0.0008296663333333,0.0017911893333333,0.0005088313333333,0.0001009903333333,0.0006911803333333,0.0002980716666666,0.0016519593333333,0.0013550183333333,0.002069251,0.002663196,0.0008227136666666
0.0115413996666667,0.0123518226666667,0.0074484046666666,0.0027297376666666,0.0048633976666666,0.0016043446666666,0.010910522,0.0172305636666667,0.0002117733333333,0.005423598,0.04292423
