0.0035272263333333,0.001026377,0.0005378943333333,0.0023573036666666,0.0027158996666666,0.0002494616666666,0.0044008603333333,0.0008758836666666,3.67546666666667e-05,0.000393281,0.007390561
0.002231392,0.010592872,0.0020489196666666,0.0007585566666666,0.0034073696666666,0.0005029746666666,0.005723133,0.005544408,7.2166e-05,0.0011754613333333,0.0051133476666666
0.000816047,0.005901214,0.002432457,0.003406214,0.0033761866666666,0.001454066,0.0028917653333333,0.0047044286666666,0.0013563826666666,0.0011338373333333,0.0047448136666666
0.001819681,0.003235337,0.0001580396666666,0.0008750396666666,0.0005617393333333,0.0003267833333333,0.0005438313333333,0.0005581843333333,3.6295e-05,0.0001359386666666,0.000494626
0.002204679,0.010936553,0.000608033,0.0002522126666666,0.0014147976666666,0.001559474,0.0018751316666666,0.0041805586666666,0.0001271046666666,0.000790522,0.0024974496666666
0.0002828356666666,0.0032574646666666,0.0006211733333333,0.000452076,0.0011803776666666,0.0003096313333333,0.0007177893333333,0.0011945743333333,0.0007258496666666,0.0001045066666666,0.0007877176666666
0.0032522206666666,0.0149615943333333,0.000984473,0.0020252213333333,0.0041659373333333,0.0024955496666666,0.001644275,0.007926734,0.001704892,0.0050676866666666,0.0130380493333333
0.0043121276666666,0.0073019596666666,0.0014667806666666,0.0016039946666666,0.0057070076666666,0.0008636573333333,0.008214809,0.0230617693333333,0.000136376,0.0033504053333333,0.008792453
0.000214264,0.0001202766666666,0.0006136923333333,1.56373333333333e-05,0.000609615,1e-05,0.003007204,6.21993333333333e-05,0.0012041353333333,0.0036363446666666,0.0001149403333333
0.002270257,0.006507144,0.00022763,0.0001466566666666,0.0016489843333333,0.0001069003333333,0.0025706693333333,0.0053414206666666,0.0002007563333333,0.001079616,0.0016210613333333
0.0175402566666667,0.008976157,0.0067633283333333,0.0011750483333333,0.0069495603333333,0.0013217276666666,0.0151098296666667,0.0157820903333333,0.0002105796666666,0.003150715,0.0316074126666667
