0.0041537206666666,0.001184151,0.0001220663333333,0.002331463,0.001793866,8.58946666666667e-05,0.0012939723333333,0.0006926556666666,2.58416666666667e-05,0.0011357836666666,0.0051100826666666
0.0015481793333333,0.0124015193333333,0.000792295,0.0032012046666666,0.005461709,0.0016859373333333,0.0028294,0.0019290003333333,0.0004702863333333,0.0017266063333333,0.0026320273333333
0.0003690496666666,0.0026334813333333,0.001697124,0.0021093096666666,0.0010385863333333,0.0033328096666666,0.00338885,0.0007296456666666,0.0017937526666666,0.0023620426666666,0.0026915896666666
0.000213278,0.0015190366666666,0.0001583233333333,0.001503305,0.0007205683333333,0.0011009953333333,0.0002721173333333,0.0017397056666666,7.16466666666667e-06,0.0006854236666666,0.0018780206666666
0.00096575,0.0063122703333333,0.000637247,0.0003623623333333,0.0011317993333333,0.0003917003333333,0.0019197106666666,0.001249605,9.72523333333333e-05,0.002753298,0.0014254356666666
0.0005402316666666,0.0028199783333333,0.000924168,0.0002785533333333,0.0022000473333333,0.0029128886666666,0.0004524453333333,0.000483651,0.0002386836666666,0.001097876,0.0014997473333333
0.0007614516666666,0.014557218,0.001026116,0.0002763246666666,0.0018368636666666,0.0004744353333333,0.0012385133333333,0.0040444476666666,0.002041276,0.007224606,0.005471948
0.0028377693333333,0.003337155,0.0011200743333333,0.0008156643333333,0.0017632483333333,0.0006103316666666,0.005007916,0.012399547,0.0001497133333333,0.002028052,0.0096399186666666
6.66666666666667e-06,3.33333333333333e-06,0.0008846656666666,0.0,4.25386666666667e-05,4.09466666666667e-06,0.000594967,1.33406666666667e-05,0.0005789086666666,0.0021386093333333,8.72533333333333e-06
0.0014997283333333,0.0037988756666666,0.0007375436666666,0.0011030016666666,0.0023338443333333,0.001160244,0.002159861,0.001548321,0.000581391,0.003948063,0.0021941586666666
0.0087658316666666,0.0062423176666666,0.005939453,0.002305895,0.0053665866666666,0.000474153,0.006991713,0.0171801273333333,0.0001947843333333,0.003891021,0.0202455893333333
