0.0096596766666666,0.0025111906666666,0.000708959,0.0003801376666666,0.0021199816666666,0.0004223526666666,0.0022757313333333,0.002052179,0.000158212,0.001418779,0.0071869023333333
0.0062852466666666,0.013771074,0.0013339086666666,0.0016620206666666,0.0073298446666666,0.0031024023333333,0.0044945086666666,0.002694075,0.001584238,0.002594451,0.007914043
0.0004964746666666,0.007523225,0.0022107196666666,0.002139547,0.001815995,0.0031016113333333,0.00117471,0.001138203,0.001449661,0.0027188806666666,0.003676799
0.0003006466666666,0.0027785273333333,0.0001470266666666,0.0018820636666666,0.001058504,0.0009594663333333,0.0007657046666666,0.0007138453333333,3.33333333333333e-06,0.0010648993333333,0.0012200016666666
0.0012089323333333,0.0114020966666667,0.000825997,0.0015299393333333,0.003873,0.0009333283333333,0.0023111776666666,0.0028395366666666,0.000441694,0.0026797256666666,0.0043497973333333
0.0009015956666666,0.003476884,0.0013229373333333,0.0004790696666666,0.002353461,0.0016534146666666,0.000917784,0.0008855296666666,0.0003467513333333,0.0009526203333333,0.0020212576666666
0.0012655426666666,0.0156359556666667,0.0015515286666666,0.000409651,0.003046638,0.0004935253333333,0.0026517646666666,0.0060774473333333,0.0031043203333333,0.0070946503333333,0.0103211993333333
0.0039967336666666,0.0063263453333333,0.00171003,0.0020298483333333,0.0044624446666666,0.001737775,0.0098197623333333,0.021867058,0.0011439483333333,0.004071641,0.0119799473333333
0.0,3.33333333333333e-06,0.0005665126666666,0.0,6.39373333333333e-05,0.0,0.00192153,2.10373333333333e-05,0.0009268106666666,0.0028598703333333,0.0
0.004248833,0.009884914,0.004669588,0.004127375,0.0078019583333333,0.0045815946666666,0.0067314686666666,0.0029867236666666,0.000862527,0.0030797443333333,0.0112545026666667
0.008186604,0.017672153,0.0072143766666666,0.004375786,0.008925978,0.0029302596666666,0.0146554323333333,0.0289220026666667,0.0003728783333333,0.0069126126666666,0.0339639133333333
