0.0034411236666666,0.0018470803333333,0.0018360366666666,0.000172738,0.00138508,0.000484614,0.0013888383333333,0.000692258,8.984e-06,0.000424532,0.0033696573333333
0.003506138,0.0086160283333333,0.001701736,0.001928174,0.0026350336666666,0.002222542,0.0092478636666666,0.001850097,0.000158024,0.0008680883333333,0.003395614
0.0004155706666666,0.004598581,0.0008236753333333,0.0018799156666666,0.0035357073333333,0.0015302873333333,0.0021809533333333,0.0026783296666666,0.0007243006666666,0.001782147,0.0049461993333333
0.000244434,0.001317038,0.000824346,0.0008225006666666,0.001166737,0.0003942473333333,0.001164243,0.0008309543333333,7.59466666666667e-06,0.0004664053333333,0.000838006
0.002239911,0.0151152416666667,0.0006430313333333,0.0002456073333333,0.005220131,0.00114865,0.006727947,0.001793119,4.10123333333333e-05,0.0016677573333333,0.0015484483333333
0.0003278906666666,0.0020161666666666,0.001346391,0.0005684806666666,0.0011702,0.0004176673333333,0.0008344913333333,0.000158654,9.878e-05,0.000376961,0.0010252256666666
0.0030080626666666,0.0107909486666667,0.0035681166666666,0.0042819963333333,0.0036118,0.000575411,0.0025713143333333,0.0060455006666666,0.0022966986666666,0.003158436,0.011265804
0.004169141,0.0035986443333333,0.004056016,0.000855962,0.0036360016666666,0.0006684256666666,0.00923414,0.010366382,0.0005083956666666,0.0025385106666666,0.0077554633333333
3.33333333333333e-06,1.70666666666667e-05,0.0007604726666666,2.12093333333333e-05,5.10003333333333e-05,6.66666666666667e-06,0.00436797,2.29493333333333e-05,0.0012754746666666,0.003604625,5.5748e-05
0.000957991,0.001440277,0.0002298973333333,0.001757269,0.0017040896666666,0.0003941046666666,0.0036610366666666,0.0010900576666666,0.0003042433333333,0.000276504,0.000856989
0.012381224,0.0041746916666666,0.0068043513333333,0.0015716346666666,0.0067547893333333,0.0014910086666666,0.014150493,0.013716542,0.000310089,0.002812616,0.0208438866666667
