0.003879431,0.0008410636666666,0.00055832,0.0003418803333333,0.0009628053333333,0.000249219,0.0036251093333333,0.00046701,1.22888333333333e-05,0.0003507196666666,0.0024766563333333
0.0008241843333333,0.008068852,0.0004929093333333,0.0052199873333333,0.002239631,0.000799475,0.004439759,0.0010124306666666,0.0010591176666666,0.0005904956666666,0.0056951503333333
0.0005506776666666,0.0062918483333333,0.002127649,0.003076017,0.002634712,0.002258414,0.00085179,0.0009530363333333,0.001242083,0.0025046466666666,0.004453106
0.0001679146666666,0.0009234163333333,0.0001809866666666,0.0025114326666666,0.0004396856666666,0.00104651,0.0003366686666666,0.0003130803333333,6.66666666666667e-06,0.0001110336666666,0.0005971856666666
0.0008346136666666,0.0031738016666666,0.0007101983333333,0.0003006803333333,0.0002798736666666,0.0002793063333333,0.0016352663333333,0.0005920056666666,2.7872e-05,0.0012951583333333,0.0014298336666666
0.0004269543333333,0.0009801123333333,0.0006461923333333,0.000363562,0.0019940226666666,0.0017391353333333,0.0007200443333333,0.0001701693333333,0.00025847,0.0003372163333333,0.001797892
0.0010743666666666,0.0051530533333333,0.002351928,0.000238982,0.000412956,0.000416702,0.0011897093333333,0.0027361253333333,0.003624931,0.002217086,0.0061907436666666
0.0020923243333333,0.0018195113333333,0.0035379173333333,0.0002743386666666,0.000838508,0.0003583006666666,0.006751913,0.0065007723333333,9.90786666666667e-05,0.0017587803333333,0.0027839726666666
3.33333333333333e-06,0.0,0.0002062653333333,0.0,2.2225e-05,0.0,0.0046450366666666,3.33333333333333e-06,0.0009684336666666,0.0049665736666666,3.33333333333333e-06
0.0008031033333333,0.0061610276666666,0.000248063,0.0001592266666666,0.0004387116666666,0.0002160496666666,0.0018509886666666,0.000543167,0.0005686883333333,0.0007706296666666,0.0003845786666666
0.009025781,0.0087450976666666,0.0069227946666666,0.0014743836666666,0.0031589056666666,0.0024783626666666,0.0083553993333333,0.0203317143333333,8.56373333333333e-05,0.002647354,0.0176339776666667
