0.0031706886666666,0.0027243946666666,0.0004147036666666,0.001923635,0.0011579616666666,0.0001025616666666,0.0017175726666666,0.0006021056666666,8.81826666666667e-05,0.000503731,0.0045535746666666
0.00257967,0.0126711666666667,0.0019840766666666,0.000583051,0.0028384966666666,0.0003213533333333,0.006490712,0.0008580473333333,2.36523333333333e-05,0.0007612376666666,0.002696758
0.0009175156666666,0.0064377276666666,0.002911417,0.0013839186666666,0.003024704,0.001037422,0.0010866446666666,0.0015491556666666,0.0005932366666666,0.0006991166666666,0.005504243
0.0004519816666666,0.0024585496666666,7.33356666666667e-05,0.000288482,0.0010728306666666,0.000111867,0.001369378,0.0005278603333333,3.33333333333333e-06,0.0001009323333333,0.0002641756666666
0.0021702753333333,0.010775283,0.0009219076666666,0.0001913746666666,0.0064612346666666,0.000902759,0.0040402816666666,0.0039769286666666,7.5845e-05,0.0013869216666666,0.0023161496666666
0.000391522,0.002597931,0.000791087,0.00057518,0.0021517453333333,0.0011259233333333,0.0005965313333333,0.0002906386666666,0.0003377313333333,0.0004052203333333,0.0023451693333333
0.0020918496666666,0.0194950036666667,0.0017773103333333,0.0011432223333333,0.002437277,0.000390066,0.001995256,0.00655534,0.0013799333333333,0.004252492,0.0107747643333333
0.004531483,0.0054950603333333,0.0033882696666666,0.0004415056666666,0.0023191873333333,0.001953979,0.009486523,0.013294802,0.0002426446666666,0.0022660426666666,0.0070186893333333
1.49346666666667e-05,0.0001846113333333,0.000776807,5.65066666666667e-06,0.0002323246666666,3.33333333333333e-06,0.0044343593333333,0.000320244,0.0006295393333333,0.0033571786666666,4.10356666666667e-05
0.0012556293333333,0.0049149856666666,0.000317757,0.000568637,0.001458961,0.0002947696666666,0.0024787466666666,0.0021210423333333,0.000891578,0.000284406,0.002353614
0.0130843166666667,0.0066220996666666,0.0047917086666666,0.0038473116666666,0.0053319863333333,0.000801245,0.015820732,0.0217286026666667,0.0001495433333333,0.00727704,0.03561368
