0.0070385276666666,0.0038831493333333,0.0012304176666666,0.005173485,0.0023158746666666,0.0011646683333333,0.0021024058333333,0.001397981,6.19411666666667e-05,0.0028707083333333,0.0076412843333333
0.0042430306666666,0.0200396503333333,0.0016819503333333,0.002446198,0.016207918,0.003805355,0.0056787173333333,0.004102725,0.000403661,0.0047466826666666,0.0065713543333333
0.0013395106666666,0.009075626,0.0019977993333333,0.0030969966666666,0.0024356683333333,0.0018391216666666,0.0019968523333333,0.0014879893333333,0.0031779233333333,0.0043282936666666,0.0045886193333333
0.0010114846666666,0.004430745,0.0003875516666666,0.0018057233333333,0.001257465,0.003063288,0.002194001,0.000875091,2.34176666666667e-05,0.0019183896666666,0.000898158
0.0016418593333333,0.00979427,0.0019877186666666,0.0005820113333333,0.005576441,0.0032448766666666,0.0027666996666666,0.001291904,0.0007275693333333,0.0050415396666666,0.0054605046666666
0.0006709836666666,0.003029844,0.0009381086666666,0.001718546,0.0061551476666666,0.0013918906666666,0.0007591813333333,0.0010788913333333,0.000133785,0.001879618,0.0028038296666666
0.0020360143333333,0.0409336833333333,0.002767189,0.0034257506666666,0.0040509023333333,0.0011269283333333,0.0018785093333333,0.0060385736666666,0.0020131573333333,0.0103551386666667,0.0100619166666667
0.0052281033333333,0.0045514276666666,0.0025638273333333,0.0016700043333333,0.0040499646666666,0.0024509,0.007290172,0.0180407406666667,0.0007045,0.0038373456666666,0.0157902136666667
4.79066666666667e-06,3.94846666666667e-05,0.0003036776666666,3.33333333333333e-06,5.76593333333333e-05,6.66666666666667e-06,0.001117836,0.000105562,0.0009543943333333,0.0024671106666666,7.98376666666667e-05
0.006223295,0.0186216686666667,0.0069818373333333,0.0056056836666666,0.0104445,0.0080166943333333,0.0031652206666666,0.0036603836666666,0.001027929,0.0069395123333333,0.011709622
0.015607122,0.015853282,0.0090949026666666,0.0043932246666666,0.013606371,0.002868285,0.0079970896666666,0.0232446366666667,0.001356436,0.0077959833333333,0.0346046
