0.002414986,0.0014415703333333,0.0006100933333333,0.006146666,0.002390214,9.46296666666667e-05,0.0049987786666666,0.0006814646666666,5.64516666666667e-05,0.0007397603333333,0.0043662736666666
0.0015908843333333,0.013239558,0.0020139716666666,0.0014769186666666,0.007682665,0.0015828146666666,0.0100053343333333,0.0024717593333333,0.000390518,0.001240891,0.0076550116666666
0.0006253813333333,0.0085404053333333,0.0025313066666666,0.0041263106666666,0.0035157976666666,0.0018592416666666,0.0016146986666666,0.0030452683333333,0.0016994023333333,0.0019725803333333,0.005761905
0.0037597126666666,0.0015457843333333,0.0001304143333333,0.0008193823333333,0.0001636686666666,0.0001965726666666,0.001009376,0.000421403,0.0,0.0008567153333333,0.0004095356666666
0.0016100433333333,0.0093282043333333,0.00069007,0.000152166,0.002056897,0.000348749,0.0051815276666666,0.0041475106666666,0.000181333,0.001707253,0.0012103276666666
0.0003605413333333,0.0030111716666666,0.000720237,0.0007805823333333,0.0021536253333333,0.001629935,0.0010683606666666,0.0013731193333333,0.0001660006666666,0.000248512,0.0018030906666666
0.0016597063333333,0.0132577046666667,0.0017135306666666,0.000904146,0.0052227776666666,0.0012812236666666,0.0036605393333333,0.013080152,0.0016926436666666,0.0067759283333333,0.012058594
0.00436982,0.007144473,0.005234208,0.0018187963333333,0.0070139786666666,0.0011282396666666,0.0127940283333333,0.0198096666666667,0.0013664596666666,0.0048967663333333,0.011004616
1.37373333333333e-05,0.0001752723333333,0.002098066,7.656e-06,5.75453333333333e-05,1.18126666666667e-05,0.0052663766666666,0.000103934,0.0015058266666666,0.0049103223333333,0.000452592
0.001279583,0.002759079,0.0005395566666666,0.0006763983333333,0.000935519,0.0004254563333333,0.0047334796666666,0.0011126213333333,0.000731447,0.000772378,0.0014797976666666
0.0091697693333333,0.0136879713333333,0.0065064053333333,0.002014802,0.003818478,0.0039100176666666,0.015409326,0.013928965,0.000661736,0.0059485336666666,0.0269574886666667
