0.0030187583333333,0.0017401273333333,3.33333333333333e-06,0.0026986703333333,0.0041341946666666,0.0001472596666666,5.84e-06,0.0011934793333333,5.19526666666667e-05,2.0518e-05,0.00474055
0.0016679573333333,0.0047807546666666,0.000988681,0.0067483883333333,0.003869944,0.0013447466666666,2.4304e-05,0.009936581,6.66666666666667e-06,8.0891e-05,0.002400639
0.0005500956666666,0.0037573716666666,0.0011484366666666,0.0046876733333333,0.0028937173333333,0.002304895,0.0,0.004025665,0.0012366756666666,2.33333333333333e-05,0.004568019
0.0019505613333333,1.2305e-05,3.33333333333333e-06,0.0085172013333333,0.0,0.0,0.0,0.000426768,7.89466666666667e-06,3.33333333333333e-06,0.0112319606666667
0.001790899,0.0083025813333333,0.0017184213333333,0.0115360086666667,0.003698004,0.002017654,3.12556666666667e-05,0.0101808916666667,1.49943333333333e-05,0.000673406,0.0034554283333333
0.0004080186666666,0.0013282136666666,0.001191143,0.00172212,0.0010868206666666,0.0009804973333333,0.0,0.0019719486666666,0.0,5.98546666666667e-05,0.0016033976666666
0.001336608,0.0007195743333333,0.001603077,0.006086078,6.66666666666667e-06,1.15456666666667e-05,0.0031900513333333,0.0111548486666667,0.000867572,0.0024497986666666,0.0089076003333333
0.0021373886666666,0.0112972816666667,0.0040038763333333,0.0076657626666666,0.004108481,0.001227348,0.000398044,0.0199290926666667,0.0,0.000451972,0.0072394986666666
8.6374e-05,0.0,0.000105739,0.00012606,3.33333333333333e-06,1.69266666666667e-05,0.003953328,0.0005374783333333,0.0012321513333333,0.0053399656666666,3.69553333333333e-05
0.001303481,0.0003291683333333,0.000478177,0.001420878,1.64606666666667e-05,0.0002084986666666,0.0019914893333333,0.006615834,0.0007835673333333,0.000512385,0.0034086096666666
0.0114318416666667,0.010825319,0.000320149,0.030258279,0.0037255116666666,0.002133058,1e-05,0.014737413,2.40603333333333e-05,0.0003017853333333,0.032896146
