0.00332208,0.0003934016666666,0.0010153823333333,9.05986666666667e-05,0.001810734,2.95853333333333e-05,0.0013207695,0.0011310933333333,3.82075e-05,0.0007370486666666,0.0049693783333333
0.0021494566666666,0.0031614473333333,0.001034223,0.0006412476666666,0.0025839006666666,0.001395381,0.003930813,0.0001099416666666,4.77426666666667e-05,0.0006390256666666,0.0011534883333333
0.0001060646666666,0.0060772346666666,0.0002489356666666,0.0015482183333333,0.002978349,0.0010422153333333,0.0005743316666666,0.0018883573333333,0.0004397053333333,0.0005119063333333,0.003519204
0.0001653373333333,0.000837916,8.9675e-05,0.0013066473333333,7.38073333333333e-05,0.000133178,0.0007533073333333,0.000534146,3.919e-06,0.000136457,0.0006640833333333
0.001296597,0.007945666,0.0015899816666666,0.0006089173333333,0.0024058413333333,0.000281118,0.0020348943333333,0.000962337,0.000285739,0.0014105933333333,0.002804521
0.000104267,0.0010049246666666,0.0010110536666666,0.0002101596666666,0.0009606756666666,0.0002767243333333,0.001552877,0.0002800983333333,0.0001827923333333,0.000319691,0.0008131693333333
0.001568319,0.0065029656666666,0.000560977,0.0003046686666666,0.001001455,0.000648388,0.0016866293333333,0.0026236133333333,0.0018514653333333,0.0050296116666666,0.009944233
0.0008206416666666,0.0014553126666666,0.0046056,0.0004816413333333,0.0055102853333333,0.0006437803333333,0.006014262,0.0070391086666666,0.0001222463333333,0.0014018756666666,0.0073977996666666
7.72266666666667e-06,8.77333333333333e-06,0.0004375986666666,6.66666666666667e-06,1.8858e-05,0.0,0.0038988163333333,1.99786666666667e-05,0.000480363,0.002943111,3.33333333333333e-06
0.000919088,0.001532834,0.000160946,9.45703333333333e-05,0.0002612576666666,0.0001251786666666,0.0031469133333333,0.0007156176666666,0.000164024,6.89136666666667e-05,0.0010682606666666
0.009906555,0.003997421,0.00436713,0.0024051156666666,0.0039815516666666,0.0008199186666666,0.02569843,0.0152310166666667,0.0001633276666666,0.0039448616666666,0.020171141
