0.0040592893333333,0.004511094,0.0003210716666666,0.00059016,0.0022502436666666,0.0012425693333333,0.0019438891666666,0.0026219396666666,4.86421666666667e-05,0.003063406,0.0064088006666666
0.00292761,0.01861335,0.005148285,0.0018358193333333,0.0105624516666667,0.0023445183333333,0.0036436123333333,0.002892511,0.000664923,0.0054714273333333,0.0051084466666666
0.0012086773333333,0.0116960393333333,0.001850364,0.0023053073333333,0.0019755643333333,0.0029257383333333,0.0016577963333333,0.002662708,0.0016036823333333,0.0025813233333333,0.004960292
0.00076263,0.0029332003333333,0.0001613226666666,0.0029802296666666,0.0010707906666666,0.0015064756666666,0.0032885833333333,0.0006426393333333,1.52246666666667e-05,0.0020579756666666,0.001638932
0.001966467,0.0118172206666667,0.0008677573333333,0.0009669433333333,0.0017625193333333,0.000889163,0.000931695,0.002628141,0.00018027,0.004575631,0.003823967
0.0014857993333333,0.004204722,0.001356977,0.000499311,0.0035219943333333,0.001230685,0.000481866,0.0013353036666666,0.000294705,0.002243793,0.0018169243333333
0.002239647,0.0192340046666667,0.0012859163333333,0.0015120633333333,0.0035821923333333,0.0020984653333333,0.0008451036666666,0.006996876,0.002847314,0.0069374466666666,0.0106147823333333
0.004298199,0.005451105,0.0026280853333333,0.002284833,0.0083850363333333,0.0025869583333333,0.007295406,0.026498538,0.000381343,0.0041989273333333,0.0137713916666667
1.33333333333333e-05,2.40633333333333e-05,0.0072320406666666,1.33333333333333e-05,6.85226666666667e-05,3.33333333333333e-06,0.001375659,1.3274e-05,0.0009146723333333,0.003202987,6.66666666666667e-06
0.015688415,0.05079053,0.0129974846666667,0.0123396866666667,0.0329604463333333,0.0209396623333333,0.0033454896666666,0.0071703476666666,0.0029348506666666,0.0028966076666666,0.0292177456666667
0.011597446,0.0084803773333333,0.010203347,0.00515515,0.008946306,0.002293829,0.0144638206666667,0.0285614093333333,0.0002945783333333,0.007026755,0.0378173633333333
