0.0036824236666666,0.0028225753333333,0.000330383,0.0001522506666666,0.0018106696666666,0.0003380443333333,0.0029908953333333,0.0015058213333333,6.61386666666667e-05,0.001458096,0.0063665583333333
0.0028664116666666,0.0119385763333333,0.00106851,0.003597036,0.008243659,0.0014854033333333,0.08842029,0.0019107243333333,0.0008613943333333,0.0025100483333333,0.004197619
0.0008669223333333,0.0046377386666666,0.001400442,0.0022511883333333,0.00170334,0.0018358233333333,0.0021709196666666,0.000723585,0.000865752,0.0013989236666666,0.0039001703333333
0.0001799553333333,0.002186292,0.0001151926666666,0.0021018966666666,0.0002682763333333,0.0008842493333333,0.0074251276666666,0.0003385546666666,1.2144e-05,0.0008747993333333,0.0009278453333333
0.000840125,0.007787853,0.0006927083333333,0.000183718,0.0017925493333333,0.000269162,0.001337124,0.001589747,3.6954e-05,0.0020934756666666,0.0022255993333333
0.0004012056666666,0.0033357526666666,0.0010904033333333,0.0007006683333333,0.0030965426666666,0.0020963903333333,0.000408004,0.0006756073333333,0.0001978573333333,0.000878497,0.0016276466666666
0.001360584,0.0163880113333333,0.000846872,0.0009384273333333,0.0017763083333333,0.0014164713333333,0.0011664156666666,0.005223485,0.0023459416666666,0.0048952373333333,0.005932876
0.0048156406666666,0.004525486,0.0013520863333333,0.0018510773333333,0.0022951496666666,0.0013667386666666,0.00705311,0.0203439926666667,0.0003279546666666,0.0021683163333333,0.0113977356666667
1.09756666666667e-05,6.66666666666667e-06,0.0047487143333333,0.0,3.93586666666667e-05,0.0,0.0013544783333333,7.32366666666667e-06,0.0008871666666666,0.001907978,6.66666666666667e-06
0.0034187113333333,0.0077623486666666,0.0017790673333333,0.002580573,0.0067344186666666,0.0023467113333333,0.0041292643333333,0.003238726,0.0001602486666666,0.0031479463333333,0.006826581
0.008732194,0.008065922,0.006888549,0.0026695743333333,0.0057151763333333,0.0014270443333333,0.0086283656666666,0.021598123,9.3352e-05,0.00449953,0.0349482266666667
