0.0038246656666666,0.0017112406666666,0.000428052,5.68633333333333e-05,0.0025137816666666,0.0001208053333333,0.0015909858333333,0.001801135,6.06335e-05,0.0005017466666666,0.0041875026666666
0.002186866,0.0106911173333333,0.0015890556666666,0.0004933703333333,0.0023446793333333,0.000576348,0.0091419886666666,0.001281677,3.4374e-05,0.0012395586666666,0.0018090816666666
0.00089219,0.0064721473333333,0.001458091,0.0021630556666666,0.0028880053333333,0.0025076163333333,0.001301093,0.0015943626666666,0.0011003896666666,0.0011795953333333,0.004185687
0.000448224,0.0014267673333333,0.0001579996666666,0.0006018633333333,0.00081977,0.000104955,0.0015328193333333,0.0002214233333333,0.0,0.000492554,0.000196822
0.0016389053333333,0.0089214216666666,0.0004325396666666,0.0004695576666666,0.002318886,0.001269504,0.0071985513333333,0.0020947996666666,4.66213333333333e-05,0.0013261266666666,0.0030631663333333
0.0002368576666666,0.002902517,0.0017460376666666,0.000827026,0.001997075,0.0019357683333333,0.0008788413333333,0.0002363646666666,0.0,0.0001464313333333,0.0011715966666666
0.003543086,0.5686056,0.0021679953333333,0.0013907556666666,0.0063300153333333,0.0003387243333333,0.002476959,0.0073894823333333,0.0015287536666666,0.006314132,0.0113850456666667
0.0044263593333333,0.006837613,0.0031651903333333,0.000859328,0.002546934,0.0013543053333333,0.0111069623333333,0.0112999643333333,0.00016441,0.0032939303333333,0.0067820626666666
3.33333333333333e-06,0.0001644283333333,2.93006666666667e-05,8.104e-06,0.00030057,3.81866666666667e-06,0.003762425,4.7236e-05,0.001126762,0.0023829196666666,6.66666666666667e-06
0.0012618296666666,0.003638876,0.0007412606666666,0.0001828963333333,0.0006520006666666,0.000688263,0.0031730903333333,0.0014022783333333,0.001838705,0.00072916,0.0011902856666666
0.0058229093333333,0.0102113083333333,0.0080496476666666,0.000966465,0.003481253,0.001760329,0.0170770003333333,0.0152909696666667,0.0011698703333333,0.00558419,0.03618461
