0.0044995863333333,0.001820119,1.79393333333333e-05,0.0046555303333333,0.003671975,0.000830899,3.33333333333333e-06,0.0017848076666666,3.33333333333333e-06,0.0001140406666666,0.006468031
0.0043419943333333,0.0155797593333333,0.0050714036666666,0.01588858,0.0131075326666667,0.0025247726666666,8.30133333333333e-06,0.004543766,3.33333333333333e-06,9.6913e-05,0.0054359866666666
0.0009265433333333,0.006601129,0.002126168,0.0049271456666666,0.0034768926666666,0.002415568,0.0,0.002564314,0.002090287,0.0004255833333333,0.005927058
0.0037656976666666,0.0002402693333333,6.66666666666667e-06,0.0189118473333333,3.33333333333333e-06,0.0,0.0,0.0018488103333333,0.0,1e-05,0.014126208
0.0022745226666666,0.021230557,0.002852874,0.0097253793333333,0.001987446,0.0017317366666666,6.66666666666667e-06,0.0083876433333333,2.48343333333333e-05,0.0003458693333333,0.0055294633333333
0.000636276,0.0041763536666666,0.000813839,0.001880659,0.00206022,0.0014887273333333,3.33333333333333e-06,0.0011625493333333,3.33333333333333e-06,1.8741e-05,0.001897899
0.003240842,0.0013324516666666,0.0042791233333333,0.0282447213333333,4.6845e-05,3.9737e-05,0.001922124,0.0099125946666666,0.0011949506666666,0.0032633923333333,0.012783875
0.0032420423333333,0.008265594,0.0058707893333333,0.0166708336666667,0.0093170893333333,0.0031790866666666,1.67533333333333e-05,0.0286753286666667,1.764e-05,0.0001664023333333,0.0157751506666667
0.0001872213333333,0.0017088036666666,0.0003580473333333,0.0003582513333333,0.0,2.21396666666667e-05,0.006000872,0.0013482773333333,0.001886838,0.0062711476666666,0.0001102383333333
0.0013174663333333,0.0003353393333333,0.0008188526666666,0.0040973693333333,6.66666666666667e-06,0.0006146963333333,0.002926399,0.0010261013333333,0.0007331756666666,0.0008634013333333,0.001331186
0.0170796976666667,0.011804307,0.0012710296666666,0.0330339746666667,0.0098454083333333,0.0053179496666666,1.64413333333333e-05,0.0201139316666667,3.33333333333333e-06,0.0009797133333333,0.0352552533333333
