0.005043121,0.0006950836666666,0.0014211343333333,5.8586e-05,0.0014621483333333,6.39413333333333e-05,0.002210961,0.0005053923333333,5e-06,0.001495403,0.0038734333333333
0.0042966006666666,0.0068254943333333,0.002216237,0.0005711956666666,0.0025554036666666,0.0004149023333333,0.006440696,0.000442766,0.0001333723333333,0.0015466796666666,0.0023563206666666
0.000393658,0.0062355143333333,0.0012646246666666,0.002657899,0.0028179386666666,0.0026383646666666,0.0008394253333333,0.0013464416666666,0.0015072876666666,0.0011677966666666,0.0046331383333333
0.002093347,0.000885996,0.0002854196666666,0.0009092593333333,3.16073333333333e-05,0.0001507703333333,0.0013187376666666,0.0001587943333333,0.0,0.0002108696666666,0.0004652423333333
0.0022086036666666,0.0069659553333333,0.000708694,0.0001577343333333,0.00083592,0.000374164,0.0074161083333333,0.0044179733333333,2.58706666666667e-05,0.0012322723333333,0.0011402603333333
0.0002173363333333,0.00190524,0.0012056803333333,0.0005043463333333,0.001000229,0.000745997,0.0011462443333333,0.000436854,1.12933333333333e-05,0.0004137546666666,0.001544675
0.004990962,0.010544433,0.0007683466666666,0.0016227526666666,0.0038623646666666,0.0002306623333333,0.0027725446666666,0.00775122,0.0022204976666666,0.006086555,0.0146760523333333
0.0051000143333333,0.004393591,0.0031381453333333,0.0008772293333333,0.004178821,0.0007917026666666,0.012167224,0.010286139,0.000426998,0.0033447213333333,0.007769052
3.33333333333333e-06,6.96413333333333e-05,0.0008749363333333,1.83333333333333e-05,0.0011688076666666,1.06136666666667e-05,0.005176273,4.14173333333333e-05,0.001182763,0.0034651216666666,1e-05
0.001233323,0.001951865,0.0004668613333333,0.0002112756666666,0.000663479,0.0003807083333333,0.0041203666666666,0.0013694223333333,0.0006907546666666,0.000303241,0.0007283696666666
0.0169482893333333,0.0085159413333333,0.0060565033333333,0.0026366383333333,0.0038659576666666,0.0012654333333333,0.0143684836666667,0.020790808,0.0001425846666666,0.005594335,0.018516976
