0.003820891,0.0020578753333333,0.0003923476666666,0.0003280676666666,0.0016237826666666,0.0016633,0.0025992756666666,0.0018475056666666,0.0001185193333333,0.00048305,0.0062290156666666
0.0022368553333333,0.0143920576666667,0.0003844386666666,0.0017754953333333,0.0038140093333333,0.000822113,0.00349425,0.0020825406666666,0.0001787496666666,0.0009506996666666,0.0023373196666666
0.0011163576666666,0.0192994006666667,0.001303397,0.0026061316666666,0.003074958,0.0025987043333333,0.0022691873333333,0.0013232716666666,0.0012752006666666,0.0030288176666666,0.0061252986666666
0.0004423943333333,0.0015061056666666,0.0001709423333333,0.0018987793333333,0.0001843943333333,0.0001440673333333,0.0005053456666666,0.0003624086666666,0.000266522,9.93126666666667e-05,0.003444332
0.001233619,0.0093261276666666,0.00062114,0.000201781,0.0015953396666666,0.000706963,0.0016970273333333,0.0035304976666666,8.0565e-05,0.001434137,0.0024400673333333
0.0006311343333333,0.0018365883333333,0.000772112,0.0003163296666666,0.001703045,0.001366865,0.000497444,0.000452696,0.0008885863333333,0.0003115466666666,0.001204094
0.0015565226666666,0.0131672773333333,0.0005779193333333,0.0007298526666666,0.0018114846666666,0.0004889666666666,0.001129185,0.005381115,0.0028328593333333,0.003034542,0.0045521863333333
0.0042488216666666,0.0032311026666666,0.0033157676666666,0.0007878693333333,0.0043999673333333,0.0011841783333333,0.0080107513333333,0.0130042506666667,0.0001000986666666,0.001825557,0.0071926783333333
0.0,1e-05,3.9384e-05,3.33333333333333e-06,2.3843e-05,1.46763333333333e-05,0.0043371543333333,1e-05,0.0011708043333333,0.0052611616666666,1.33736666666667e-05
0.0010786686666666,0.0025611906666666,0.0002440923333333,0.0003112993333333,0.0006732063333333,0.000657997,0.001739552,0.001383519,0.0012129853333333,0.0004073966666666,0.0012276803333333
0.0143454276666667,0.015157775,0.0062799486666666,0.0027730776666666,0.004905013,0.002062371,0.007392064,0.0190686453333333,0.0004669963333333,0.0039990456666666,0.03595543
