0.0030593493333333,0.0012783956666666,0.0003823056666666,0.0016437343333333,0.0012777523333333,0.0001083413333333,0.0008004568333333,0.000539017,0.0006763725,0.0003312666666666,0.0033505173333333
0.0019390163333333,0.009276828,0.0003018156666666,0.0004987103333333,0.0070542583333333,0.001361227,0.0009993586666666,0.001082218,0.0028705383333333,0.0008799923333333,0.00103778
0.0003254773333333,0.0054553533333333,0.0016630986666666,0.0030350726666666,0.003348005,0.0029768056666666,0.000335464,0.001934632,0.00284673,0.0016434456666666,0.0060880896666666
0.0009735783333333,0.0023869213333333,0.000139322,0.001875323,0.0001164323333333,6.80956666666667e-05,0.0006181083333333,0.0006104443333333,3.33333333333333e-06,0.0001289903333333,0.0003047913333333
0.00034374,0.0044781336666666,0.000846869,1.97533333333333e-05,0.0012839153333333,0.0002681893333333,0.0005746716666666,0.001779029,0.001745651,0.0009180176666666,0.0016255723333333
0.000318722,0.0016988183333333,0.000584726,0.0004378796666666,0.0020355806666666,0.002325667,0.0002699073333333,0.00022398,0.0006643003333333,0.0002995156666666,0.0007291196666666
0.0016146726666666,0.010928269,0.0013349036666666,0.000370154,0.0013991003333333,0.0005219076666666,0.0028889303333333,0.0035493833333333,0.0029603843333333,0.0029760096666666,0.0091736023333333
0.0007890603333333,0.003455037,0.002932562,0.0007470146666666,0.0007498943333333,0.000411123,0.0012843703333333,0.011518468,0.006313047,0.0023948543333333,0.0058866223333333
0.0,2.98793333333333e-05,0.006397173,0.0,3.00146666666667e-05,0.0,0.0004094413333333,3.33333333333333e-06,0.0045319553333333,0.004547487,6.66666666666667e-06
0.0005728463333333,0.0023100876666666,0.000641418,0.0002771356666666,0.0006192986666666,0.000109056,0.000754021,0.0016887843333333,0.0027354836666666,0.0003880626666666,0.0008178693333333
0.0097441726666666,0.0113137566666667,0.0031200226666666,0.0037334266666666,0.005770158,0.0035679046666666,0.009369776,0.0140916243333333,0.0054696766666666,0.0056637383333333,0.0313373656666667
