0.005307781,0.0015428126666666,0.000866626,0.000897457,0.0033507173333333,0.0011006516666666,0.002368976,0.0007064906666666,0.0003443903333333,0.0012668883333333,0.0074251883333333
0.0046776803333333,0.0118351126666667,0.002952986,0.0022758686666666,0.0055857766666666,0.0019670753333333,0.0080559953333333,0.0015880216666666,0.0003010986666666,0.0012916096666666,0.0098086143333333
0.0010953166666666,0.0069558606666666,0.0015134206666666,0.0030654036666666,0.0057547876666666,0.005929489,0.0011594226666666,0.002061893,0.0047596173333333,0.002641382,0.0054003373333333
0.0014087083333333,0.0016536003333333,0.0014036023333333,0.001461285,0.0009230516666666,0.0005003746666666,0.002396219,0.0009730233333333,3.2978e-05,0.000262922,0.00093104
0.0022247883333333,0.0090809686666666,0.0017183193333333,0.000583909,0.004621186,0.001650227,0.003379139,0.0020843253333333,0.00065274,0.0015061223333333,0.0036955996666666
0.0008794993333333,0.0039572973333333,0.0016440426666666,0.001647938,0.0023499106666666,0.000952512,0.0012555106666666,0.0006320696666666,5.7316e-05,0.000345172,0.0019862276666666
0.0054505833333333,0.0136174663333333,0.0047451766666666,0.001696943,0.0097022346666666,0.0011733453333333,0.00261758,0.0057177856666666,0.0034157226666666,0.0076297313333333,0.0131867076666667
0.0080024266666666,0.0126880386666667,0.0044306786666666,0.001361499,0.0043203163333333,0.0030847963333333,0.0092051243333333,0.0128021913333333,0.0006455613333333,0.004156801,0.0099871266666666
0.0001492636666666,0.0006987796666666,0.0002400823333333,3.46026666666667e-05,0.0004279153333333,0.000413744,0.0037635316666666,0.0011476846666666,0.001847033,0.003601918,7.6606e-05
0.0018770826666666,0.0032071426666666,0.0007057603333333,0.000509201,0.001794982,0.002296157,0.0046586483333333,0.002050791,0.0007886976666666,0.000779562,0.0023609146666666
0.014977207,0.0123883076666667,0.0088222693333333,0.0078866903333333,0.0083891586666666,0.00332828,0.0162417326666667,0.0212362436666667,0.0005255113333333,0.0070744533333333,0.03352353
