0.0032377393333333,0.0007634003333333,0.000844773,0.0002172903333333,0.0011229816666666,0.0002892953333333,0.001273415,0.0005847203333333,2.66396666666667e-05,0.0007413653333333,0.00290146
0.0015850956666666,0.010393555,0.0010888216666666,0.0010310306666666,0.0024177953333333,0.0015483816666666,0.003502759,0.0021463113333333,5.5172e-05,0.000778107,0.0016212973333333
0.001029711,0.0073214803333333,0.0007331566666666,0.0033137126666666,0.0034624183333333,0.001793488,0.0010080766666666,0.0016102316666666,0.002118317,0.0015018073333333,0.0046929716666666
0.000351845,0.0008683476666666,0.0002117556666666,0.0017212173333333,0.0007394176666666,0.000184473,0.001303471,0.0008168093333333,0.0,8.16016666666667e-05,0.000663457
0.0021488813333333,0.005079496,0.00119961,0.0030528563333333,0.001103702,0.000829091,0.0014095333333333,0.0037718063333333,0.000126691,0.0026659733333333,0.0018315393333333
0.0004393443333333,0.0015048136666666,0.0010735136666666,0.0006788923333333,0.0015952453333333,0.0012022606666666,0.000599726,0.0001508713333333,0.0004645933333333,0.0005323626666666,0.001414384
0.0011290616666666,0.0060655926666666,0.0007915013333333,0.0006692763333333,0.0039798563333333,0.0008132986666666,0.0023174206666666,0.0044309886666666,0.002441196,0.004084444,0.0030954283333333
0.0026085073333333,0.0038266983333333,0.003600267,0.001184122,0.0021850083333333,0.0016443566666666,0.0083143266666666,0.0144941623333333,0.0002737316666666,0.0031825386666666,0.006225789
5.3193e-05,1e-05,0.0004361643333333,6.66666666666667e-06,3.78246666666667e-05,3.33333333333333e-06,0.0041522913333333,3.86e-05,0.0008159616666666,0.0045144743333333,3.33333333333333e-06
0.0009355636666666,0.0046783073333333,0.0002328353333333,0.000199385,0.0014701833333333,0.000248921,0.0020721683333333,0.001385726,0.000389863,0.001327883,0.000937215
0.0114087073333333,0.009171961,0.0063500026666666,0.003950777,0.006264709,0.0013469703333333,0.008975742,0.019501732,0.000107481,0.0061666563333333,0.027163936
