0.002903487,0.0013855006666666,0.0004532656666666,0.0007472576666666,0.0021839153333333,0.000350478,0.0025880703333333,0.001215589,0.00024797,0.0006972386666666,0.0074057096666666
0.0016179763333333,0.0174774143333333,0.0027186273333333,0.005700185,0.00529865,0.0015853596666666,0.0102090836666667,0.003030894,0.0003423286666666,0.0013265936666666,0.0036854516666666
0.0005791086666666,0.0102568413333333,0.0020124403333333,0.0016889083333333,0.0029828886666666,0.0031369776666666,0.000690855,0.0020211746666666,0.0012371196666666,0.001663942,0.0048500216666666
0.000260671,0.0034138953333333,0.0003052866666666,0.0006711876666666,0.000642461,0.0002964966666666,0.0012618696666666,0.000974813,0.0001547423333333,0.0002327113333333,0.0007055063333333
0.0026097326666666,0.0234586206666667,0.0013079833333333,0.000638049,0.0021398533333333,0.0045252526666666,0.0080221246666666,0.005095296,0.000283713,0.0025749123333333,0.0054383076666666
0.0005682226666666,0.0054961296666666,0.00104168,0.0007290616666666,0.003585771,0.0012983656666666,0.001250757,0.0005179046666666,5.22176666666667e-05,0.000276213,0.0011942203333333
0.001715801,0.4899115,0.0018688496666666,0.0011108676666666,0.0044153716666666,0.0011369153333333,0.00138736,0.0076287283333333,0.0011866253333333,0.003524037,0.0184771113333333
0.0029170443333333,0.0081969046666666,0.0033163363333333,0.0020671823333333,0.006782648,0.0029591646666666,0.0122128546666667,0.021375766,0.000500457,0.0039394023333333,0.019887971
6.816e-06,0.000176936,9.41993333333333e-05,6.90383333333333e-05,0.0001384393333333,1.537e-05,0.006522683,4.2016e-05,0.0014683726666666,0.0051650983333333,2.2534e-05
0.0007987936666666,0.0029182506666666,0.000384845,0.0004214216666666,0.000590467,0.00039974,0.0030786333333333,0.001141184,0.0006703856666666,0.0008286903333333,0.0017329343333333
0.013802478,0.0122835013333333,0.0058724533333333,0.003615724,0.0051421823333333,0.001971037,0.0147171103333333,0.0180737783333333,0.0001645403333333,0.0059833056666666,0.0378793866666667
