0.0029184123333333,0.001017784,0.000350727,0.0004071276666666,0.001391639,9.08323333333333e-05,0.001322132,0.0017997166666666,6.0262e-05,0.0003784183333333,0.0064349073333333
0.000892432,0.00815013,0.0005911766666666,0.001955617,0.0027910413333333,0.0003823293333333,0.0030533736666666,0.0012266883333333,3.93856666666667e-05,0.0008664853333333,0.0013925626666666
0.000259876,0.0066596,0.000268105,0.0011183646666666,0.002821409,0.0012652,0.00079168,0.0048214526666666,0.000530415,0.0005990986666666,0.003632935
0.000758253,0.0016087336666666,4.80586666666667e-05,0.0011251653333333,0.000217694,7.52826666666667e-05,0.0004137633333333,0.0003632406666666,7.63133333333333e-06,0.0001959386666666,0.0005013633333333
0.0028184676666666,0.006695381,0.0005549943333333,0.0031854723333333,0.0006722383333333,0.0002530343333333,0.0005896376666666,0.0010399513333333,0.0002946513333333,0.0022789773333333,0.0008678496666666
0.000143236,0.001465119,0.0009215083333333,0.000148722,0.0010723726666666,0.000554737,0.0001434696666666,0.0012417036666666,0.0002141626666666,0.0005024333333333,0.0008167633333333
0.001207774,0.0157353006666667,0.001567708,0.000242581,0.0014673483333333,0.0002329093333333,0.0016627676666666,0.0036147363333333,0.0008195213333333,0.002512089,0.0028866413333333
0.002496739,0.002598177,0.0029844986666666,0.0005895153333333,0.0019629113333333,0.000371464,0.0067456693333333,0.0152445933333333,0.0001779013333333,0.0021198053333333,0.0058510246666666
4.94133333333333e-06,6.66666666666667e-06,0.0002166836666666,8.925e-06,3.43993333333333e-05,0.0,0.0031756693333333,4.66013333333333e-05,0.0003478343333333,0.002510526,1.33333333333333e-05
0.000994203,0.0053768893333333,0.000173411,6.87053333333333e-05,0.0008071866666666,0.0001266386666666,0.001752985,0.0012496183333333,0.0001646566666666,0.0001112373333333,0.000697389
0.0088362203333333,0.0056829883333333,0.005751943,0.001893665,0.0030074023333333,0.0037546696666666,0.005985492,0.0157781383333333,6.29573333333333e-05,0.003532131,0.0284901786666667
