0.005649694,0.003776169,0.0007861426666666,0.0011686283333333,0.0022207603333333,0.0016015196666666,0.0021182606666666,0.0024092026666666,0.0002773606666666,0.0007890196666666,0.0109597636666667
0.003993238,0.0077547786666666,0.0009853186666666,0.0015284493333333,0.002075431,0.0014031503333333,0.003325923,0.000897566,0.0005667763333333,0.0013382536666666,0.0037439496666666
0.0015501973333333,0.0087071563333333,0.0031476843333333,0.002264668,0.0049747146666666,0.0029302206666666,0.0022468026666666,0.0026535586666666,0.0018462156666666,0.0048269396666666,0.0081126343333333
0.0013026166666666,0.0047047203333333,0.000602959,0.001670533,0.0015521773333333,0.0009936396666666,0.013003161,0.0009676203333333,0.0003042036666666,0.000410765,0.001123926
0.0045856696666666,0.0132649683333333,0.0034793466666666,0.0023088956666666,0.004480254,0.001915379,0.0046517533333333,0.0055976143333333,0.001019092,0.0044353426666666,0.005602363
0.0027933813333333,0.0059365833333333,0.0048290216666666,0.0010913033333333,0.0017288073333333,0.0010521513333333,0.0009349536666666,0.0006433463333333,0.0002757053333333,0.001164591,0.0016477943333333
0.0037914916666666,0.0162221616666667,0.0030755696666666,0.0024436566666666,0.0046385276666666,0.0024653706666666,0.0014499876666666,0.0078337236666666,0.001019944,0.0032471733333333,0.0095683423333333
0.0070467686666666,0.0116677373333333,0.004824087,0.0043823023333333,0.005577808,0.0035510476666666,0.0089517426666666,0.024842092,0.0020195373333333,0.0054645246666666,0.0148624246666667
0.0001379083333333,0.0009145516666666,0.0036628053333333,0.0001256796666666,0.0021935843333333,0.0003589446666666,0.0042161733333333,0.0003843043333333,0.0025595793333333,0.0065968363333333,0.000154643
0.0014301653333333,0.0108545473333333,0.0012745466666666,0.00180986,0.004537242,0.000963217,0.0038069633333333,0.0034092893333333,0.0012541086666666,0.0024496836666666,0.002985782
0.0148044003333333,0.0190006233333333,0.009483591,0.003734513,0.0061767946666666,0.0027938463333333,0.0085836893333333,0.0258140106666667,0.001672006,0.0065125556666666,0.0380024333333333
