0.0038582403333333,0.0042395716666666,1.35773333333333e-05,0.0044766856666666,0.0041927796666666,0.0006347733333333,0.0,0.0023510196666666,3.33333333333333e-06,1.66666666666667e-05,0.0103981053333333
0.004334159,0.023522892,0.0091936846666666,0.0032975083333333,0.0067634003333333,0.0032458646666666,2.32893333333333e-05,0.0072810593333333,9.42766666666667e-06,0.000167012,0.0061500853333333
0.0005939396666666,0.0008946153333333,0.0059217303333333,0.003047676,0.004091786,0.002209634,6.855e-06,0.0003395443333333,0.018478704,2.7035e-05,0.003451509
0.00680503,0.000125381,0.000210718,0.0167791933333333,2.4825e-05,8.20033333333333e-06,0.0,0.0006975196666666,3.33333333333333e-06,3.33333333333333e-06,0.0116919123333333
0.001879471,0.0151074476666667,0.003622361,0.0017268446666666,0.0026439833333333,0.0043236653333333,0.0,0.0062882836666666,0.0,2.376e-05,0.0062949886666666
0.0007594583333333,0.0040280696666666,0.0022266506666666,0.0011975056666666,0.003385653,0.0011388666666666,0.0,0.000669817,6.66666666666667e-06,2.4486e-05,0.001684288
0.0037920453333333,0.0007288906666666,1.11023333333333e-05,0.002844817,5.77296666666667e-05,8.93323333333333e-05,0.0021990486666666,0.0002223016666666,0.0371816033333333,0.0023346393333333,0.0098327543333333
0.0079045053333333,0.0140882546666667,0.0132396463333333,0.006716895,0.0072904623333333,0.0033756853333333,3.17733333333333e-05,0.0318527946666667,6.66666666666667e-06,0.0001708413333333,0.0205613336666667
0.0001770423333333,3.33333333333333e-06,2.31066666666667e-05,6.97116666666667e-05,3.33333333333333e-06,1.52183333333333e-05,0.0003492486666666,2.39306666666667e-05,0.0080704716666666,0.0071618586666666,0.0002019816666666
0.0020002763333333,0.000359323,1.47046666666667e-05,0.001109248,2.45696666666667e-05,8.7185e-05,0.0012103913333333,5.0188e-05,0.014504178,0.000517105,0.002580903
0.0140754446666667,0.016479423,0.0004120943333333,0.027459936,0.005525704,0.005017088,6.66666666666667e-06,0.0198535543333333,1.34103333333333e-05,0.000736592,0.0384056466666667
