0.0045439476666666,0.0024679606666666,0.0003271276666666,0.004787856,0.0026119783333333,0.000993249,0.0016418545,0.0010343193333333,0.0005058515,0.0005163196666666,0.004279764
0.0026836396666666,0.0180733826666667,0.0007957373333333,0.0013468733333333,0.009688312,0.002653369,0.0045134016666666,0.0037500863333333,0.0009292723333333,0.001292183,0.002643464
0.001519112,0.022067267,0.0014424676666666,0.0032406313333333,0.0036546623333333,0.0039848823333333,0.000947831,0.0042586673333333,0.0011544026666666,0.0015523306666666,0.006235654
0.001301471,0.0028497756666666,0.0001730133333333,0.0023150766666666,0.0003477003333333,0.000288435,0.0006568,0.0009485286666666,0.0001127473333333,0.0001023956666666,0.0008126536666666
0.003247278,0.0101748423333333,0.0013260756666666,0.0013880966666666,0.00244331,0.0008725213333333,0.0017527843333333,0.003291353,0.000139331,0.0009866636666666,0.001892592
0.00062939,0.0027172383333333,0.0008937193333333,0.0004507496666666,0.0022400243333333,0.0019915113333333,0.0004908706666666,0.000420322,0.0002323046666666,0.0003302606666666,0.0018522566666666
0.004340937,0.0123882843333333,0.0019448766666666,0.001695719,0.002214819,0.000574607,0.002259159,0.005986879,0.003687626,0.0027770533333333,0.0130596763333333
0.0038071096666666,0.0053710086666666,0.003012985,0.0011898363333333,0.004833642,0.0023192573333333,0.0067868133333333,0.022850198,0.0002186896666666,0.0021055756666666,0.0090089576666666
0.0001764856666666,5.60463333333333e-05,0.000280726,1.66666666666667e-05,5.2318e-05,6.66666666666667e-06,0.0038308863333333,0.0072248926666666,0.0015167336666666,0.0046752746666666,2.36393333333333e-05
0.0018760496666666,0.003679877,0.0002906363333333,0.0004166196666666,0.001835303,0.0009203036666666,0.0010312736666666,0.0013789226666666,0.0012457646666666,0.000492533,0.002671778
0.0177004096666667,0.0169781356666667,0.0068677613333333,0.003610996,0.005476322,0.0026863963333333,0.0122626576666667,0.0277072963333333,0.000195068,0.003487639,0.0437317466666667
