0.004509161,0.0016473603333333,0.000521071,0.0001288433333333,0.0013718623333333,3.37573333333333e-05,0.0015354476666666,0.0002569643333333,3.23566666666667e-05,0.0011541823333333,0.005109941
0.000592494,0.0089202303333333,0.001971054,0.000939523,0.003194369,0.0007319323333333,0.002919623,0.0015364603333333,6.66666666666667e-06,0.0011633113333333,0.0030830193333333
0.0004340176666666,0.008978139,0.0009062323333333,0.002172014,0.0030864113333333,0.0014660403333333,0.0009457386666666,0.0017311153333333,0.0009330316666666,0.0017564183333333,0.0051206763333333
0.000827738,0.001686512,8.46216666666667e-05,0.0016778626666666,9.35343333333333e-05,0.0002247733333333,0.000307798,0.000428055,0.0,0.000242159,0.000451985
0.0005785146666666,0.0055181826666666,0.0017396576666666,5.3286e-05,0.0022702913333333,0.0038035683333333,0.0017440396666666,0.001209388,1e-05,0.001961226,0.0013947123333333
0.0001829726666666,0.0016922263333333,0.0004433043333333,0.0004550793333333,0.0016567246666666,0.0010505926666666,0.000803908,0.0001739593333333,0.0002894613333333,0.0004308423333333,0.0007936853333333
0.0015100223333333,0.0127361836666667,0.000674493,0.0005663913333333,0.0010552746666666,0.0014322663333333,0.0026597386666666,0.0031240003333333,0.002306322,0.0038635803333333,0.0086757526666666
0.0008597473333333,0.002772076,0.002669262,0.0010842896666666,0.0018690256666666,0.001136014,0.0081178526666666,0.0101604926666667,0.000210879,0.0028366823333333,0.005948333
2.34466666666667e-05,0.0,5.6374e-05,0.0,0.0004827516666666,0.0,0.0047661416666666,4.614e-06,0.0009757876666666,0.0046153583333333,3.33333333333333e-06
0.0009935836666666,0.0020116963333333,0.000342182,0.0003642066666666,0.0005348633333333,0.0003357533333333,0.0026167993333333,0.000712429,0.0005400576666666,0.0004465463333333,0.0110097776666667
0.009101361,0.006500778,0.0054696616666666,0.001874646,0.0049262053333333,0.0019542856666666,0.0150354396666667,0.017624402,0.000751239,0.0048382123333333,0.027167813
