0.0032880883333333,4.68243333333333e-05,0.0,0.0001342776666666,0.0055466403333333,0.0,0.0,1.46413333333333e-05,0.0,0.0,0.023357648
0.0042773703333333,0.0120260493333333,0.0,0.0002319996666666,0.01163606,0.002401172,2.21446666666667e-05,0.006742354,0.0,3.33333333333333e-06,0.0306370703333333
0.001029462,0.008314883,0.0017316093333333,0.005978933,0.006337178,0.003004134,0.0,0.002359776,0.003505602,9.28833333333333e-06,0.0090006666666666
0.0069894573333333,0.000200034,0.0,0.0358913566666667,0.0,0.0,6.66666666666667e-06,1.354e-05,0.0,0.0,0.0178994623333333
0.003692967,0.0209484063333333,0.0020537066666666,0.0001667636666666,0.0087295463333333,0.003306922,1.03393333333333e-05,0.0118738133333333,1.97823333333333e-05,3.33333333333333e-06,0.0148938366666667
0.0013757186666666,0.0040397103333333,0.00115879,0.0024207116666666,0.003601449,0.00118032,0.0,0.0014309943333333,3.33333333333333e-06,0.0,0.001883824
0.0056086096666666,0.00073481,0.0019034016666666,0.031961262,6.51473333333333e-05,1.7471e-05,0.0024675586666666,0.0137891866666667,0.0027917063333333,0.0044710653333333,0.0146907926666667
1.28996666666667e-05,8.56133333333333e-05,0.0,0.0002119226666666,1.50693333333333e-05,0.0,6.7795e-05,0.0311053916666667,2.83006666666667e-05,9.98533333333333e-06,0.0841095866666667
5.93846666666667e-05,5.87846666666667e-05,0.0011735746666666,0.0018634906666666,0.0,0.000145679,0.001246936,0.0013863963333333,0.00604371,0.0067964283333333,0.000222781
0.001471603,0.0005628256666666,0.0005147036666666,0.00636544,3.33333333333333e-06,0.0013290466666666,0.0033401163333333,0.0017089876666666,0.0021252733333333,0.000850908,0.0017386226666666
0.0001639933333333,0.0001824813333333,0.0,0.000160594,3.33333333333333e-06,0.0,1.35353333333333e-05,0.0008675476666666,1e-05,3.33333333333333e-06,0.13614109
