0.0039380166666666,0.0015407623333333,0.000583391,0.0001757066666666,0.0016481393333333,0.0002700116666666,0.0021878195,0.0010051223333333,5.34688333333333e-05,0.0010211643333333,0.0053965356666666
0.001465364,0.014724636,0.0009341686666666,0.000730812,0.004381897,0.0011175656666666,0.0037121046666666,0.0023600366666666,0.0003983866666666,0.0020611476666666,0.0013194806666666
0.000248093,0.004893074,0.0020600346666666,0.0016211843333333,0.0009583006666666,0.0031714056666666,0.001553872,0.0009177466666666,0.0034647766666666,0.001384268,0.0024612956666666
0.000640213,0.002147651,0.0002748513333333,0.0022433373333333,0.0002023796666666,0.0010560846666666,0.0003029063333333,0.0005779896666666,0.0,0.0006169093333333,0.002152109
0.0008113663333333,0.008952915,0.0005259563333333,0.0003467426666666,0.000475778,0.0006920243333333,0.0016517553333333,0.0014059976666666,7.51736666666667e-05,0.0015717346666666,0.0028034846666666
0.000677455,0.002962904,0.0009700343333333,0.0003050156666666,0.001554507,0.001166279,0.000456626,0.0007848186666666,0.000325724,0.0014182783333333,0.001267395
0.001330561,0.01223612,0.0008247576666666,0.0001545216666666,0.0030562783333333,0.0002431583333333,0.0015917323333333,0.0035455816666666,0.0023898593333333,0.005268643,0.0038712986666666
0.0025526426666666,0.0034186723333333,0.0019278113333333,0.0010891526666666,0.00244896,0.0014456656666666,0.0050349273333333,0.010557957,0.0003329343333333,0.0020417313333333,0.006293652
0.0,3.33333333333333e-06,0.0003276853333333,3.33333333333333e-06,3.43803333333333e-05,3.59343333333333e-05,0.0012839636666666,2.69103333333333e-05,0.0006519983333333,0.001762835,0.0
0.001331358,0.0043677183333333,0.0003839253333333,0.000265748,0.000781773,0.0004810503333333,0.003285879,0.0012935973333333,0.000220413,0.0029590346666666,0.0013212753333333
0.0120924286666667,0.0118827166666667,0.00731818,0.002248067,0.0038052346666666,0.00275459,0.010480957,0.0205589956666667,0.000690299,0.0043976506666666,0.0445294133333333
