0.0046538253333333,0.0006664313333333,0.0006098056666666,0.004688683,0.0038912426666666,0.0001375546666666,0.0017576676666666,0.0011950236666666,7.50833333333333e-06,0.0007624326666666,0.00384745
0.0016986106666666,0.0130543793333333,0.0009135473333333,0.001599976,0.008263184,0.002174633,0.0056174786666666,0.0031524986666666,0.0003422686666666,0.0009759776666666,0.003567443
0.000567334,0.0052743153333333,0.002903513,0.0027152143333333,0.0036793953333333,0.0034417463333333,0.0014982166666666,0.0017751566666666,0.0011665283333333,0.0018433363333333,0.005267693
0.0016889686666666,0.0008934943333333,0.0002566083333333,0.0022547986666666,0.000127303,0.0009293063333333,0.000807121,0.0004182713333333,0.0006993176666666,0.0001553796666666,0.0005801256666666
0.001926489,0.008141138,0.000827714,0.0030941896666666,0.004340032,0.0014769586666666,0.0016171266666666,0.002644561,0.0001140933333333,0.002169333,0.001507263
0.00058691,0.0017262343333333,0.001114021,0.001025627,0.001683358,0.0016580176666666,0.0006115876666666,0.000333043,0.0003204446666666,0.0008863796666666,0.0019716496666666
0.0027517546666666,0.0066678263333333,0.00137452,0.0004787453333333,0.0022772416666666,0.0003478596666666,0.003761487,0.0108618266666667,0.0043133926666666,0.003483981,0.0024622096666666
0.0025774343333333,0.0040035156666666,0.0038056083333333,0.002721819,0.004354277,0.0009710786666666,0.0098104193333333,0.013689881,0.0003899666666666,0.0040387876666666,0.004863296
6.60626666666667e-05,0.0,0.0005919146666666,0.0,9.7706e-05,0.0,0.0047724353333333,3.82513333333333e-05,0.0013200363333333,0.0041377523333333,0.0001060176666666
0.0012663756666666,0.004486054,0.00071406,0.0001584853333333,0.0011074606666666,0.0006793966666666,0.002381299,0.0016073106666666,0.0004591106666666,0.0024367276666666,0.0014302576666666
0.0140132493333333,0.011411322,0.005941376,0.002684419,0.0095332506666666,0.0019143296666666,0.0060606776666666,0.0203344423333333,0.0005895636666666,0.004007658,0.025126283
