0.002892732,0.0006321603333333,0.0008745036666666,0.0002927786666666,0.0029784956666666,0.000430179,0.0017553858333333,0.0005102603333333,2.71931666666667e-05,0.0014226623333333,0.0033011976666666
0.0009354846666666,0.010037209,0.003063393,0.0010487396666666,0.0013628883333333,0.0007722953333333,0.0070928763333333,0.000908932,0.0002648646666666,0.0010286276666666,0.002169297
0.0006310963333333,0.0042382743333333,0.0014665373333333,0.002675647,0.00498495,0.0032561256666666,0.001279758,0.0031748723333333,0.0008864626666666,0.0025491896666666,0.0038344993333333
0.0006913216666666,0.0007458446666666,0.0001243373333333,0.0002177913333333,9.65253333333333e-05,0.0004339123333333,0.00257905,0.001337929,6.66666666666667e-06,0.000188228,0.0003682136666666
0.0018082773333333,0.0045557686666666,0.0007131796666666,0.000111296,0.0010882626666666,0.0003114606666666,0.0055194636666666,0.0024318516666666,4.3609e-05,0.00151776,0.0015819133333333
0.0003431123333333,0.0011344986666666,0.0019889076666666,0.0005902763333333,0.0013043303333333,0.0007984116666666,0.0008021093333333,0.0002013143333333,0.0002918296666666,0.00085614,0.0013813886666666
0.0014850526666666,0.008974731,0.0016580636666666,0.0005148316666666,0.0036892376666666,0.0004437306666666,0.0028521963333333,0.0030767576666666,0.0018739026666666,0.0042660523333333,0.0728345233333333
0.002262748,0.0012083983333333,0.000603541,0.0003088356666666,0.001872458,0.001032744,0.006813732,0.0088986886666666,0.0005378223333333,0.001646579,0.0072837526666666
3.48266666666667e-06,0.0004917493333333,0.004253414,3.33333333333333e-06,8.48183333333333e-05,6.66666666666667e-06,0.003656808,2.53493333333333e-05,0.0009903856666666,0.004409297,3.7598e-05
0.001091297,0.0013563683333333,0.0009246666666666,0.0002496316666666,0.0007596666666666,0.0005075123333333,0.0032009503333333,0.0009078683333333,0.0008958193333333,0.000683849,0.0008528973333333
0.0185190766666667,0.0079964326666666,0.0085948056666666,0.002574539,0.0031467566666666,0.00205758,0.0127930963333333,0.0175111,0.0001633203333333,0.0035594016666666,0.0294898893333333
