0.0031562726666666,0.0028657773333333,0.0,0.0040120796666666,0.0036536453333333,0.002244273,7.22933333333333e-06,0.0018985343333333,1e-05,1.65853333333333e-05,0.007065556
0.0024959273333333,0.014991828,0.0012957876666666,0.0147097953333333,0.0057081013333333,0.001357202,3.44973333333333e-05,0.0037071423333333,7.96283333333333e-05,0.000331714,0.003268723
0.000457443,0.009372059,0.0005540696666666,0.0039144656666666,0.0039162943333333,0.0013122313333333,3.708e-06,0.0021769583333333,0.001397843,2.31953333333333e-05,0.0050762253333333
0.002674091,0.0001393153333333,0.0,0.014466817,0.0,0.0,3.33333333333333e-06,0.0003614406666666,0.0,1.6951e-05,0.0120280676666667
0.0012605233333333,0.0105329713333333,0.0015921853333333,0.008981704,0.002903604,0.002262702,0.0,0.0054440216666666,5.25783333333333e-05,0.0003352936666666,0.0018113186666666
0.0005983856666666,0.003119818,0.0010286613333333,0.0017986103333333,0.0028736476666666,0.001003239,0.0,0.0008399966666666,0.0,3.33333333333333e-06,0.0013114863333333
0.0018895923333333,0.0025076836666666,0.0008789056666666,0.013836896,4.9243e-05,6.84466666666667e-06,0.0034526026666666,0.0067069243333333,0.001611641,0.002680197,0.0110227936666667
0.0022197406666666,0.0091852003333333,0.0037990446666666,0.0133905006666667,0.0053411836666666,0.0016421566666666,4.92946666666667e-05,0.0173078123333333,3.33333333333333e-06,0.000789341,0.0113229956666667
5.38736666666667e-05,2.40936666666667e-05,0.000882318,0.0003879353333333,0.0,2.87823333333333e-05,0.004742463,0.0005727756666666,0.0011444426666666,0.0062200326666666,0.0004328676666666
0.0010675553333333,0.0005431516666666,0.0007991823333333,0.0048412253333333,8.132e-06,0.0005313993333333,0.002556253,0.0017808893333333,0.0008399023333333,0.000164908,0.0011734566666666
0.0096938403333333,0.009343151,2.75436666666667e-05,0.0269198813333333,0.0057818533333333,0.0045741006666666,4.1777e-05,0.015769304,0.0003022643333333,0.0010507323333333,0.0308339373333333
