0.0106669186666667,0.001798171,0.0002386583333333,0.0004689116666666,0.0033141566666666,0.0004541046666666,0.0011546348333333,0.000649646,2.20428333333333e-05,0.0009852003333333,0.0027040696666666
0.006335419,0.010816722,0.002446668,0.0019700793333333,0.0043172523333333,0.0026190476666666,0.0053433706666666,0.0019330493333333,0.0003737603333333,0.002571702,0.004079915
0.0003926176666666,0.010304366,0.0014451813333333,0.002557178,0.0013118673333333,0.003065752,0.001517834,0.0011676216666666,0.0030520526666666,0.0031168373333333,0.0026376753333333
0.0001734963333333,0.0014402043333333,0.0003252633333333,0.0015659523333333,0.0005128946666666,0.0018716826666666,0.00102587,0.0005228986666666,2.599e-05,0.0009322946666666,0.000428836
0.0007745786666666,0.0046695723333333,0.0007799333333333,0.0005418473333333,0.0023147673333333,0.000312581,0.0014599676666666,0.0016101046666666,6.62823333333333e-05,0.0015731396666666,0.0024682463333333
0.0010583016666666,0.0024877163333333,0.0012295943333333,0.0007309473333333,0.0021108483333333,0.0016894033333333,0.0008721273333333,0.0006652223333333,0.0003390046666666,0.001086537,0.0019260776666666
0.0007759766666666,0.027418724,0.0024474543333333,0.0005938136666666,0.0016435966666666,0.0010249716666666,0.0017975616666666,0.0040157636666666,0.0023276213333333,0.0058036533333333,0.0064118843333333
0.004671833,0.0034486436666666,0.001550243,0.0015263766666666,0.0023140296666666,0.0023431846666666,0.005899494,0.0145056276666667,0.000457248,0.0035684866666666,0.0101151763333333
5.6141e-05,6.66666666666667e-06,9.9914e-05,0.0,2.8102e-05,3.33333333333333e-06,0.0007573063333333,7.88133333333333e-06,0.0008247246666666,0.0026884786666666,6.66666666666667e-06
0.002085286,0.0056204566666666,0.001640154,0.0011768543333333,0.0042987386666666,0.0018281363333333,0.0024127626666666,0.0023771636666666,0.0004880993333333,0.0031123203333333,0.004107706
0.0073204786666666,0.0061500446666666,0.007184089,0.0044037163333333,0.0060520696666666,0.0031178846666666,0.0076735446666666,0.0178257393333333,0.0001467246666666,0.0043159366666666,0.0262366973333333
