0.004681924,0.0032156846666666,0.0007063626666666,0.000573261,0.0032983496666666,0.0004048386666666,0.0019127508333333,0.0008676633333333,9.33885e-05,0.0009846696666666,0.0069683113333333
0.0043089803333333,0.0176544863333333,0.0022054233333333,0.00103907,0.0087938246666666,0.0014558233333333,0.0080982956666666,0.003901188,0.0001468986666666,0.0010003323333333,0.0050595273333333
0.0011682093333333,0.0069237503333333,0.0020193256666666,0.001956161,0.003989561,0.0036650993333333,0.003348627,0.005026418,0.000768854,0.00282026,0.0056461413333333
0.000982686,0.0028978676666666,0.0003072223333333,0.001576036,0.0009845286666666,0.0002816126666666,0.0008455766666666,0.000513108,1.9757e-05,0.000282275,0.0014077053333333
0.0050954916666666,0.0123213416666667,0.001705163,0.0009147163333333,0.006362743,0.0011412686666666,0.0094608806666666,0.002617164,0.000498512,0.0031878536666666,0.003422127
0.000577621,0.003487554,0.0019536526666666,0.0007544046666666,0.001450278,0.001066199,0.0006845476666666,0.0010410683333333,0.000206677,0.0005142483333333,0.001449731
0.005138061,0.016095908,0.0018711346666666,0.0047712566666666,0.010150994,0.001542978,0.0018062423333333,0.00797383,0.0030540736666666,0.00664285,0.0138858143333333
0.0054543226666666,0.0076033386666666,0.0052609476666666,0.0014842023333333,0.0070180206666666,0.0016824606666666,0.010459346,0.017424533,0.00066691,0.004981225,0.0141293506666667
0.000994889,0.00017151,0.0009538703333333,9.22096666666667e-05,0.0007881733333333,6.66666666666667e-06,0.006671263,6.66586666666667e-05,0.00182868,0.0058732143333333,5.69326666666667e-05
0.002334614,0.0046933833333333,0.0006367853333333,0.000416554,0.0034261573333333,0.000661213,0.0038347783333333,0.0022620093333333,0.0008020563333333,0.001404777,0.002026307
0.0153041936666667,0.013809598,0.0116061166666667,0.006544155,0.0095516106666666,0.003291635,0.0201694356666667,0.0253284213333333,0.0004685273333333,0.003921483,0.032409195
