0.0023147193333333,0.000589412,0.0003041783333333,0.0019137276666666,0.0013061446666666,0.0003678783333333,0.0018276433333333,0.0006565473333333,0.0,0.0003798033333333,0.0021181276666666
0.0022355036666666,0.0071303333333333,0.0031369896666666,0.001329222,0.003455319,0.0020868876666666,0.0070531656666666,0.0020419256666666,2.32103333333333e-05,0.000614559,0.003481963
0.0012081223333333,0.005385229,0.0022468603333333,0.0022758823333333,0.0053202856666666,0.002275828,0.000786132,0.0020538756666666,0.000621986,0.0019440663333333,0.0052963443333333
0.0011588193333333,0.0010968213333333,0.000122216,0.0012176423333333,0.0001526273333333,0.000103381,0.0009518143333333,0.000155303,3.33333333333333e-06,8.93906666666667e-05,0.000566989
0.0020898163333333,0.0055488133333333,0.0012318966666666,5.41933333333333e-05,0.0003684646666666,0.000457963,0.004640657,0.0017426463333333,3.6313e-05,0.000571978,0.0034746873333333
0.000252767,0.001470779,0.0006177386666666,0.0008821476666666,0.001953211,0.0024535523333333,0.0006248993333333,0.0003903446666666,0.000373939,0.0005730816666666,0.0014047726666666
0.0015324136666666,0.0063709203333333,0.002189475,0.0029298296666666,0.0018479606666666,0.0007670843333333,0.0016055723333333,0.0043409443333333,0.0016243333333333,0.0042027826666666,0.0058429173333333
0.00310098,0.002343815,0.0029111373333333,0.0005909203333333,0.0023390953333333,0.0010417373333333,0.0080059773333333,0.0086013836666666,2.48513333333333e-05,0.002513375,0.0071407183333333
1.034e-05,1.35e-05,0.0013483786666666,8.46666666666667e-06,0.0007048226666666,2.09906666666667e-05,0.002263567,0.0002430046666666,0.0005482996666666,0.002937724,2.4419e-05
0.0009072253333333,0.001499643,0.0001924676666666,0.0004723603333333,0.0007588356666666,0.00043227,0.0190454853333333,0.000948712,0.0004898576666666,0.00080425,0.0009624993333333
0.0115230346666667,0.0070587583333333,0.0037667876666666,0.0035207943333333,0.00611572,0.0021069923333333,0.0060889276666666,0.01409094,0.000143454,0.0036761693333333,0.03632967
