0.0042356666666666,0.001213166,0.0011275766666666,0.0017141146666666,0.002475909,0.0003894006666666,0.0017285193333333,0.0014842486666666,0.0002665116666666,0.0005327343333333,0.0105668973333333
0.0037011476666666,0.0122982813333333,0.0006078026666666,0.000984403,0.0038233216666666,0.0010366933333333,0.0031293546666666,0.001427785,3.8011e-05,0.0004426683333333,0.0028100876666666
0.0004490806666666,0.0167332956666667,0.0018975066666666,0.0029074656666666,0.003795244,0.0031027156666666,0.0009304443333333,0.0015097776666666,0.0020300933333333,0.001424797,0.0049334966666666
0.00110048,0.002381217,0.0001331286666666,0.002088459,0.000587202,0.0003254046666666,0.000411375,0.0009860706666666,6.3035e-05,0.0002340506666666,0.0005958203333333
0.0014970823333333,0.0121393133333333,0.0007700983333333,0.0031939213333333,0.002049108,0.0009032136666666,0.0014801283333333,0.0032107953333333,0.0001676656666666,0.0032644656666666,0.002774037
0.0005967016666666,0.00564141,0.000969781,0.001178819,0.0024311566666666,0.0018990363333333,0.0010368723333333,0.000490642,0.0002347276666666,0.000327,0.0018774326666666
0.002768962,0.0143076273333333,0.0013873286666666,0.002247576,0.007865456,0.0005308553333333,0.002109847,0.0060554546666666,0.0046656743333333,0.0019815256666666,0.0039564376666666
0.0051324446666666,0.005034328,0.0032267823333333,0.0035926846666666,0.007032888,0.0008213096666666,0.0075986103333333,0.0202435356666667,0.0001064353333333,0.0020329163333333,0.0243488366666667
6.91013333333333e-05,4.29896666666667e-05,0.0007791556666666,1.33333333333333e-05,3.3202e-05,1.0566e-05,0.003441235,3.61306666666667e-05,0.0009279206666666,0.004111794,0.0001272253333333
0.001358125,0.0060607883333333,0.0003586243333333,0.0003461866666666,0.0018241383333333,0.0010867683333333,0.0011494483333333,0.0022224733333333,0.0006736453333333,0.000696866,0.0029856446666666
0.013019511,0.0132470176666667,0.005632507,0.0032758296666666,0.0088196043333333,0.0034711756666666,0.004519766,0.023718159,0.000489945,0.0043275313333333,0.03700756
