0.0058136936666666,0.001078242,0.000299219,6.75476666666667e-05,0.0015731103333333,5.1732e-05,0.000385552,0.0003095646666666,0.0003307523333333,6.80696666666667e-05,0.001988515
0.0016636806666666,0.0071716113333333,0.0008530153333333,0.0006870586666666,0.0014822783333333,0.00062876,0.0013329383333333,0.0010515886666666,0.002561774,0.0002786006666666,0.0019472363333333
0.0003967333333333,0.0066375963333333,0.0011001223333333,0.0029259886666666,0.003705865,0.003161681,0.0006774193333333,0.0017654516666666,0.002739449,0.000510938,0.006122762
0.0001047706666666,0.001120809,0.0002411043333333,0.0020326176666666,0.000140516,0.000104588,0.0002756456666666,0.00013769,3.33333333333333e-06,1.74653333333333e-05,0.0007995996666666
0.000603507,0.0053807576666666,0.000835485,8.0476e-05,0.000238392,0.0003880023333333,0.0004518166666666,0.0018593886666666,0.000456882,0.0002709933333333,0.0007260476666666
0.0003720966666666,0.000964497,0.0006357256666666,0.0004228096666666,0.0012468013333333,0.000791957,0.0002442216666666,0.0002408573333333,0.0004598333333333,3.0669e-05,0.0008055336666666
0.0030783523333333,0.0059322976666666,0.000987315,0.0002278073333333,0.001292805,0.000144021,0.0025789966666666,0.003638219,0.003259581,0.000675863,0.0098049186666666
0.0015519476666666,0.00298809,0.003597881,0.000621477,0.001917652,0.000510966,0.0009133973333333,0.0082103036666666,0.0036726983333333,0.0009829933333333,0.005039901
3.33333333333333e-06,2.59946666666667e-05,0.000189719,0.0,2.30846666666667e-05,6.66666666666667e-06,0.0001366013333333,1.33333333333333e-05,0.005871195,6.66666666666667e-06,1e-05
6.7279e-05,5.28603333333333e-05,0.0003389213333333,6.66666666666667e-06,1.0849e-05,0.0,9.485e-06,2.27833333333333e-05,0.0003539396666666,2.56986666666667e-05,8.70193333333333e-05
0.0074381536666666,0.0121478856666667,0.003039968,0.0025809886666666,0.0041989683333333,0.003523427,0.0091389646666666,0.015724198,0.003246125,0.0008175046666666,0.03417996
