0.0077943703333333,0.00101104,0.0016990413333333,0.0045247016666666,0.0026674316666666,0.000680034,0.0017009571666666,0.001738233,0.0001144601666666,0.0007284753333333,0.0069002533333333
0.003235439,0.0076261326666666,0.0012523493333333,0.001443941,0.0128098263333333,0.0038987603333333,0.003173804,0.0015054286666666,0.0003694723333333,0.0007545893333333,0.0051937233333333
0.001546973,0.0083550126666666,0.002238632,0.003499717,0.0043650143333333,0.002574506,0.001750027,0.003164381,0.0042520663333333,0.0012658613333333,0.004768552
0.0007333806666666,0.0012769706666666,0.000103305,0.001778155,0.00018056,0.000279943,0.0005379963333333,0.0011613053333333,4.17253333333333e-05,0.0003960453333333,0.000987447
0.002187505,0.007859755,0.0023752836666666,0.0038361406666666,0.0025434803333333,0.0010147886666666,0.002148861,0.002863144,0.00019355,0.002859176,0.00283838
0.0004951503333333,0.002036284,0.0014135886666666,0.0004331753333333,0.0014863206666666,0.0017528776666666,0.000517059,0.0005750386666666,0.0003347453333333,0.000585255,0.0012840713333333
0.0023252523333333,0.013198749,0.0017425,0.0032524013333333,0.0023724056666666,0.0005920386666666,0.001682529,0.005422526,0.0036630076666666,0.0025556896666666,0.004487543
0.0049169456666666,0.0045309993333333,0.004844219,0.0028336346666666,0.004302932,0.0017599646666666,0.0071780516666666,0.0177629443333333,0.0002222386666666,0.0043890906666666,0.011379773
1.71573333333333e-05,0.0005523786666666,0.0021603043333333,1.07146666666667e-05,6.98846666666667e-05,3.33333333333333e-06,0.0042454823333333,9.35846666666667e-05,0.001033992,0.0040129076666666,2.1157e-05
0.0023093573333333,0.0080574493333333,0.000776421,0.0008162216666666,0.0015113906666666,0.0004393236666666,0.0015664996666666,0.0018711706666666,0.0008636803333333,0.0007494036666666,0.0022132513333333
0.0151547733333333,0.010666559,0.0077017686666666,0.0019253993333333,0.0111668626666667,0.0034086696666666,0.0059681863333333,0.0288124363333333,0.0005545243333333,0.0032009236666666,0.03936253
