0.0057318476666666,0.0006161673333333,0.0006791526666666,0.0005252703333333,0.001485736,0.000107723,0.0014869565,0.0020994023333333,1.04915e-05,0.0003773583333333,0.002574516
0.003417089,0.013424467,0.0016726103333333,0.000615075,0.004258633,0.0016781206666666,0.0059566003333333,0.0013570216666666,0.0001457393333333,0.000224679,0.0020949293333333
0.0003315416666666,0.0052005233333333,0.0014099666666666,0.0027047576666666,0.0033388606666666,0.0033794506666666,0.0007498296666666,0.001223503,0.0015786963333333,0.001630863,0.0045082516666666
0.001462423,0.0020689446666666,0.000108093,0.000818943,0.0001224076666666,0.0001402133333333,0.001802233,0.0003314536666666,6.66666666666667e-06,0.0002184443333333,0.0015544073333333
0.0021008146666666,0.008597337,0.0006748456666666,0.00036672,0.000637462,0.001080092,0.0047215763333333,0.003607637,2.51243333333333e-05,0.000674896,0.0018753196666666
0.0003315326666666,0.0020236376666666,0.0014611353333333,0.000694122,0.0013066176666666,0.0010526356666666,0.000563627,0.000323179,0.0001120713333333,7.68423333333333e-05,0.0012913613333333
0.003489421,0.0094861736666666,0.001077089,0.0017223086666666,0.0035708993333333,0.0005790406666666,0.0017888786666666,0.0061962446666666,0.0014280136666666,0.0036257556666666,0.01427461
0.003967333,0.004309199,0.0032750853333333,0.000779771,0.0035523076666666,0.0008502733333333,0.0085796873333333,0.0105867053333333,0.0001775476666666,0.0016720866666666,0.009731748
0.0,6.66666666666667e-06,8.17226666666667e-05,0.0,0.0007762806666666,3.33333333333333e-06,0.005338205,3.09266666666667e-05,0.00124298,0.003657448,2.94533333333333e-05
0.001169983,0.0019760363333333,0.0003868593333333,0.0002854816666666,0.000674884,0.0004485273333333,0.0031271086666666,0.000786835,0.000494355,0.0002569433333333,0.0011017016666666
0.008883157,0.0081430936666666,0.009396567,0.0021053673333333,0.005739325,0.001964841,0.0135842986666667,0.016240757,8.23796666666667e-05,0.004799028,0.04071782
