0.0037878386666666,0.0011868813333333,0.0004604086666666,0.0049892033333333,0.0016114876666666,0.0001868636666666,0.0015979636666666,0.0013601533333333,2.11413333333333e-05,0.0004599736666666,0.002766762
0.0021817323333333,0.0109871916666667,0.0009964843333333,0.0011241253333333,0.003839859,0.0020660566666666,0.0074737443333333,0.0030442813333333,0.0002156383333333,0.0010972373333333,0.0031045783333333
0.0001924633333333,0.005884998,0.0031327206666666,0.0027842993333333,0.003586999,0.00437547,0.001371727,0.0019171106666666,0.001363091,0.0028718936666666,0.0049522113333333
0.002205365,0.00155488,0.0002925263333333,0.001744448,0.0001590183333333,0.0010456956666666,0.0010053793333333,0.0004548433333333,0.000777722,9.19273333333333e-05,0.0002414126666666
0.0010687993333333,0.0047534733333333,0.0008662466666666,0.0029440236666666,0.001169093,0.0003451086666666,0.002265495,0.0016983976666666,0.0001328293333333,0.0012341443333333,0.002557837
0.0002789133333333,0.0017704223333333,0.001102554,0.0004582593333333,0.0014484866666666,0.0011731106666666,0.0007836023333333,0.0009031626666666,0.00031487,0.000443063,0.002531488
0.0023551816666666,0.007141832,0.0012447433333333,0.001483354,0.0030857083333333,0.0004755863333333,0.002389358,0.0077184083333333,0.0051905086666666,0.0024571456666666,0.0027247623333333
0.002031827,0.0099417203333333,0.0043468403333333,0.002335578,0.003120246,0.0008232996666666,0.0094991123333333,0.0082686933333333,0.0002442353333333,0.0034779046666666,0.0068623733333333
6.39466666666667e-06,6.66666666666667e-06,0.0004237126666666,3.33333333333333e-06,3.1535e-05,0.0,0.0041419926666666,3.28493333333333e-05,0.00122666,0.0044023346666666,0.0001041163333333
0.0012309956666666,0.005234104,0.0013298173333333,0.0001605646666666,0.0017442446666666,0.000667844,0.001700073,0.001513679,0.000341234,0.00244093,0.0058531706666666
0.0101411243333333,0.01148255,0.0081294686666666,0.0037510646666666,0.007894552,0.001366119,0.008752542,0.0185450043333333,0.000664277,0.0039358563333333,0.0221199983333333
