0.002657764,0.0039031976666666,1.33333333333333e-05,0.0096195883333333,0.0046113146666666,0.001312191,3.33333333333333e-06,0.0038165636666666,3.33333333333333e-06,4.24453333333333e-05,0.0096780106666666
0.006088739,0.0157241916666667,0.04438789,0.0039522506666666,0.0064299876666666,0.0030041726666666,5.08513333333333e-05,0.0078413476666666,3.33333333333333e-06,0.0004828596666666,0.0069486196666666
0.0018307933333333,0.0019918926666666,0.005114862,0.004677651,0.0068223016666666,0.0018078523333333,0.0,3.21666666666667e-05,0.019144007,3.62006666666667e-05,0.00299923
0.0064157586666666,7.9238e-05,0.0001313153333333,0.0214018716666667,6.66666666666667e-06,0.0,0.0,0.0020103,0.0,2.33966666666667e-05,0.0129092463333333
0.0027099,0.02988805,0.012500016,0.0032467216666666,0.0043998016666666,0.005001312,6.66666666666667e-06,0.0126648943333333,0.0,0.000342336,0.007597957
0.00103048,0.0035911326666666,0.002559942,0.002005267,0.0015505323333333,0.0011391166666666,7.735e-06,0.001812551,0.0,2.50703333333333e-05,0.0025143106666666
0.0043686603333333,0.0003501523333333,6.086e-06,0.0029141226666666,1.1681e-05,1.52646666666667e-05,0.0026079906666666,0.0002188063333333,0.0377980066666667,0.0026699796666666,0.009319591
0.0084387353333333,0.0144708373333333,0.020069734,0.0077542056666666,0.0085156643333333,0.0032762336666666,3.75793333333333e-05,0.0362449833333333,1.0592e-05,0.000322125,0.021108669
7.46333333333333e-05,4.58613333333333e-05,3.33333333333333e-06,8.43283333333333e-05,0.0,4.30966666666667e-06,0.0002878546666666,3.33333333333333e-06,0.0107280576666667,0.0056567016666666,0.0004363476666666
0.0028773936666666,0.0002330196666666,7.88166666666667e-06,0.001178834,0.0,0.0001099946666666,0.0018942353333333,0.000213022,0.016343835,0.001639779,0.0016543186666666
0.0120286273333333,0.013630506,0.0005881593333333,0.04404098,0.0047218263333333,0.0038109643333333,2.07306666666667e-05,0.0277204426666667,7.44166666666667e-06,0.000983258,0.0313769846666667
