0.004465294,0.0008952786666666,0.0007394953333333,0.0001350166666666,0.001229581,0.000152974,0.0014226583333333,0.0004445426666666,0.000279805,0.0008587226666666,0.002921232
0.0032283593333333,0.0070557403333333,0.002198895,0.001254401,0.0048492366666666,0.001381294,0.006935719,0.0014671263333333,0.000295017,0.0012455416666666,0.007965454
0.0014201006666666,0.007092141,0.001609334,0.0008093653333333,0.0017748506666666,0.0038341686666666,0.0030331996666666,0.0016109166666666,0.0024817856666666,0.0023886463333333,0.0020174523333333
0.001621812,0.0019745303333333,0.0001594336666666,0.000422799,0.000205432,0.0001413736666666,0.0016022296666666,0.000856487,0.0,0.001114962,0.0004236623333333
0.0017032776666666,0.0053710326666666,0.001345544,0.0007083046666666,0.003103256,0.0013412313333333,0.008255998,0.0033996186666666,5.3013e-05,0.001953956,0.003490399
0.000188072,0.0014919696666666,0.0015994956666666,0.0003131153333333,0.001687688,0.000642192,0.0009432296666666,0.0002077136666666,1.9072e-05,0.000240593,0.0009913506666666
0.0050840593333333,0.013048718,0.0015340653333333,0.0010967286666666,0.0097528453333333,0.0010770786666666,0.0022575013333333,0.010853845,0.002441383,0.0057188553333333,0.0128843773333333
0.0033526406666666,0.0411105266666667,0.002999692,0.0012856966666666,0.003910124,0.000862527,0.0102643086666667,0.0108399496666667,0.000255779,0.004571823,0.0064060246666666
1.7492e-05,2e-05,0.0012141033333333,4.57333333333333e-06,2.49243333333333e-05,1.27933333333333e-05,0.0022034936666666,6.63496666666667e-05,0.0007983726666666,0.000869393,1.04933333333333e-05
0.0009391646666666,0.001697324,0.0007289076666666,0.0005767483333333,0.001064822,0.000265446,0.003717858,0.001194286,0.0004055926666666,0.0012708273333333,0.001275182
0.0088373483333333,0.0141132086666667,0.0071233243333333,0.003100678,0.0078064226666666,0.0023656006666666,0.017619613,0.0143008383333333,0.0001979303333333,0.0051540836666666,0.0202465396666667
