0.0028585873333333,0.0064714716666666,0.0010972853333333,0.000731086,0.002690559,0.0013219133333333,0.0014059311666666,0.002172098,0.0003817075,0.0007148573333333,0.0104989766666667
0.003381595,0.007739816,0.0011131516666666,0.0017538743333333,0.004456122,0.0020231373333333,0.003452945,0.001415935,0.000693215,0.001143321,0.002191807
0.0015973276666666,0.0123773683333333,0.0020101363333333,0.0019445866666666,0.007178067,0.0028790886666666,0.000933316,0.0032009783333333,0.0016135443333333,0.0039668093333333,0.0065047026666666
0.0006187216666666,0.0053064786666666,0.000280369,0.0044552986666666,0.001624452,0.000817926,0.0060947263333333,0.0011286856666666,0.0004462923333333,0.0003178653333333,0.0010447946666666
0.004304506,0.0187634106666667,0.0026583063333333,0.001604351,0.0071290893333333,0.0040167143333333,0.00383248,0.0052857633333333,0.000861939,0.0019291353333333,0.008409043
0.0007579306666666,0.0062758596666666,0.0014280056666666,0.0005930916666666,0.0024701386666666,0.0018406356666666,0.0007011666666666,0.0020572856666666,0.000243716,0.0003469386666666,0.0022768416666666
0.003197978,0.0189157456666667,0.001296633,0.004134381,0.0049353236666666,0.0010021,0.0015508163333333,0.007054528,0.001154064,0.005137184,0.0089852313333333
0.0079587463333333,0.0100354873333333,0.004741303,0.0034981993333333,0.0107337356666667,0.0032108396666666,0.0073704606666666,0.027778322,0.0020198713333333,0.004023577,0.016587558
0.0001875373333333,0.001024269,0.000504683,0.0002979743333333,0.000473693,0.0002661136666666,0.005076952,0.000310904,0.0022575213333333,0.0070281923333333,0.0003858763333333
0.0018716313333333,0.0100526793333333,0.0012310096666666,0.0009668853333333,0.0024021513333333,0.0016545546666666,0.0029645346666666,0.0031543036666666,0.0011443946666666,0.0007747886666666,0.0044027983333333
0.0216180276666667,0.0147109046666667,0.007876268,0.004648231,0.0122656776666667,0.003391794,0.0092680263333333,0.0304515556666667,0.0011112046666666,0.0042922713333333,0.0415266166666667
