0.002224454,0.0005827256666666,0.0005674996666666,0.000247918,0.0019579846666666,0.000164919,0.0017335663333333,0.0025094203333333,8.2783e-05,0.000438776,0.0057194556666666
0.001300007,0.0084764126666666,0.0031706843333333,0.0067271516666666,0.0055222366666666,0.0014799673333333,0.0049423516666666,0.002305898,0.0002833893333333,0.0009971996666666,0.0028965773333333
0.000908197,0.006795175,0.0029126523333333,0.0038069316666666,0.003473675,0.003460988,0.0020044593333333,0.003373501,0.0016462,0.0011482246666666,0.0095213916666666
0.0002627653333333,0.0018260596666666,0.0003356586666666,0.0035366836666666,0.000498057,0.0001209516666666,0.000998166,0.0004869726666666,0.0001611726666666,0.0001860433333333,0.000344437
0.0022535326666666,0.006398057,0.0034887763333333,0.000494878,0.001612808,0.002143453,0.0019411883333333,0.0010994963333333,0.000911818,0.0012339666666666,0.00156508
0.0004582166666666,0.002327465,0.0016471996666666,0.0001615853333333,0.0013711233333333,0.0012631436666666,0.0013236253333333,0.000685924,0.00013768,0.0002571513333333,0.001034575
0.0033804113333333,0.018050305,0.0008406586666666,0.0010069356666666,0.0039851383333333,0.001438778,0.0019067,0.0059221793333333,0.001025171,0.002513772,0.009233476
0.003772735,0.0039854926666666,0.0035509283333333,0.001773063,0.005821998,0.001158334,0.0081071176666666,0.0150945966666667,0.000822545,0.0032096453333333,0.0068092706666666
4.0862e-05,0.0002873153333333,0.000463178,0.0001407016666666,0.0001189706666666,4.31356666666667e-05,0.00444994,0.0012432806666666,0.0018063476666666,0.00729337,2.80243333333333e-05
0.0007936043333333,0.0033954263333333,0.0002670253333333,0.0002488293333333,0.000824946,0.000658029,0.0029381053333333,0.0014902476666666,0.001244268,0.0008210916666666,0.0007596763333333
0.0168474823333333,0.0068418593333333,0.0065582296666666,0.001340583,0.004130458,0.0019156486666666,0.0154582496666667,0.015702155,0.0002191866666666,0.0047801876666666,0.0356751433333333
