0.004010392,0.003396496,0.0009790053333333,0.0012144766666666,0.0041335596666666,0.000772155,0.0012324115,0.0019207283333333,0.0001464665,0.002973126,0.0067381666666666
0.003025801,0.0199864193333333,0.002037439,0.000991675,0.0079784046666666,0.0036189816666666,0.006018421,0.0036101273333333,0.0004042216666666,0.004602985,0.0056339786666666
0.001537533,0.0047193196666666,0.0022684356666666,0.0012075533333333,0.0022436563333333,0.0032894366666666,0.0034846103333333,0.00182425,0.004962219,0.0042519653333333,0.0041410773333333
0.0009797346666666,0.0019833783333333,0.000219426,0.001686705,0.0010472823333333,0.0014275813333333,0.001190202,0.0009527136666666,0.000156185,0.001691037,0.0013980596666666
0.0026418176666666,0.010814977,0.0008379803333333,0.00085578,0.0029090936666666,0.002489482,0.002349884,0.0022769573333333,0.0004481353333333,0.0044825326666666,0.003184371
0.001480384,0.0037873106666666,0.0011335876666666,0.000631928,0.0022532856666666,0.0020576873333333,0.000548843,0.0011940513333333,0.0002133173333333,0.001758936,0.0024585276666666
0.001294287,0.0126548453333333,0.003645244,0.0010372166666666,0.003534962,0.0012299286666666,0.0011683473333333,0.004533196,0.0031865323333333,0.009676125,0.0070764436666666
0.0065942966666666,0.0058047643333333,0.0043294173333333,0.0017966263333333,0.0041383093333333,0.0025872896666666,0.0072158496666666,0.0299617576666667,0.0007744476666666,0.0028811496666666,0.0164622353333333
6.66666666666667e-06,4.12693333333333e-05,0.0011051616666666,0.0006346076666666,6.1046e-05,2.0451e-05,0.0004989093333333,1.8751e-05,0.0013866223333333,0.0022488733333333,3.00173333333333e-05
0.008314095,0.0136920453333333,0.0072241903333333,0.0052609016666666,0.0108118916666667,0.008064458,0.0016180753333333,0.0039103006666666,0.0010637336666666,0.004185123,0.0124591616666667
0.0152902696666667,0.0094620843333333,0.0082463293333333,0.004968729,0.0117448883333333,0.00357491,0.0110911216666667,0.0281103766666667,0.001405546,0.0086367863333333,0.0437834533333333
