0.0042174703333333,0.002309757,0.0026819783333333,0.0034838823333333,0.002450171,0.0008965613333333,0.00228742,0.0013390233333333,0.0001362563333333,0.0005778603333333,0.0059143213333333
0.0023884733333333,0.0191529563333333,0.0011760663333333,0.001236907,0.0089154143333333,0.0016951166666666,0.005259301,0.002000308,0.0002142643333333,0.0012542353333333,0.0049467483333333
0.001159573,0.00477207,0.0017855133333333,0.0031636286666666,0.003483644,0.0026800943333333,0.005498235,0.004178603,0.0014568943333333,0.0019555783333333,0.0062286973333333
0.0006515796666666,0.001950353,0.00024539,0.002360455,0.0007088333333333,0.0005014056666666,0.0011188423333333,0.0013981606666666,3.86723333333333e-05,0.0001901186666666,0.0005597436666666
0.0039947533333333,0.0099605093333333,0.0013244553333333,0.0003660083333333,0.0020813763333333,0.0007058276666666,0.0058893826666666,0.0027266693333333,0.0004392023333333,0.001660794,0.0044653946666666
0.0005529283333333,0.0021979463333333,0.0008354023333333,0.0006621996666666,0.002120632,0.0021297003333333,0.0008345533333333,0.000495201,0.000382333,0.0007136206666666,0.0020378566666666
0.0025015453333333,0.0117590836666667,0.0014206833333333,0.0023284183333333,0.0041452306666666,0.001796722,0.0025294356666666,0.0056222646666666,0.003721081,0.0055419,0.0113603853333333
0.007443371,0.0047400326666666,0.0045680726666666,0.0017629356666666,0.004965136,0.0021098503333333,0.010347721,0.016640656,0.0004033793333333,0.002559614,0.0130353916666667
4.11e-05,0.0,0.0034385853333333,1.57913333333333e-05,6.85486666666667e-05,0.0,0.004290129,1.36536666666667e-05,0.001295778,0.0042739756666666,2.2741e-05
0.00168277,0.0042527536666666,0.0007289226666666,0.0009466773333333,0.0023165306666666,0.000765139,0.0027676983333333,0.003598535,0.0007290386666666,0.0006951523333333,0.0101254953333333
0.0167480266666667,0.011287067,0.0091602406666666,0.0029856073333333,0.0085396503333333,0.005976713,0.0164875903333333,0.020086598,0.0018893866666666,0.0041342576666666,0.03749942
