0.0070910146666666,0.0010106063333333,2.19813333333333e-05,0.0041334016666666,0.0026772103333333,0.00021252,2.16343333333333e-05,0.000961315,0.0,0.0001248756666666,0.0047579826666666
0.0041407363333333,0.0154383193333333,0.001684586,0.0163095163333333,0.0054065873333333,0.0010464913333333,5.3228e-05,0.002678508,3.33333333333333e-06,4.93476666666667e-05,0.004555272
0.001018738,0.0072837683333333,0.0030921276666666,0.0040248693333333,0.0031799333333333,0.001534089,0.0,0.0015010343333333,0.0011943233333333,0.000264935,0.0051793903333333
0.0042284,0.00027389,6.09933333333333e-06,0.0113897443333333,0.0,0.0,0.0,0.0003464583333333,3.33333333333333e-06,1.33333333333333e-05,0.0106113036666667
0.0023680866666666,0.0139710423333333,0.0010351093333333,0.0058277613333333,0.0021928223333333,0.0005881996666666,6.5e-06,0.005111565,1.00103333333333e-05,6.4198e-05,0.0040149196666666
0.0005121526666666,0.0033438916666666,0.0004974883333333,0.0020102566666666,0.0015834826666666,0.001366862,0.0,0.0005910526666666,0.0,3.14096666666667e-05,0.001925432
0.002553327,0.001428064,0.003423171,0.0172523586666667,2.48446666666667e-05,1.8312e-05,0.001168865,0.006774145,0.0008954186666666,0.0031069176666666,0.010154483
0.0036474863333333,0.0058629693333333,0.0037444263333333,0.009733773,0.005908171,0.001965403,8.2208e-05,0.0180161836666667,0.0,0.0002027426666666,0.0108699823333333
6.66666666666667e-06,3.09163333333333e-05,0.000815694,0.0002847073333333,0.0,1.8656e-05,0.006111435,0.0001067293333333,0.0015880943333333,0.0058897593333333,7.91133333333333e-05
0.00115014,0.0002737543333333,0.0009864536666666,0.003588231,1.5676e-05,0.0004024613333333,0.006184719,0.001081731,0.000399015,0.0002091336666666,0.00152055
0.0138476123333333,0.0077477106666666,0.00139479,0.025485335,0.0079574783333333,0.0019920776666666,1.06666666666667e-05,0.0190178253333333,3.33333333333333e-06,0.0009092956666666,0.029404912
