0.002591252,0.0009383583333333,0.0009500453333333,0.0006620536666666,0.001844841,0.000221765,0.0018080563333333,0.000910671,3.33333333333333e-06,0.000942646,0.0035842103333333
0.0017364786666666,0.010447109,0.003038502,0.000618705,0.0043155583333333,0.0024436916666666,0.0076910536666666,0.001499264,2.4992e-05,0.001255142,0.0017560116666666
0.0004897606666666,0.0050836986666666,0.0017040223333333,0.0021288603333333,0.004796198,0.002103241,0.0026212576666666,0.0014011656666666,0.0008985973333333,0.002140756,0.0038221086666666
0.001092706,0.000788853,0.0004606956666666,0.0004801686666666,0.000185898,0.0004239783333333,0.0015762286666666,0.0003706603333333,0.0,0.0002102053333333,0.0002750103333333
0.0020370383333333,0.0058602126666666,0.0019525906666666,0.000301898,0.0063551253333333,0.0006986586666666,0.0047081926666666,0.0025418796666666,6.61893333333333e-05,0.0011882546666666,0.0016946656666666
0.0004255136666666,0.0017390363333333,0.0015171806666666,0.0007035713333333,0.0015333996666666,0.0012517493333333,0.0010452646666666,0.0001975006666666,0.0003305596666666,0.000499086,0.0009547543333333
0.0023712493333333,0.010588741,0.0016886403333333,0.001620483,0.002608273,0.000612021,0.0017189136666666,0.0056002966666666,0.0017061546666666,0.0067808003333333,0.0055617506666666
0.0038454083333333,0.0084022516666666,0.003070768,0.0018671216666666,0.0027359663333333,0.0012500786666666,0.0097262096666666,0.007844606,2.5113e-05,0.0041684486666666,0.006208402
2.536e-05,2.21203333333333e-05,0.0044825673333333,7.38133333333333e-06,3.21246666666667e-05,0.0,0.004511845,4.6533e-05,0.0010802676666666,0.003442149,2.29816666666667e-05
0.0008992276666666,0.0021749123333333,0.0004678816666666,0.0003735953333333,0.000830576,0.000196835,0.0029633363333333,0.0008057593333333,0.0003816463333333,0.0008026523333333,0.0007674433333333
0.0212563016666667,0.0096352353333333,0.0064235463333333,0.0025758053333333,0.004048882,0.001697463,0.0087521976666666,0.019810898,8.17336666666667e-05,0.0038885716666666,0.0288580346666667
