0.006687253,0.0010873063333333,0.000780314,0.0013547933333333,0.0014437773333333,0.0001951563333333,0.0020418218333333,0.0005859613333333,5.93098333333333e-05,0.0011469516666666,0.0062410776666666
0.0038774226666666,0.0088007226666666,0.002435664,0.0013224213333333,0.0043248216666666,0.0009905453333333,0.007282509,0.001028563,0.0004219213333333,0.001243979,0.014611197
0.0012874683333333,0.0065828003333333,0.001055112,0.000694637,0.001370442,0.0022998846666666,0.0016083273333333,0.001150699,0.0017723753333333,0.0017222373333333,0.0023415406666666
0.002789734,0.0014122086666666,0.0002132396666666,0.0005070616666666,0.0002361996666666,0.000274284,0.001965147,0.0003223923333333,3.33333333333333e-06,0.0005643993333333,0.0005313916666666
0.0015088846666666,0.0061913856666666,0.000648942,0.000124712,0.0021405843333333,0.001625226,0.008991864,0.00485309,0.0003157656666666,0.002194437,0.00358356
0.000187178,0.002240407,0.0017085636666666,0.000478004,0.0020837456666666,0.0011207646666666,0.0011991253333333,0.0003310223333333,1.60326666666667e-05,0.0003275533333333,0.001934833
0.0045791643333333,0.0138267413333333,0.0013425426666666,0.0014642826666666,0.0070962023333333,0.0012096493333333,0.004450141,0.0097817953333333,0.001470098,0.0057131556666666,0.0121972456666667
0.002684158,0.004151715,0.0036072823333333,0.0013329046666666,0.006261081,0.0009298253333333,0.0101098503333333,0.010068901,0.0004942103333333,0.004516573,0.0079083173333333
1.45266666666667e-05,2.80123333333333e-05,0.0009527503333333,8.472e-06,5.10086666666667e-05,3.33333333333333e-06,0.0016601086666666,3.2281e-05,0.0007209043333333,0.000934529,1.45686666666667e-05
0.0011642506666666,0.002189896,0.0010333263333333,0.000343516,0.001113949,0.000595588,0.003385364,0.0013380583333333,0.00155077,0.00042216,0.001269376
0.024932979,0.0135587763333333,0.0069894683333333,0.0018192006666666,0.008549066,0.0017181716666666,0.0182813753333333,0.016587619,0.0002429526666666,0.00498155,0.0216364036666667
