0.0013800936666666,5.82643333333333e-05,7.00643333333333e-05,0.000624589,0.001467545,0.0,0.0013925978333333,3.38493333333333e-05,1.73898333333333e-05,8.268e-06,0.006118468
0.001565385,0.011156716,4.23026666666667e-05,0.0023547623333333,0.0053469466666666,0.00216819,0.0097330376666666,0.0025111493333333,0.000232213,4.8187e-05,0.009991171
0.000485962,0.0060943273333333,0.0009094746666666,0.0026643233333333,0.0049809653333333,0.0021411763333333,0.001236067,0.00175951,0.0011423016666666,0.0024030636666666,0.005638864
0.0005397083333333,0.0030977173333333,0.0003536716666666,0.0011790526666666,0.0003594963333333,0.0003917706666666,0.0016005846666666,1.3555e-05,6.66666666666667e-06,1.6356e-05,0.0016535616666666
0.002455399,0.0089423606666666,0.001552561,0.0013220823333333,0.0010954556666666,0.0004778226666666,0.0049241056666666,0.0043092583333333,0.0001323413333333,2.2785e-05,0.0042927013333333
0.0001745296666666,0.003744946,0.0006325756666666,0.0008324906666666,0.0012655723333333,0.000570633,0.000544452,0.0005896113333333,0.000116592,3.33333333333333e-06,0.001481121
0.001985998,0.0117074636666667,0.0042270136666666,0.0009627936666666,0.003776527,0.0010269113333333,0.003381107,0.012191865,0.0018264586666666,0.0036122046666666,0.0130308783333333
0.003234222,0.0011779046666666,0.0001345216666666,0.0018311596666666,0.000210814,9.95766666666667e-06,0.013561905,0.0272225763333333,0.0007237363333333,0.00021339,0.0405545533333333
0.0013812646666666,0.000139328,0.000804176,2.07036666666667e-05,0.0003463286666666,2e-05,0.004827475,0.0095980903333333,0.00149792,0.005571092,4.85263333333333e-05
0.0012748006666666,0.0023183076666666,0.0006830093333333,0.000851981,0.0008729006666666,0.0008284316666666,0.002704602,0.00158756,0.0005411463333333,0.000458622,0.0007991363333333
0.01333985,0.000154913,2.5887e-05,0.0057941363333333,4.4551e-05,1.25533333333333e-05,0.0156888363333333,0.0001119563333333,0.000426949,8.3703e-05,0.113630886666667
