0.0034500263333333,0.0026355956666666,0.0008048493333333,0.0006448743333333,0.001654638,5.01926666666667e-05,0.0007342705,0.000519036,0.0004551221666666,0.000217157,0.006056258
0.0007781796666666,0.0154260033333333,0.0021758683333333,0.0009839966666666,0.0018022526666666,0.0005327143333333,0.0032502846666666,0.001712112,0.003987602,0.0007748756666666,0.0036070046666666
0.000365683,0.009176411,0.0004935123333333,0.001697423,0.0035619766666666,0.000948668,0.0012163523333333,0.001664888,0.002963103,0.0004750326666666,0.004273979
0.0001480356666666,0.004084361,0.000167437,0.0003823896666666,0.0002699723333333,0.0002043356666666,0.0006717016666666,0.0004990976666666,3.33333333333333e-06,0.0001441136666666,0.0013067533333333
0.0020445363333333,0.0112112673333333,0.0005034376666666,0.000151751,0.001820002,0.000538392,0.001517264,0.0021969813333333,0.0007249573333333,0.001047633,0.002592329
0.000149916,0.0030840356666666,0.0004563193333333,0.0003200986666666,0.000817943,0.0004734403333333,0.000328817,0.000381922,0.0002053906666666,0.0002053016666666,0.001102257
0.0018266573333333,0.016543926,0.0016862203333333,0.000591257,0.0019092783333333,0.0005800026666666,0.0031904636666666,0.0031410936666666,0.001790296,0.004336866,0.012574581
0.002077742,0.005285463,0.0026668953333333,0.0007072813333333,0.0029725516666666,0.000710137,0.0035177816666666,0.016881467,0.0023782823333333,0.0023654686666666,0.005463977
1.7788e-05,0.000244526,0.0010823586666666,8.23466666666667e-06,5.30836666666667e-05,3.33333333333333e-06,0.0006273166666666,0.0033229776666666,0.0030596616666666,0.0044709283333333,5.8083e-05
0.000891476,0.0032772633333333,0.0002433716666666,0.0001646776666666,0.0006931313333333,0.0001276243333333,0.00206893,0.0009907336666666,0.0015381416666666,0.000123872,0.0013004623333333
0.0136814343333333,0.010921958,0.005856218,0.0038848336666666,0.001923229,0.0018076286666666,0.0110336883333333,0.0163424076666667,0.0026802746666666,0.0044233136666666,0.0408754866666667
