0.0051462593333333,0.0012997366666666,0.0006314616666666,0.0002392063333333,0.0014412663333333,0.000159036,0.0019430268333333,0.000927168,4.33471666666667e-05,0.0006420116666666,0.003777736
0.0016323513333333,0.0079956186666666,0.0010131536666666,0.000968114,0.0033803246666666,0.000973219,0.0035522723333333,0.006837846,0.000207463,0.0007458836666666,0.006060479
0.000282478,0.006455254,0.0016132526666666,0.0028283443333333,0.003324539,0.0020925956666666,0.001405844,0.0030576913333333,0.0015085573333333,0.0017266393333333,0.004883125
0.004298142,0.0016311446666666,0.0001211876666666,0.0008257296666666,0.0003154663333333,0.00019609,0.0013647973333333,0.0002273266666666,1.845e-05,0.0003651596666666,0.0001739506666666
0.0012781396666666,0.007983974,0.0016858933333333,0.0001266233333333,0.0009122353333333,0.000623016,0.0034970023333333,0.0032773073333333,0.0001765536666666,0.0005835046666666,0.0021790343333333
0.0002283806666666,0.002099166,0.0018472873333333,0.000518835,0.0010934026666666,0.000410339,0.0005041123333333,0.0003147,0.000147916,0.000224516,0.0009539273333333
0.004015928,0.0096893773333333,0.0014161153333333,0.0010595093333333,0.0037625923333333,0.001447816,0.0016111733333333,0.0093365923333333,0.0014899256666666,0.0051204803333333,0.0138456556666667
0.0026091923333333,0.0061582976666666,0.003332155,0.000725752,0.0042645796666666,0.0009965426666666,0.0087899983333333,0.0116947596666667,0.000503798,0.0035960853333333,0.004835731
2.1348e-05,1.42946666666667e-05,0.001034932,3.33333333333333e-06,0.0010829066666666,7.55633333333333e-06,0.0040800403333333,0.0002025556666666,0.001441084,0.004260749,3.33333333333333e-06
0.001116057,0.001461581,0.0004666883333333,0.000207459,0.0008778123333333,0.00061648,0.003078155,0.001213463,0.000533115,0.0003843823333333,0.0008327903333333
0.0090683163333333,0.009022576,0.0058213893333333,0.002852688,0.0052855663333333,0.0013882806666666,0.0135776936666667,0.012145731,0.0001881536666666,0.0030329603333333,0.0156570903333333
