0.0053840443333333,0.000704658,0.0023118846666666,0.000727964,0.0019351463333333,0.000866277,0.0018852068333333,0.0003676206666666,1.00068333333333e-05,0.0006454,0.0031310906666666
0.003974884,0.009414233,0.001215466,0.000981234,0.0029983023333333,0.001243911,0.005987741,0.0017063373333333,0.000146024,0.0011580166666666,0.0030621043333333
0.0008888196666666,0.0060610726666666,0.0014454603333333,0.004418541,0.0038771053333333,0.0036694006666666,0.0041043153333333,0.0016498806666666,0.001651979,0.0031715276666666,0.0054840403333333
0.0001311813333333,0.0014209173333333,0.0002818683333333,0.0026221506666666,0.0006990843333333,0.0002044243333333,0.0019992126666666,0.0003343736666666,6.66666666666667e-06,0.0002291253333333,0.00033441
0.0010498173333333,0.0044025426666666,0.0007829616666666,0.000285195,0.0023638423333333,0.0002950153333333,0.0024807213333333,0.0015761493333333,0.000210596,0.001724907,0.002773586
0.000366537,0.0014908703333333,0.000686857,0.0006695793333333,0.0027545366666666,0.0028330136666666,0.0009429293333333,0.0002184236666666,0.000500729,0.000959821,0.0012099696666666
0.0026309846666666,0.008623426,0.001148837,0.0019668726666666,0.0035820073333333,0.0005320816666666,0.0027301046666666,0.0035445753333333,0.003658323,0.0042894496666666,0.0130822666666667
0.0029212563333333,0.003013246,0.0037763013333333,0.0013802433333333,0.002662118,0.0015740693333333,0.0085293136666666,0.016520604,0.0006914553333333,0.004308046,0.0085695236666666
6.5665e-05,0.0,0.0005667803333333,0.0,3.5739e-05,0.0,0.0071198446666666,0.006735163,0.0015213716666666,0.004452126,3.33333333333333e-06
0.000944315,0.0019785463333333,0.000554813,0.0003538546666666,0.000817015,0.0002851856666666,0.0020859576666666,0.0011105576666666,0.0009022966666666,0.0010459793333333,0.000841602
0.012320502,0.0085385143333333,0.0088118493333333,0.0022885833333333,0.0061114146666666,0.007280889,0.017030078,0.02226185,0.0003293133333333,0.004310773,0.0271399926666667
