0.0023545136666666,0.0012129983333333,0.000763489,0.000814363,0.0015495346666666,0.0006085643333333,0.003960763,0.001658164,0.0006656216666666,0.000519343,0.0059321283333333
0.0030342813333333,0.014014794,0.0010752743333333,0.002272486,0.0082898553333333,0.001668962,0.004150673,0.0042953376666666,0.000374657,0.0006953413333333,0.0036738866666666
0.002229532,0.011890007,0.0022748566666666,0.0028289203333333,0.003727153,0.003176645,0.004017055,0.003551246,0.0016979036666666,0.001599493,0.0052048373333333
0.001674196,0.0013456726666666,0.0001998493333333,0.0022185346666666,0.000621295,0.0002817073333333,0.0017654136666666,0.0005894783333333,0.0003315336666666,8.1237e-05,0.001502186
0.002945508,0.0127920373333333,0.001010413,0.0003059356666666,0.0027101566666666,0.0007580523333333,0.005975793,0.002032962,0.0005686833333333,0.001769269,0.0056457876666666
0.00226015,0.0024860923333333,0.001288582,0.0014659083333333,0.0028388133333333,0.002768766,0.000754789,0.000268009,0.0004642776666666,0.0005052913333333,0.0021427516666666
0.0052510513333333,0.0090069646666666,0.0018928456666666,0.001276525,0.003296548,0.001742549,0.0015398203333333,0.004849888,0.004404753,0.003221449,0.00807271
0.0057274566666666,0.0060489766666666,0.004480813,0.001142092,0.0036266946666666,0.001591447,0.0092557546666666,0.014801025,0.0003952763333333,0.003927351,0.0199560406666667
0.0001672406666666,1.7516e-05,0.0010577583333333,2.02176666666667e-05,9.20953333333333e-05,0.0,0.0032439826666666,1.33333333333333e-05,0.0015670273333333,0.0042830256666666,0.0001551693333333
0.001654273,0.002593333,0.0009175866666666,0.0006294183333333,0.0011638643333333,0.0013457506666666,0.0017151436666666,0.002559963,0.0013509746666666,0.0021803586666666,0.0059216456666666
0.0162872653333333,0.0149345486666667,0.0125350136666667,0.003544381,0.007388938,0.0051721413333333,0.013997131,0.0272146413333333,0.0004112353333333,0.004173691,0.0278304023333333
