0.0026958593333333,0.0011854543333333,0.0004839376666666,0.0041225443333333,0.0030708886666666,4.56086666666667e-05,0.0027708886666666,0.001876276,9.08906666666667e-05,0.0004870813333333,0.006644662
0.0005880476666666,0.0133715606666667,0.002148388,0.0006128183333333,0.0025186976666666,0.0019077933333333,0.006361742,0.0081432963333333,0.0003236306666666,0.0009506826666666,0.0028010476666666
0.0002823046666666,0.007420032,0.0017778236666666,0.0022914013333333,0.0034210086666666,0.0018259606666666,0.0066848896666666,0.0031580316666666,0.001955997,0.0021485083333333,0.0053892183333333
0.000499462,0.003032599,0.0001610943333333,0.0010413006666666,0.0002120436666666,9.66436666666667e-05,0.0056312983333333,0.000512306,0.0,0.000537095,0.0006500973333333
0.003377806,0.0086663493333333,0.0011409346666666,0.0004367783333333,0.0014568133333333,0.0005148753333333,0.0033978486666666,0.0031229416666666,0.000125278,0.001240403,0.0080413113333333
0.0001688396666666,0.0029466863333333,0.000543787,0.0003200853333333,0.0010819363333333,0.0008533816666666,0.0011108146666666,0.001214363,3.46516666666667e-05,0.0004702073333333,0.0009840033333333
0.001422775,0.0166287236666667,0.0007722663333333,0.000832865,0.0020495963333333,0.000479933,0.0020089286666666,0.0093895613333333,0.000852855,0.00428487,0.0109487013333333
0.0019440073333333,0.0076372543333333,0.0029746973333333,0.001138869,0.0027607516666666,0.0017308806666666,0.0126590383333333,0.0210242163333333,0.0002459146666666,0.003627352,0.0058357086666666
0.0009529416666666,9.9998e-05,0.0008472843333333,1.1424e-05,0.000291429,3.33333333333333e-06,0.0050604546666666,3.76533333333333e-05,0.0015080593333333,0.0054146633333333,0.0
0.0007074823333333,0.003287897,0.000240271,7.65663333333333e-05,0.000565314,0.000181051,0.001956673,0.001735359,0.0003417916666666,0.0007896733333333,0.0005417923333333
0.0092815566666666,0.0096328023333333,0.0051417056666666,0.001443248,0.0051026543333333,0.0024086716666666,0.015178267,0.012325148,0.0006171776666666,0.0047148846666666,0.0387169866666667
