0.0031595343333333,0.0031142096666666,0.0005168536666666,0.0032636763333333,0.0031140253333333,0.00066714,0.0026826485,0.002619685,8.66958333333333e-05,0.001900867,0.005418813
0.0222484983333333,0.008792705,0.0021428226666666,0.003419875,0.015497113,0.0038474043333333,0.0048025943333333,0.0039105426666666,0.0014643696666666,0.0030444776666666,0.0053912613333333
0.0008276623333333,0.0051196413333333,0.0024528513333333,0.00210043,0.0017584676666666,0.0038016866666666,0.002062403,0.0013758953333333,0.002281405,0.0030972436666666,0.0028091293333333
0.0011131456666666,0.0027591796666666,0.000232385,0.0025684703333333,0.0012105433333333,0.001455988,0.0006546383333333,0.0008357383333333,3.33333333333333e-06,0.001023713,0.0014636856666666
0.0017586876666666,0.0098766793333333,0.001168376,0.0008487023333333,0.0033454286666666,0.0013532166666666,0.0023649073333333,0.0024864466666666,0.000184081,0.0031542963333333,0.0033755593333333
0.00105516,0.0040015836666666,0.0013329666666666,0.0004107923333333,0.002593677,0.0026881103333333,0.0006258956666666,0.0010445926666666,0.000337592,0.0015210653333333,0.0021155096666666
0.0013794406666666,0.0073112543333333,0.0012836173333333,0.001182794,0.0029214463333333,0.0008653743333333,0.0041951123333333,0.0049405016666666,0.002609936,0.006767832,0.007810885
0.0047097443333333,0.0058771913333333,0.0023516593333333,0.0021557256666666,0.00574962,0.002978883,0.009892876,0.0269022026666667,0.0007555476666666,0.0051800256666666,0.0185205976666667
7.62603333333333e-05,3.33333333333333e-06,0.0007066366666666,0.0,5.45536666666667e-05,3.33333333333333e-06,0.0038182806666666,6.67786666666667e-05,0.0008657613333333,0.002694143,1.01033333333333e-05
0.0033317133333333,0.0053903473333333,0.0024862686666666,0.0024531406666666,0.0047461423333333,0.003278173,0.0070151676666666,0.0029906643333333,0.0007214743333333,0.002908629,0.0048617103333333
0.0097845073333333,0.0120281643333333,0.0057792736666666,0.0032042566666666,0.0065961983333333,0.0024567323333333,0.0104471643333333,0.0189795333333333,0.0007319423333333,0.0050619846666666,0.0217963523333333
