0.0021824156666666,0.0013481273333333,0.000185149,0.000912551,0.0019967206666666,0.0001984303333333,0.0015387235,0.002157885,0.0001069831666666,0.0018543303333333,0.0071383913333333
0.0024964786666666,0.0114337126666667,0.0008592023333333,0.00088025,0.005385196,0.0011031803333333,0.0038264803333333,0.0017433776666666,0.0004679806666666,0.0025427223333333,0.0024557233333333
0.0006656486666666,0.0057258753333333,0.0004862986666666,0.001027197,0.0011543883333333,0.001186802,0.0006559406666666,0.0009425586666666,0.0041311046666666,0.001327361,0.0033798396666666
0.000427222,0.002545756,0.000106311,0.001969577,0.000809423,0.0004588363333333,0.000739818,0.0007502466666666,3.33333333333333e-06,0.0006457756666666,0.0006402846666666
0.0010912996666666,0.0149482046666667,0.0009046313333333,0.000233621,0.002112575,0.000697184,0.0011664246666666,0.0016446803333333,5.0342e-05,0.0025360653333333,0.001900446
0.0009605453333333,0.0039032626666666,0.0009152816666666,0.0004171386666666,0.0017950943333333,0.0008495133333333,0.0004768996666666,0.0008671433333333,0.0002516056666666,0.000846868,0.0013059153333333
0.0011937456666666,0.0146587676666667,0.0006717353333333,0.000404719,0.001352529,0.0005026106666666,0.0014682486666666,0.0046566773333333,0.002028604,0.005301914,0.005905599
0.0030177446666666,0.005134354,0.0024257653333333,0.0011695833333333,0.00309723,0.0017719013333333,0.0076894806666666,0.0194323363333333,0.0005755906666666,0.003491015,0.013926868
3.33333333333333e-06,1e-05,0.000467335,6.66666666666667e-06,3.57186666666667e-05,0.0,0.001835286,2.75913333333333e-05,0.0008359933333333,0.0025457276666666,7.92666666666667e-05
0.0057116973333333,0.006359188,0.000901019,0.0008302253333333,0.0065695193333333,0.002082644,0.0056554673333333,0.0023334816666666,0.00062204,0.0022674236666666,0.0104117766666667
0.011982984,0.0074135296666666,0.0090303143333333,0.004510055,0.005727867,0.0015707803333333,0.0131766986666667,0.0145938576666667,0.0002617653333333,0.005789271,0.0397817
