0.004630347,0.0021474523333333,2.66666666666667e-05,0.0054048136666666,0.0025502513333333,0.001191499,3.33333333333333e-06,0.0018707036666666,7.87333333333333e-06,6.7849e-05,0.0031794526666666
0.0037661716666666,0.0111110426666667,0.002836413,0.0168421466666667,0.0068203786666666,0.0022222563333333,0.3949168,0.003676675,3.33333333333333e-06,8.7842e-05,0.0046551843333333
0.0006380643333333,0.0066789593333333,0.003483958,0.003221496,0.0057747783333333,0.0021202783333333,0.0,0.002224727,0.0011481073333333,4.63276666666667e-05,0.0043229576666666
0.0042695853333333,8.53073333333333e-05,8.23033333333333e-06,0.023763301,0.000114176,6.66666666666667e-06,3.33333333333333e-06,0.000942229,6.66666666666667e-06,1e-05,0.0077716913333333
0.0013056973333333,0.011848792,0.0016154816666666,0.006287645,0.004831378,0.0025084346666666,0.0,0.008903241,1.67903333333333e-05,0.0001094696666666,0.0043524356666666
0.0005517856666666,0.002743433,0.0010126506666666,0.0015403336666666,0.001087767,0.000801007,0.0,0.001325761,0.0,0.0001076876666666,0.001659126
0.0039299213333333,0.001975547,0.003828989,0.017203026,0.000129075,0.000239657,0.0014609456666666,0.0082596603333333,0.0007664233333333,0.0027968923333333,0.0071986116666666
0.0038400273333333,0.0089975426666666,0.00393189,0.014895236,0.0075176603333333,0.0023064066666666,4.7952e-05,0.0266766426666667,1.2851e-05,0.0005950966666666,0.0114968336666667
2.58543333333333e-05,3.33333333333333e-06,0.000373467,0.000551787,6.461e-06,7.5172e-05,0.0040629606666666,0.0006057966666666,0.0010449716666666,0.0057912853333333,3.65796666666667e-05
0.001178339,0.0006001513333333,0.0012011853333333,0.0038783416666666,0.000114162,0.0008323306666666,0.0030148326666666,0.0015061253333333,0.0003095226666666,0.0001558876666666,0.0011856476666666
0.014252033,0.009897223,0.000417432,0.0240400126666667,0.0074854553333333,0.004228416,1e-05,0.0165947816666667,2.53156666666667e-05,0.0009479373333333,0.0184640386666667
