0.0031539216666666,0.0026352126666666,0.0019345453333333,0.0046878986666666,0.001015831,0.0003058626666666,0.0016232966666666,0.0019240396666666,0.0001612263333333,0.0005756886666666,0.0058751793333333
0.0015211256666666,0.006767593,0.0008086536666666,0.0013195463333333,0.0026919456666666,0.0005736376666666,0.0041428786666666,0.0016286756666666,9.33736666666667e-05,0.0018266546666666,0.0022612936666666
0.0009768873333333,0.0068354983333333,0.00059363,0.0022211453333333,0.0058844596666666,0.0026097213333333,0.001154598,0.002280713,0.001569543,0.00140695,0.0056247033333333
0.0028808153333333,0.001094399,0.0001015863333333,0.0018593846666666,0.0003163796666666,0.0001020426666666,0.0005530506666666,0.0003416433333333,6.66666666666667e-06,0.0002508093333333,0.0009576936666666
0.0008320643333333,0.005061389,0.0019213716666666,0.00287086,0.0016858993333333,0.0003478076666666,0.0012523713333333,0.0016766133333333,0.000111062,0.0029274713333333,0.000962476
0.0003848006666666,0.002113398,0.001234274,0.000291686,0.0013313076666666,0.0010034063333333,0.0005195653333333,0.000490414,0.000293037,0.000432744,0.0008617353333333
0.002907239,0.006574096,0.0012131526666666,0.0013446523333333,0.002222609,0.0001782683333333,0.0019744833333333,0.0050651866666666,0.0032990083333333,0.0033009133333333,0.002693363
0.0040445006666666,0.004756377,0.0035330853333333,0.0009084406666666,0.0022711963333333,0.000979988,0.007157201,0.020746239,0.0004917693333333,0.00377745,0.007928461
2.4006e-05,0.0,0.0004720296666666,7.35466666666667e-06,3.1084e-05,0.0,0.004514446,3.5022e-05,0.001134935,0.004669847,7.61716666666667e-05
0.0010410836666666,0.0043472813333333,0.000540604,0.0007598153333333,0.0010771766666666,0.0002496933333333,0.0022118226666666,0.0013268373333333,0.0004138276666666,0.0005929706666666,0.004454093
0.015931724,0.0070607326666666,0.0103878033333333,0.0032384106666666,0.0089531043333333,0.0024572123333333,0.0068482116666666,0.0197726216666667,0.0015171746666666,0.0061216103333333,0.0317103506666667
