0.008811145,0.001467671,0.0002750506666666,0.0010080456666666,0.0018674386666666,0.000316204,0.0020725746666666,0.0016660446666666,0.000188897,0.0012219886666666,0.00950723
0.0014401583333333,0.007279217,0.0016095833333333,0.0009285663333333,0.0028545883333333,0.0010214026666666,0.001988459,0.0009081116666666,0.0002762423333333,0.0011800333333333,0.0017192296666666
0.0005423176666666,0.0045480326666666,0.0008202686666666,0.000653551,0.0007383516666666,0.002151367,0.0006239263333333,0.0015023026666666,0.001446974,0.0016270213333333,0.0015373423333333
0.0002127113333333,0.0038874166666666,0.0003015476666666,0.0002984536666666,0.0006741386666666,0.0008068633333333,0.0104066303333333,0.0010455163333333,9.22753333333333e-05,0.0005413663333333,0.000473793
0.0011365983333333,0.0138576326666667,0.0014791223333333,0.0007076053333333,0.0028502283333333,0.001395541,0.0030510466666666,0.002719389,0.0007810423333333,0.0011569423333333,0.0043133993333333
0.000619859,0.0045971053333333,0.000417091,0.0005363713333333,0.0018575786666666,0.0010264063333333,0.0006516213333333,0.0013022766666666,0.0001692876666666,0.0006277456666666,0.001116628
0.0015259363333333,0.0164820486666667,0.0008531966666666,0.0010117963333333,0.0042167066666666,0.00141665,0.00230654,0.0080657676666666,0.0036183433333333,0.003423558,0.007035269
0.0037569193333333,0.008635945,0.0021056166666666,0.0041331586666666,0.005105076,0.0023698976666666,0.008385009,0.0207863286666667,0.000735217,0.003290571,0.0065093256666666
6.53476666666667e-05,0.000840785,0.0004787606666666,0.0001278533333333,0.0002132733333333,6.1342e-05,0.0008777893333333,0.000213163,2.4674e-05,0.0003660293333333,0.0002326553333333
0.0017657013333333,0.0090957766666666,0.0006345656666666,0.000256341,0.0006291686666666,0.000450941,0.003081388,0.0024719733333333,0.0003465036666666,0.0007160223333333,0.000880135
0.0129152696666667,0.0080711363333333,0.0042363246666666,0.0023904196666666,0.0076600073333333,0.0016943386666666,0.006572427,0.0152099576666667,0.0007800973333333,0.0040852696666666,0.0402320566666667
