0.004255365,0.0017585,0.0005454163333333,0.001418092,0.0016577283333333,0.000564204,0.0026997213333333,0.000608639,0.0001807406666666,0.000504187,0.0045788273333333
0.001308161,0.0103120143333333,0.0005958986666666,0.0012239503333333,0.003449832,0.0027781596666666,0.032688136,0.0016249666666666,0.0009591836666666,0.0008365653333333,0.0061357673333333
0.0006327433333333,0.008616445,0.0019622243333333,0.003119394,0.0030247423333333,0.002270356,0.0014478786666666,0.001166639,0.0012032173333333,0.003159257,0.0050494913333333
0.000306774,0.002414626,0.000156627,0.002161038,0.0002816183333333,0.0009348803333333,0.0002268266666666,0.000233997,0.0,0.000303753,0.0007220476666666
0.0006446776666666,0.0069453016666666,0.000721601,9.7911e-05,0.00119924,0.0004716806666666,0.000594808,0.000691537,0.000448204,0.0018583546666666,0.000510874
0.0004622636666666,0.0025269643333333,0.0004954493333333,0.0003866396666666,0.0017796303333333,0.001754605,0.000562648,0.0002190536666666,0.0002973403333333,0.000496336,0.0015523363333333
0.0006739513333333,0.0128777963333333,0.001650631,0.0003847006666666,0.0006545563333333,0.0003445866666666,0.001151598,0.0040265176666666,0.004493231,0.0024409173333333,0.0061918206666666
0.001595208,0.0032855983333333,0.0029409283333333,0.0005571746666666,0.0011587656666666,0.0006531166666666,0.0059133546666666,0.0077610046666666,0.000327744,0.0021670493333333,0.0029424373333333
0.0,3.33333333333333e-06,0.000414597,0.0,1.93053333333333e-05,0.0,0.0044700186666666,3.33333333333333e-06,0.001048556,0.004849834,6.66666666666667e-06
0.0007596066666666,0.007202397,0.000309417,0.000269602,0.000548353,0.0002799063333333,0.0012996213333333,0.0007357906666666,0.0005395953333333,0.000668942,0.0002237023333333
0.0147491996666667,0.0122420536666667,0.0054897076666666,0.0021526476666666,0.0032639333333333,0.002149692,0.0048481216666666,0.0124518223333333,0.000118622,0.002604983,0.0418078866666667
