0.0038735063333333,0.000428638,0.0006400716666666,6.36803333333333e-05,0.001928057,0.0002485783333333,0.0025897698333333,0.0005207823333333,6.43083333333333e-06,0.000607212,0.0027266173333333
0.0047214063333333,0.0058758783333333,0.001414993,0.00069047,0.0046918503333333,0.0005001453333333,0.0058496116666666,0.0015185946666666,2.49183333333333e-05,0.0010081926666666,0.003522814
0.0022857996666666,0.005101498,0.001607335,0.0043235363333333,0.0023313243333333,0.0026500533333333,0.000882951,0.0011573413333333,0.0012597003333333,0.0014365506666666,0.0039069926666666
0.0018794083333333,0.0010631253333333,0.0002192883333333,0.0013102433333333,8.2265e-05,0.0003200863333333,0.0008110166666666,0.0002226136666666,3.33333333333333e-06,0.0002483503333333,0.0005437103333333
0.002047572,0.0066932303333333,0.0010073413333333,0.0002812076666666,0.0011264606666666,0.0002365556666666,0.004523205,0.0038002073333333,1.96173333333333e-05,0.0014521576666666,0.0008273606666666
0.0006705103333333,0.0019917286666666,0.0012195963333333,0.0004043816666666,0.00134509,0.0013068626666666,0.0009822736666666,0.000211027,1.0095e-05,0.0001448783333333,0.0015168746666666
0.004098551,0.009141854,0.0016532606666666,0.0008272503333333,0.004214516,0.0003103173333333,0.0057584843333333,0.008515374,0.001443461,0.005084758,0.0152411966666667
0.0035291476666666,0.00405184,0.003146642,0.0008739576666666,0.003136802,0.000893475,0.009792079,0.0114374,0.0003234206666666,0.003488294,0.0051069926666666
6.66666666666667e-06,2.66866666666667e-05,0.000253265,7.90666666666667e-06,3.96326666666667e-05,3.33333333333333e-06,0.0039984746666666,2.3448e-05,0.0010633616666666,0.0028160106666666,3.33333333333333e-06
0.00110223,0.002112866,0.0003205406666666,0.0004645506666666,0.001238797,0.0003108803333333,0.0064742396666666,0.0011802623333333,0.0004562736666666,0.000487702,0.0007232053333333
0.0134975613333333,0.0084327506666666,0.006876114,0.003075576,0.0035034063333333,0.001322262,0.0134601573333333,0.0196198456666667,0.0001206866666666,0.0032372926666666,0.016297461
