0.0065304536666666,0.0027117726666666,0.000464875,0.0006757376666666,0.003809473,0.000408617,0.0020235411666666,0.0019646886666666,4.07641666666667e-05,0.001302622,0.003920544
0.0030795076666666,0.008913779,0.0018164303333333,0.0028962393333333,0.0080700323333333,0.004322097,0.0047254713333333,0.002635245,0.0006428616666666,0.0026300083333333,0.0032087926666666
0.0011597976666666,0.004935211,0.000458652,0.0012498066666666,0.0020086993333333,0.001744262,0.001551935,0.0012051456666666,0.0006509156666666,0.001129348,0.0028493136666666
0.0005855606666666,0.0024571736666666,0.0004825366666666,0.00217526,0.0006607266666666,0.000808218,0.000421396,0.000804068,3.1393e-05,0.0009110226666666,0.0018557673333333
0.0013969373333333,0.006791918,0.0010447376666666,0.000701514,0.004098197,0.002055709,0.001871053,0.0022186826666666,0.000325177,0.0023966093333333,0.0029596163333333
0.0006553086666666,0.0030075086666666,0.0010868183333333,0.0004799573333333,0.0023985216666666,0.000961589,0.0011256126666666,0.0010201343333333,0.0003124696666666,0.001242425,0.0021096823333333
0.0011179516666666,0.0086170236666666,0.001316758,0.00046532,0.0027390836666666,0.0015799886666666,0.002768077,0.0046706773333333,0.0023466626666666,0.008198053,0.0070470056666666
0.0052985326666666,0.0058994743333333,0.002144298,0.0021565173333333,0.0069387056666666,0.0019372383333333,0.007749583,0.0207085736666667,0.0005714683333333,0.0036013053333333,0.0145487256666667
0.0,0.0,0.0038869846666666,3.33333333333333e-06,5.0605e-05,0.0,0.003242048,5.987e-06,0.000968796,0.0030954173333333,3.33333333333333e-06
0.0039555346666666,0.0043074453333333,0.0029337856666666,0.0013954463333333,0.0049443266666666,0.0021848283333333,0.0081395783333333,0.0020502853333333,0.000270754,0.002230267,0.004603805
0.009345357,0.0074404393333333,0.0058891893333333,0.006421805,0.0066159913333333,0.0030802533333333,0.012114079,0.0239817123333333,0.0002676893333333,0.0066735216666666,0.0258346483333333
