0.0032397293333333,0.0010700356666666,0.00043671,0.0002732813333333,0.002016968,0.000537925,0.001100109,0.0003141986666666,0.0001275533333333,0.000556755,0.0064303743333333
0.0040010703333333,0.0130742596666667,0.0027502906666666,0.0025204896666666,0.004358269,0.00095798,0.0045134116666666,0.0014448943333333,0.0002322983333333,0.0004506233333333,0.0030570536666666
0.00059444,0.006621559,0.001271028,0.0034606046666666,0.0042414543333333,0.0023479906666666,0.00099405,0.0016555976666666,0.0014464363333333,0.0015952523333333,0.0061399713333333
0.0018295096666666,0.003815728,0.0001717576666666,0.0029719166666666,0.0005347366666666,0.000579224,0.0015978443333333,0.0008563463333333,3.07233333333333e-05,0.0002810676666666,0.0007166823333333
0.0024274346666666,0.0098048513333333,0.0024006556666666,0.0005826063333333,0.0023630683333333,0.0021099363333333,0.0028238933333333,0.0014295206666666,0.0001012263333333,0.0015990206666666,0.0038837766666666
0.0002444556666666,0.0030352536666666,0.000962019,0.0005887826666666,0.0029930503333333,0.0012511446666666,0.0008134293333333,0.0003262983333333,0.0003973926666666,0.0011823686666666,0.0015676963333333
0.0018560623333333,0.0210806223333333,0.0016956993333333,0.002676675,0.0030571723333333,0.0014692436666666,0.0024232103333333,0.003343664,0.0016499696666666,0.0055035983333333,0.0059901673333333
0.0043634723333333,0.0035285466666666,0.0037113053333333,0.0029379046666666,0.0059993776666666,0.002471946,0.0085664393333333,0.0195138066666667,0.0001719676666666,0.002400483,0.011287353
2.00706666666667e-05,5.44933333333333e-05,0.001089257,1.26853333333333e-05,2.86026666666667e-05,0.0,0.0042640116666666,2.17493333333333e-05,0.0006333556666666,0.003426464,1e-05
0.0009783366666666,0.0042942986666666,0.0006388396666666,0.00039285,0.0010595796666666,0.000609123,0.0024679246666666,0.001329423,0.000645676,0.0005270033333333,0.00280977
0.0145343886666667,0.0124726296666667,0.0067986583333333,0.00351445,0.0101781803333333,0.002523897,0.0070795686666666,0.0205282353333333,0.0002970603333333,0.004906124,0.0391215
