0.0035752043333333,0.0045570323333333,0.0011650723333333,0.0011459126666666,0.0038068233333333,0.0007225076666666,0.0025148328333333,0.003017371,0.0002976741666666,0.0007518076666666,0.014346254
0.0043345836666666,0.0128434766666667,0.0027182096666666,0.0021922483333333,0.009050008,0.002885668,0.0077959616666666,0.0025058216666666,0.0007612663333333,0.0025286706666666,0.0083620993333333
0.0010536076666666,0.0076549913333333,0.0022914243333333,0.0023225776666666,0.0040135723333333,0.002706888,0.0023691986666666,0.0030262953333333,0.0014654106666666,0.001407595,0.0081070473333333
0.0008030053333333,0.003136826,0.0003715886666666,0.002153977,0.001343722,0.0004663246666666,0.0014713173333333,0.0007097423333333,0.000281623,0.0003465196666666,0.000798416
0.0034459463333333,0.0154495226666667,0.0037117876666666,0.0010282863333333,0.0046188766666666,0.004009076,0.0038319643333333,0.003910894,0.001003124,0.0012798326666666,0.0055779543333333
0.000636854,0.0034111203333333,0.002825482,0.000546324,0.0015588823333333,0.001116901,0.0009316836666666,0.0013531046666666,0.0001512233333333,0.0005891856666666,0.001652955
0.0037525363333333,0.0248364576666667,0.002187601,0.003482888,0.0080104646666666,0.0026016386666666,0.0021218416666666,0.0081426036666666,0.0019363896666666,0.0039572053333333,0.012748631
0.0060201843333333,0.03988596,0.004798389,0.0042811523333333,0.0093634116666666,0.0044214403333333,0.0119404886666667,0.024019151,0.0020395476666666,0.0055011863333333,0.016654602
4.43846666666667e-05,0.000692155,0.0021636333333333,0.0001434836666666,0.0002817143333333,7.9725e-05,0.0041132926666666,0.000289964,0.002296082,0.0071720223333333,0.0001236656666666
0.0015728163333333,0.0086490686666666,0.0011341156666666,0.001268317,0.0040538253333333,0.0008440976666666,0.006303732,0.0025842886666666,0.0012514356666666,0.0005748913333333,0.001445152
0.020647829,0.0108486163333333,0.0107170873333333,0.003740443,0.0100022643333333,0.003327911,0.0123343413333333,0.03341662,0.0019532523333333,0.006776331,0.0339228533333333
