0.0029977916666666,0.000239019,0.00092706,5.9833e-05,0.0014413373333333,0.000336876,0.0013354416666666,0.000497675,5.306e-06,0.000366712,0.0041523343333333
0.000463029,0.0065499696666666,0.0004418156666666,0.0005163196666666,0.002039501,0.000991816,0.002470137,0.0009039836666666,7.09963333333333e-05,0.0007641646666666,0.00178322
0.000938516,0.003190391,0.0025337346666666,0.00188285,0.0030288096666666,0.0018837013333333,0.0004895516666666,0.0012611706666666,0.0002973143333333,0.0016249023333333,0.0072549666666666
0.0005555543333333,0.000691811,0.000107535,0.0017260943333333,0.000144348,8.0822e-05,0.000167077,0.0002693133333333,0.0,9.45933333333333e-05,0.0004293783333333
0.0005150853333333,0.005250219,0.0007512946666666,2.62606666666667e-05,0.0013154326666666,0.0005210003333333,0.0017188736666666,0.0008590566666666,3.56666666666667e-05,0.0008335533333333,0.0031652606666666
0.0005800446666666,0.000482818,0.000876649,0.000232172,0.001989205,0.0003141873333333,0.000341654,6.2418e-05,0.0001868453333333,0.0002350876666666,0.000860795
0.000573527,0.0084824003333333,0.0008110736666666,0.0001809333333333,0.001512351,0.0005634903333333,0.0010854763333333,0.002374724,0.003036938,0.0023466036666666,0.0060487203333333
0.001672821,0.0013966046666666,0.002721818,0.0001553853333333,0.0009838203333333,0.0001426016666666,0.0066908913333333,0.0060971476666666,8.40406666666667e-05,0.001526906,0.0048916723333333
0.0,3.33333333333333e-06,0.000294107,0.0,2.087e-05,0.0,0.0042332853333333,1.34613333333333e-05,0.0011942463333333,0.005219953,1.33333333333333e-05
0.0006065353333333,0.0009481826666666,9.1173e-05,0.0001312273333333,0.00023899,4.45903333333333e-05,0.001453551,0.0006952603333333,0.000171164,7.06806666666667e-05,0.000962615
0.011047428,0.0059760563333333,0.005778502,0.0019214483333333,0.0050189943333333,0.0011303953333333,0.012857574,0.0163572583333333,0.0006680986666666,0.0024951543333333,0.02151279
