0.0061643906666666,0.0012933546666666,0.0013812886666666,0.0013978603333333,0.001955176,0.000280491,0.0022218653333333,0.0008132783333333,3.9091e-05,0.0026206626666666,0.002259184
0.002214563,0.007069954,0.0009356083333333,0.002794475,0.00264045,0.0005630603333333,0.0088867293333333,0.000935449,0.0001473926666666,0.000743403,0.0026691973333333
0.0012604053333333,0.0042802146666666,0.000547139,0.0014238953333333,0.0031733806666666,0.0013157836666666,0.002172709,0.0053211286666666,0.0002749896666666,0.0008853783333333,0.0045228393333333
0.000158855,0.000961018,0.001219836,0.0007367733333333,0.0006757853333333,0.0002956596666666,0.0011202126666666,0.0004293366666666,0.0,0.000100633,0.0001786586666666
0.001707847,0.0145324073333333,0.0004570063333333,0.000273406,0.0033317093333333,0.0007354843333333,0.004882361,0.0018994323333333,3.1195e-05,0.0012965266666666,0.0011640886666666
0.0001028153333333,0.001694972,0.001014571,0.0005685583333333,0.0006344516666666,0.0004486613333333,0.0008554553333333,0.0001244153333333,6.66666666666667e-06,0.0004753043333333,0.0018647596666666
0.023899483,0.013021657,0.003508914,0.0040799523333333,0.0058945513333333,0.0006458716666666,0.001880921,0.0067284566666666,0.001586567,0.0051227026666666,0.0119569093333333
0.0054826443333333,0.004019668,0.003947217,0.0011775473333333,0.0043433763333333,0.0013917576666666,0.01245099,0.0104549246666667,0.0003474833333333,0.0039863866666666,0.008956672
4.0234e-05,6.66666666666667e-06,0.0006421026666666,8.26133333333333e-06,3.36216666666667e-05,0.0,0.0042451726666666,3.8838e-05,0.0011235383333333,0.0030464256666666,6.66666666666667e-06
0.0011085643333333,0.0028338093333333,0.000392929,0.0001308263333333,0.0007603636666666,0.000394621,0.0287900516666667,0.001311577,0.000347892,0.0002011433333333,0.0014194483333333
0.01442665,0.004058202,0.007426249,0.0020151143333333,0.003336457,0.0027731203333333,0.0134648546666667,0.0110732333333333,0.000283001,0.002662687,0.0157053456666667
