0.0033366303333333,0.0029555103333333,0.0005662806666666,0.000395227,0.0023988476666666,0.0006303746666666,0.001960889,0.0010365793333333,0.0003031903333333,0.0010604033333333,0.004654846
0.0024645263333333,0.017470593,0.0023882203333333,0.001171139,0.005760652,0.0026920863333333,0.010031949,0.0013448,0.0003742296666666,0.0007464933333333,0.0048004893333333
0.0010177296666666,0.0140799833333333,0.0039549783333333,0.0032340936666666,0.0036821023333333,0.0043620556666666,0.0039517566666666,0.0017471873333333,0.0024854446666666,0.002614628,0.005183332
0.0010467013333333,0.0015322446666666,0.0003906196666666,0.0010805526666666,0.0018496803333333,0.0003480223333333,0.0015532033333333,0.000463193,1.8571e-05,0.000244924,0.002537741
0.002357132,0.0149318816666667,0.0029503593333333,0.0007298196666666,0.008831612,0.0015167586666666,0.006245994,0.0033954606666666,0.000249628,0.003902243,0.0043799473333333
0.0011205593333333,0.0026912106666666,0.0016535873333333,0.0007985093333333,0.002403171,0.000928916,0.0011625923333333,0.000943065,8.63976666666667e-05,0.0004462453333333,0.0013672143333333
0.004572535,0.015917342,0.001668094,0.0013480906666666,0.007167676,0.0011995826666666,0.0023232933333333,0.0070858996666666,0.0021410213333333,0.0056348006666666,0.0111481
0.0064536496666666,0.0054906626666666,0.0050806863333333,0.0022658623333333,0.0064386613333333,0.0019813216666666,0.0136712716666667,0.0127943003333333,0.00027001,0.0034953643333333,0.0131878226666667
0.0013022163333333,0.0001181393333333,0.000339644,2.9519e-05,7.02496666666667e-05,1.33333333333333e-05,0.0052204763333333,5.3699e-05,0.000769701,0.004911257,5.83896666666667e-05
0.001403126,0.0021720323333333,0.001309326,0.0004051603333333,0.0019891183333333,0.000760506,0.0051115523333333,0.0010731983333333,0.0016513396666666,0.0002800606666666,0.0018398653333333
0.0165544243333333,0.0113856876666667,0.009745372,0.0058891163333333,0.0116533223333333,0.0037199086666666,0.0174108666666667,0.024763511,0.0018238033333333,0.0046243943333333,0.0232804336666667
