0.0034155806666666,0.0016363466666666,0.000290098,0.001362477,0.001484325,0.0002894506666666,0.0028208393333333,0.0007145586666666,1.0457e-05,0.000392407,0.0028330386666666
0.0021478203333333,0.0102571243333333,0.0014272566666666,0.0065328196666666,0.0053552506666666,0.001075164,0.009411575,0.0009351153333333,5.252e-05,0.0005692163333333,0.0041759446666666
0.0005269503333333,0.004565293,0.001269505,0.0016072923333333,0.0036791116666666,0.001589064,0.0017847943333333,0.0026551586666666,0.000501112,0.0011376663333333,0.0054016343333333
0.000258462,0.00171373,0.000142206,0.0010572766666666,0.0002636766666666,0.000185795,0.0014132353333333,0.0001583896666666,0.0,4.88293333333333e-05,0.0005521006666666
0.001920495,0.013452586,0.0005309473333333,0.00058684,0.0080810403333333,0.0007443383333333,0.004715835,0.002660702,3.5831e-05,0.0024713553333333,0.003252394
0.0003656213333333,0.0018287733333333,0.003690014,0.0006559433333333,0.000943048,0.0005798716666666,0.000519815,0.0001968676666666,0.0,0.0006545993333333,0.000950946
0.0018995403333333,0.0104624113333333,0.0027540273333333,0.0008027223333333,0.0045325446666666,0.0004221733333333,0.0021383613333333,0.0061301423333333,0.0015179683333333,0.0034466126666666,0.0108605533333333
0.0035013363333333,0.0050000326666666,0.0041495136666666,0.002151833,0.0044437906666666,0.0026919383333333,0.009064465,0.0103339576666667,0.000270542,0.0021110836666666,0.010206564
6.66666666666667e-06,9.78216666666667e-05,0.0003487076666666,3.33333333333333e-06,6.43153333333333e-05,0.0,0.0043507513333333,1.9024e-05,0.001292238,0.003914546,0.0
0.001485732,0.0021298963333333,0.0005400166666666,0.0006915493333333,0.00073386,0.0003800536666666,0.003094349,0.0010254293333333,0.0009547886666666,0.0003798543333333,0.0018966223333333
0.0118728853333333,0.0082152553333333,0.0066807266666666,0.002070583,0.0028566706666666,0.002117141,0.0128485826666667,0.0124476713333333,0.0001492533333333,0.0033316473333333,0.0206638603333333
