0.010182346,0.0014568343333333,0.0006369226666666,0.0009300713333333,0.0024777816666666,0.0002728713333333,0.0022382531666666,0.0015388336666666,0.0001478415,0.0009175743333333,0.005526633
0.003160553,0.01578846,0.004182464,0.0009034696666666,0.0022349006666666,0.0017223803333333,0.0049465253333333,0.001687968,0.0002256173333333,0.0011528,0.0048544376666666
0.0035990916666666,0.0115133763333333,0.0009857973333333,0.0020866223333333,0.0030612386666666,0.001703696,0.0028484073333333,0.001961844,0.001545882,0.005227575,0.0051576543333333
0.002982577,0.001630547,0.0003526543333333,0.002338323,0.0004565276666666,0.0003224696666666,0.0011998763333333,0.0007794096666666,6.1501e-05,0.0011606406666666,0.000853822
0.0024364053333333,0.0081780413333333,0.0008408906666666,0.0004716526666666,0.0065624606666666,0.0004831483333333,0.0025040943333333,0.0025269676666666,0.000215899,0.002142464,0.0104949876666667
0.0003350036666666,0.002349735,0.002840325,0.0014841533333333,0.0017944606666666,0.000699235,0.0005978016666666,0.0007540316666666,0.0009002833333333,0.0007915203333333,0.0010113836666666
0.0090759013333333,0.014282853,0.0023853076666666,0.0025134796666666,0.003131938,0.0004483516666666,0.001664065,0.0043668226666666,0.003217953,0.0046716633333333,0.012700925
0.0031587203333333,0.0061552403333333,0.0048170563333333,0.001175739,0.0051716013333333,0.0015137163333333,0.0088882866666666,0.0218419313333333,0.0008828256666666,0.0031083606666666,0.0232857743333333
6.66666666666667e-06,3.33333333333333e-06,0.0010779233333333,3.33333333333333e-06,4.32486666666667e-05,6.99766666666667e-06,0.0041156416666666,0.0001741743333333,0.001663222,0.0050104186666666,3.33333333333333e-06
0.0015865483333333,0.0040282293333333,0.0012277373333333,0.0003822353333333,0.0021382456666666,0.0003170113333333,0.0020825233333333,0.0014833503333333,0.0012729346666666,0.0005273536666666,0.0037850146666666
0.021457026,0.01845874,0.007650627,0.002739266,0.0047130066666666,0.0032222456666666,0.0105585763333333,0.019982934,0.000638482,0.0033417876666666,0.03703368
