0.0100922176666667,0.0025503953333333,0.0030642753333333,0.0047233873333333,0.0034018583333333,0.0020767176666666,0.0042639566666666,0.0017494183333333,0.0002706605,0.0040139106666666,0.0103592796666667
0.0031909903333333,0.0107843773333333,0.00320512,0.0024180963333333,0.0084480353333333,0.001674738,0.0027935186666666,0.002268279,0.0005247293333333,0.0063747553333333,0.004398861
0.0014836073333333,0.007930272,0.0028438166666666,0.0019277496666666,0.0031905593333333,0.003298818,0.0067152406666666,0.0018537176666666,0.0021797696666666,0.005130835,0.0029196506666666
0.0016021393333333,0.002092144,0.0003678816666666,0.0023865566666666,0.003010633,0.000521068,0.0007731906666666,0.0004336783333333,3.62006666666667e-05,0.0023633456666666,0.0008643733333333
0.0014318053333333,0.0080636773333333,0.0010987043333333,0.0007773613333333,0.003974781,0.0011402873333333,0.001434074,0.0018987156666666,0.000251067,0.005964002,0.0044025963333333
0.0008914506666666,0.0040529736666666,0.0014027663333333,0.0006034263333333,0.0021936843333333,0.0005101706666666,0.000727076,0.0009560043333333,0.0004800933333333,0.003896915,0.0021344513333333
0.007060285,0.015214966,0.0027966473333333,0.0024701443333333,0.0042026336666666,0.001638296,0.002170465,0.008682402,0.0035258866666666,0.011519322,0.0081952553333333
0.007990047,0.008864723,0.0029729663333333,0.0020288383333333,0.007557478,0.004667698,0.008445632,0.0311450186666667,0.00126221,0.0036926813333333,0.013541828
1e-05,1.33333333333333e-05,0.0015452056666666,1e-05,8.17276666666667e-05,6.50826666666667e-05,0.0010753113333333,3.36436666666667e-05,0.001068149,0.0030526573333333,0.000415372
0.007979221,0.0120838603333333,0.0045799783333333,0.004593409,0.010356423,0.006471908,0.0019730043333333,0.0034560616666666,0.001628335,0.00565335,0.0121897256666667
0.0139738426666667,0.0137789643333333,0.0110043973333333,0.0039642566666666,0.006910604,0.0046406093333333,0.012153979,0.0266451663333333,0.0018167543333333,0.0096398313333333,0.0334888
