0.0041931673333333,0.0012421703333333,0.0005629236666666,0.000974183,0.002244108,0.000520564,0.005521667,0.00056369,1.9219e-05,0.0015756823333333,0.0047395393333333
0.0020156103333333,0.0101791783333333,0.0032847536666666,0.0013527993333333,0.0035469486666666,0.0008013893333333,0.009702742,0.0013397186666666,0.0001459053333333,0.000957482,0.0027241556666666
0.000641641,0.0062339706666666,0.00093335,0.001917346,0.0064399873333333,0.0016665043333333,0.0024708106666666,0.0018887026666666,0.0008686366666666,0.0028019466666666,0.0055414393333333
0.0012332896666666,0.0017628096666666,0.000209819,0.0011282256666666,0.0002661303333333,0.0003260753333333,0.0017855516666666,0.000163563,1e-05,0.0001434336666666,0.000386011
0.001651095,0.0068145446666666,0.0037187843333333,0.0004924553333333,0.0027942763333333,0.0006484303333333,0.0053661023333333,0.0019289913333333,0.00016345,0.002598601,0.0050890516666666
0.0004554276666666,0.002800054,0.0010820616666666,0.00385599,0.0029421656666666,0.0006807293333333,0.000914819,0.0008048513333333,0.0004862836666666,0.000418105,0.0015121776666666
0.0034279343333333,0.0116205173333333,0.003180805,0.004130774,0.0043480436666666,0.001047282,0.001687733,0.005867557,0.001826209,0.004419908,0.0055244886666666
0.0035357343333333,0.0072935923333333,0.0031046086666666,0.0011794303333333,0.0043572343333333,0.001775541,0.009320932,0.0102878733333333,0.0003743296666666,0.0038890866666666,0.0106032
2.94076666666667e-05,3.9532e-05,0.0022019796666666,0.000135595,0.0002759586666666,1.53843333333333e-05,0.0055056563333333,0.0013709196666666,0.000689373,0.0059398573333333,0.0005403883333333
0.0013865813333333,0.0020140183333333,0.0006452703333333,0.000562514,0.0014181943333333,0.000693152,0.0043813146666666,0.0010735343333333,0.000530905,0.000229412,0.0018799976666666
0.023397029,0.010212067,0.0092789556666666,0.000879098,0.00381588,0.0008539126666666,0.008831185,0.0141741586666667,0.0003002596666666,0.0057464316666666,0.0205254713333333
