0.0034685103333333,0.0015095963333333,1.53213333333333e-05,0.005747716,0.0017631333333333,0.0005806336666666,3.33333333333333e-06,0.0007315576666666,5.01866666666667e-06,0.0001626886666666,0.0035867213333333
0.0028796366666666,0.0093265273333333,0.0032251373333333,0.0139960166666667,0.005083492,0.0013692993333333,0.543989966666667,0.0025982966666666,3.33333333333333e-06,6.99076666666667e-05,0.0023983096666666
0.0003904956666666,0.004885561,0.0006578176666666,0.003245038,0.003654619,0.0012292683333333,0.0,0.001314432,0.00057153,1.66666666666667e-05,0.0041587986666666
0.001582511,0.0001762983333333,3.33333333333333e-06,0.012179684,1.72093333333333e-05,0.0,3.33333333333333e-06,0.0004137356666666,0.0,6.66666666666667e-06,0.0101905353333333
0.0028701163333333,0.0091700033333333,0.0021484083333333,0.0088583166666666,0.0020301176666666,0.0019809613333333,0.0,0.0063910526666666,0.0,0.0010687983333333,0.0030900193333333
0.000461785,0.002808177,0.0010053043333333,0.0017431523333333,0.000607102,0.0005521253333333,0.0,0.000339297,0.0,3.26766666666667e-05,0.0012520043333333
0.0014082786666666,0.0019552486666666,0.000478121,0.011414602,0.00022034,1.65e-05,0.001842305,0.0052279713333333,0.001015447,0.0024985603333333,0.0093488016666666
0.002683029,0.0073955,0.0041491193333333,0.0133213146666667,0.0037175383333333,0.0015515143333333,5.2732e-05,0.014363898,1.90626666666667e-05,0.0004250313333333,0.0067498516666666
5.23656666666667e-05,5.61443333333333e-05,0.0010863356666666,0.0001966006666666,0.0,3.26446666666667e-05,0.0038583946666666,0.0015928516666666,0.001156547,0.0060592336666666,1.66666666666667e-05
0.000955003,0.0002336693333333,0.000206789,0.0034787973333333,0.0001095493333333,0.0006082786666666,0.002083059,0.001432051,0.000308257,0.000105589,0.001311047
0.0196804833333333,0.007104806,0.0022141343333333,0.0264304243333333,0.004706625,0.0025454213333333,1.3168e-05,0.0116790416666667,2.3488e-05,0.000930688,0.0329728196666667
