0.0024714336666666,0.0008885223333333,0.0004261816666666,0.0001941573333333,0.0016168913333333,0.0001168236666666,0.0016928105,0.000360261,7.08816666666667e-06,0.000418991,0.0019255423333333
0.001454165,0.010144674,0.0019782766666666,0.0011509893333333,0.0034680336666666,0.000992684,0.0047980393333333,0.000784258,3.57223333333333e-05,0.0006747896666666,0.0021728816666666
0.000374111,0.0047203376666666,0.001628193,0.001699919,0.003512163,0.002002246,0.0015198933333333,0.0019373796666666,0.000817205,0.0021858826666666,0.0047319316666666
9.7245e-05,0.0028354873333333,0.000172995,0.0002880563333333,0.0005415833333333,0.0001806626666666,0.0004844906666666,0.0008050833333333,3.33333333333333e-06,0.0002040793333333,0.0003923103333333
0.0020099346666666,0.0056555366666666,0.0007160186666666,0.0004193346666666,0.0028491093333333,0.000469434,0.0022117433333333,0.0013112123333333,2.74763333333333e-05,0.0012270533333333,0.002246192
0.0001020356666666,0.0014607903333333,0.000827644,0.0005419753333333,0.0011963606666666,0.0004641663333333,0.0005497056666666,0.000296104,0.0004664256666666,0.0003105493333333,0.0012611486666666
0.014047082,0.007010455,0.0012366636666666,0.002107417,0.002949533,0.0005881226666666,0.0015332993333333,0.0035752666666666,0.0016173486666666,0.0033032773333333,0.003939231
0.0021633423333333,0.0092718406666666,0.0032119163333333,0.002559703,0.0026177966666666,0.0008626046666666,0.005792933,0.007039527,0.0002111,0.0020552683333333,0.0086380973333333
3.33333333333333e-06,6.66666666666667e-06,0.0031618893333333,4.416e-06,6.04066666666667e-05,1.1e-05,0.003917551,3.54e-05,0.0005785206666666,0.0034146786666666,1e-05
0.0007822083333333,0.0013523676666666,0.0007057113333333,0.000696786,0.0005699586666666,0.000469733,0.0037107583333333,0.000624143,0.0003237516666666,0.0007216933333333,0.000712745
0.0101968376666667,0.0060894206666666,0.0079549356666666,0.0008583506666666,0.0036245583333333,0.00149418,0.0069890416666666,0.0147869706666667,0.000591849,0.0038533583333333,0.0491044866666667
