0.0043355843333333,0.001026349,0.0003968763333333,0.000606035,0.0020762146666666,0.000376876,0.0014181478333333,0.0011293793333333,2.64898333333333e-05,0.0003825663333333,0.0041838183333333
0.0010652963333333,0.0571996,0.000326198,0.0007693313333333,0.002735766,0.0006185423333333,0.0033851303333333,0.0019508883333333,0.000128122,0.0007592826666666,0.003849901
0.0005677266666666,0.0101424336666667,0.002562463,0.0015164023333333,0.0033607623333333,0.0028734613333333,0.0003887906666666,0.0017377956666666,0.0014128536666666,0.0008208296666666,0.0052803746666666
0.000619334,0.0016881766666666,0.0003012886666666,0.001938724,0.0012557153333333,0.000121456,0.0004032223333333,0.0008016963333333,2.1989e-05,0.00010923,0.0005615136666666
0.002159604,0.0095959073333333,0.00046237,0.003087384,0.001163011,0.0002891583333333,0.0012446203333333,0.0030574813333333,5.12016666666667e-05,0.0014793966666666,0.003162014
0.000144599,0.0021701783333333,0.0010755436666666,0.000416334,0.001042964,0.0010776816666666,0.0001902443333333,0.000171661,0.0002338,0.0003629293333333,0.0011162146666666
0.0009740683333333,0.0133172763333333,0.000958624,0.0015896616666666,0.0015183626666666,0.000441294,0.001955197,0.00698171,0.0038880203333333,0.0024411363333333,0.0043470463333333
0.00143385,0.0036938236666666,0.0037467066666666,0.0006825496666666,0.002212526,0.000775024,0.0071470456666666,0.0139162626666667,0.0002120603333333,0.0016911016666666,0.004402224
2.33226666666667e-05,6.66666666666667e-06,0.0007853,2.41753333333333e-05,2.7347e-05,1e-05,0.003609094,4.30426666666667e-05,0.000618124,0.002956964,1.4445e-05
0.0009073793333333,0.0054332836666666,0.0004727546666666,0.0001063996666666,0.0008134023333333,0.0002539106666666,0.0012990483333333,0.001630542,0.0001926846666666,0.0004682423333333,0.0012789803333333
0.0094721233333333,0.0103404526666667,0.0053419203333333,0.0036580113333333,0.0065087503333333,0.0015353743333333,0.0043259806666666,0.017135198,0.000191736,0.0083872393333333,0.032278175
