0.003984265,0.0031761713333333,0.0005693526666666,0.0009774013333333,0.0019125543333333,0.0007226516666666,0.0016343188333333,0.00103027,0.0001583965,0.0006374973333333,0.006034275
0.0038693026666666,0.0141891316666667,0.0053399493333333,0.0017833163333333,0.0038771886666666,0.0020650373333333,0.007172305,0.0010433073333333,0.0003501626666666,0.0006206113333333,0.003187634
0.0010933023333333,0.0066668296666666,0.0019039403333333,0.0020183663333333,0.0047860033333333,0.003144745,0.0024881373333333,0.0019094266666666,0.002189037,0.001776623,0.004675201
0.0032893343333333,0.0020024273333333,0.0002436093333333,0.0010839913333333,0.0003704443333333,0.0003180096666666,0.000656218,0.0008928263333333,4.9859e-05,0.0004095966666666,0.0006415026666666
0.004066856,0.0086521206666666,0.0018869853333333,0.000756649,0.001789859,0.0012549393333333,0.0040670493333333,0.003382257,0.0002745716666666,0.002721642,0.006163524
0.0013370683333333,0.0032799723333333,0.00201576,0.0006394593333333,0.0017193083333333,0.0014460663333333,0.000751084,0.000458436,9.29193333333333e-05,0.0010188016666666,0.002584189
0.0029312823333333,0.0612245066666667,0.003087498,0.0009703016666666,0.0043150276666666,0.0017334946666666,0.0022520513333333,0.00846255,0.0020382166666666,0.004953506,0.0150279253333333
0.00636196,0.008399144,0.0050909683333333,0.0017230003333333,0.0047458323333333,0.0027502696666666,0.0100026833333333,0.0181072166666667,0.000725785,0.0031639313333333,0.014398905
0.000313889,0.0002246233333333,0.001885106,1.33333333333333e-05,0.0001977363333333,2.60293333333333e-05,0.0045900813333333,3.09653333333333e-05,0.0005920523333333,0.0031807556666666,2.1359e-05
0.0016871523333333,0.004112767,0.0006265103333333,0.000359232,0.0014954043333333,0.0008387406666666,0.0326249026666667,0.0020478676666666,0.0013779313333333,0.0008953296666666,0.0018012606666666
0.0164072543333333,0.0160227366666667,0.00847461,0.0041006753333333,0.011119079,0.0030262,0.0117386553333333,0.0237267143333333,0.0005422216666666,0.0040328586666666,0.0359509366666667
