0.0048957976666666,0.0012355206666666,0.0012232396666666,0.0005253173333333,0.0022991623333333,0.001105099,0.002094408,0.001251417,8.18693333333333e-05,0.0010793033333333,0.0070165946666666
0.0035286506666666,0.0161972166666667,0.0022979986666666,0.0008293673333333,0.0072791813333333,0.0021508263333333,0.0085083333333333,0.0006627876666666,0.0003362156666666,0.002140384,0.0048589096666666
0.002193716,0.0096782436666666,0.0038834536666666,0.0026869026666666,0.0017277276666666,0.0035521643333333,0.005004501,0.002019996,0.003346325,0.0042105816666666,0.005884911
0.0018105043333333,0.0017592186666666,0.0003174633333333,0.000878748,0.0003977806666666,0.000196808,0.001890565,0.0004423343333333,5.37213333333333e-05,0.0007570056666666,0.0005733916666666
0.0019635026666666,0.011858758,0.0015863486666666,0.0004190916666666,0.004030698,0.0012646413333333,0.0076222836666666,0.004778672,0.0003010646666666,0.0020020073333333,0.0055943253333333
0.0001952943333333,0.0030566886666666,0.0041291883333333,0.0004066083333333,0.0023041236666666,0.001358703,0.001037463,0.0005199366666666,5.70423333333333e-05,0.0006680983333333,0.0010760923333333
0.004958351,0.0146130203333333,0.0035443103333333,0.0025105553333333,0.0067141613333333,0.002526154,0.0017231386666666,0.009800252,0.0023760476666666,0.006438817,0.0134107466666667
0.0066386193333333,0.0045939806666666,0.005850075,0.0010912453333333,0.0070274123333333,0.0026416743333333,0.0125696883333333,0.013355314,0.0009232403333333,0.0035833373333333,0.007311868
3.33333333333333e-06,0.0001249763333333,0.0019596043333333,0.000195884,0.0002620943333333,1.29276666666667e-05,0.0038242086666666,2.78223333333333e-05,0.0010738813333333,0.0017278173333333,1.33333333333333e-05
0.0014706283333333,0.002577643,0.0014315366666666,0.000470257,0.0016300506666666,0.000558584,0.0056184673333333,0.0011628553333333,0.000727425,0.0009614226666666,0.0025808776666666
0.0134034963333333,0.014000933,0.007746284,0.0020285473333333,0.0075319713333333,0.0049679543333333,0.0200644006666667,0.016628394,0.0007471863333333,0.0065229973333333,0.0380072
