0.0030996526666666,0.0011698533333333,0.000351217,0.000712256,0.0023237106666666,0.000134999,0.0014672598333333,0.0011519876666666,3.41011666666667e-05,0.0006853616666666,0.0057853713333333
0.0040561033333333,0.0172477763333333,0.003215455,0.0009024123333333,0.0052286583333333,0.001450897,0.0087505413333333,0.0028353323333333,0.0002820956666666,0.0012148313333333,0.0035711986666666
0.000842596,0.0146254176666667,0.001725776,0.001288956,0.0030387016666666,0.002048011,0.00306212,0.0024912153333333,0.0014995823333333,0.0014245813333333,0.0048167513333333
0.0001132206666666,0.002323858,0.000225933,0.000254024,0.000318137,0.0002256836666666,0.0007668586666666,0.0004328286666666,0.0,0.0002079193333333,0.000575791
0.0028172393333333,0.0155922986666667,0.000826083,0.000302036,0.004088032,0.0001504416666666,0.0036058206666666,0.0027758313333333,0.0002211753333333,0.0017923636666666,0.0040974733333333
0.000156838,0.0025354176666666,0.0004261646666666,9.24436666666667e-05,0.0012452833333333,0.0010819,0.0005394116666666,0.000373267,1.80053333333333e-05,0.0005634893333333,0.0011990843333333
0.0010692063333333,0.0178244326666667,0.003337858,0.000600967,0.0035623113333333,0.000877582,0.0024022116666666,0.0096606866666666,0.000948444,0.0043297783333333,0.0080066316666666
0.0035586756666666,0.0072044913333333,0.0041141433333333,0.002160966,0.0048635836666666,0.0014866143333333,0.014670308,0.0281090486666667,0.000989141,0.003485241,0.0113132556666667
0.0014327633333333,0.0002260966666666,0.000483452,4.52673333333333e-05,0.0001035093333333,2.03993333333333e-05,0.0043973423333333,0.0082240056666666,0.001942305,0.0050799193333333,5.39953333333333e-05
0.000779529,0.003925766,0.0004181893333333,0.0001314613333333,0.0006035516666666,0.0003017846666666,0.0031857756666666,0.001138513,0.0013367026666666,0.0007985213333333,0.0005788463333333
0.0094783153333333,0.0084858986666666,0.0069315853333333,0.001409166,0.0095479736666666,0.0018415676666666,0.0152534466666667,0.012657811,0.0002228843333333,0.003736877,0.0447811933333333
