0.004176837,0.0020734463333333,0.0010133966666666,0.0004630653333333,0.0036527766666666,0.0006587463333333,0.0016129053333333,0.0017560823333333,0.0007307003333333,0.000816306,0.0052844403333333
0.006142305,0.0156690166666667,0.0011890326666666,0.0018674276666666,0.0070146086666666,0.0026669393333333,0.0046788486666666,0.003011703,0.0008015933333333,0.0014246276666666,0.0041979606666666
0.0013134946666666,0.006966788,0.002100734,0.0030929606666666,0.0037799043333333,0.003179384,0.0036538663333333,0.0026364886666666,0.0025926486666666,0.00234196,0.0058563123333333
0.001058587,0.002586128,0.0002752563333333,0.0023362046666666,0.0009656766666666,0.000341311,0.000969573,0.0005273896666666,0.0001176773333333,0.0001124766666666,0.0010011443333333
0.0027728453333333,0.006733733,0.0021301763333333,0.0010613966666666,0.004822372,0.0017573343333333,0.001831787,0.0030258973333333,0.0009569613333333,0.0014785916666666,0.0037367333333333
0.0005256426666666,0.002699061,0.000821941,0.003994491,0.002518995,0.001358834,0.0005950333333333,0.0005503663333333,0.0004069996666666,0.0008751006666666,0.0019591876666666
0.00296949,0.0107452143333333,0.001886105,0.0019683353333333,0.0046978793333333,0.0020602136666666,0.0025081466666666,0.0075416023333333,0.0046931703333333,0.002024022,0.010558518
0.0044329396666666,0.0039658143333333,0.0049072143333333,0.002373184,0.0057860666666666,0.001785979,0.0091731313333333,0.0140723166666667,0.000759641,0.00200453,0.0091591426666666
7.40573333333333e-05,1e-05,0.002080242,1.71876666666667e-05,5.1554e-05,1e-05,0.0045492363333333,0.0005206293333333,0.001478947,0.004981192,0.0002402443333333
0.0016417373333333,0.003022252,0.0021503893333333,0.000493917,0.0022326173333333,0.0013339296666666,0.0022756463333333,0.0029575276666666,0.0013337986666666,0.003008371,0.0033871306666666
0.021731939,0.0141401286666667,0.0091522943333333,0.0031633776666666,0.0121746633333333,0.003360624,0.012680729,0.0258663953333333,0.0015826723333333,0.005069159,0.027228277
