0.0005559093333333,0.0009915266666666,0.0005406586666666,8.78983333333333e-05,0.0018248263333333,0.0002383843333333,0.0008268855,0.0004650013333333,3.35998333333333e-05,0.0004588,0.0036518086666666
0.001144834,0.0047786086666666,0.0009019176666666,0.0011371393333333,0.004406697,0.0010437383333333,0.007810023,0.0011682213333333,2.10526666666667e-05,0.0007552406666666,0.0061333693333333
0.0006457806666666,0.0046572056666666,0.001311423,0.0020993066666666,0.004184469,0.002500661,0.0040613346666666,0.0025276663333333,0.000451589,0.0011969266666666,0.00428398
0.000407927,0.0009805886666666,7.937e-05,0.0024073656666666,0.0001500106666666,9.67703333333333e-05,0.0015085073333333,0.0002027893333333,0.0,8.33203333333333e-05,0.0002487473333333
0.0016782913333333,0.0066078913333333,0.0024498666666666,0.0002692563333333,0.0021462283333333,0.0003558846666666,0.002464648,0.002604985,9.9701e-05,0.0009616636666666,0.0013902403333333
0.0001389646666666,0.0023859786666666,0.0014006583333333,0.000381869,0.0012363653333333,0.00081168,0.000950973,0.0002453483333333,3.33333333333333e-06,0.000426833,0.001034641
0.001650888,0.009639557,0.0022767103333333,0.000590966,0.0024058276666666,0.0003165123333333,0.0017778353333333,0.0037669606666666,0.001708365,0.0025981196666666,0.002049808
0.0018114326666666,0.0020642876666666,0.0033048276666666,0.0006088553333333,0.0014423276666666,0.0012972296666666,0.009458545,0.0077846743333333,0.0001953463333333,0.0016622496666666,0.017383441
3.33333333333333e-06,6.66666666666667e-06,0.0025313776666666,4.53333333333333e-06,6.79123333333333e-05,3.33333333333333e-06,0.004784816,4.07906666666667e-05,0.0007581216666666,0.0041035296666666,0.0
0.0021957486666666,0.001084174,0.0019943616666666,0.000289203,0.001039958,0.0001540586666666,0.003339863,0.000939289,0.0015072963333333,0.0005820773333333,0.0011615856666666
0.0144790993333333,0.0056644993333333,0.0084040433333333,0.0033630973333333,0.006401418,0.0021811846666666,0.0097091646666666,0.0211768936666667,0.000802788,0.0038046406666666,0.0249190103333333
