0.0041692656666666,0.0023020916666666,0.0004994406666666,0.0022280413333333,0.002624694,0.0005170296666666,0.001698451,0.0010708586666666,0.0004733726666666,0.003025761,0.0074611363333333
0.003357886,0.032115352,0.0013291173333333,0.0018827653333333,0.006589087,0.002121631,0.006621655,0.0024068513333333,0.000221216,0.0042305813333333,0.0045456506666666
0.0013768266666666,0.0179580153333333,0.0029678653333333,0.0020484973333333,0.0040465113333333,0.002256168,0.0009807576666666,0.0011306473333333,0.0016451126666666,0.0031592466666666,0.0040551133333333
0.0015662393333333,0.00186913,0.0001338026666666,0.001516906,0.001359078,0.0005827766666666,0.0007555686666666,0.0003985503333333,3.27286666666667e-05,0.001807198,0.000938002
0.002526442,0.007818652,0.0009793706666666,0.0003835606666666,0.0025848096666666,0.0012566586666666,0.0028816196666666,0.0012864453333333,0.0001636426666666,0.0038732496666666,0.005576842
0.001744845,0.0027482623333333,0.0011961886666666,0.0011894546666666,0.0026865396666666,0.0013649936666666,0.0004766506666666,0.0009461406666666,0.000248773,0.0022355353333333,0.002108002
0.001911184,0.0149459233333333,0.0013665213333333,0.0008808053333333,0.0028080763333333,0.0010265683333333,0.0019035473333333,0.0045548133333333,0.0033030506666666,0.010384056,0.0091589583333333
0.004290728,0.0039071143333333,0.0020902393333333,0.001428106,0.0043391483333333,0.00151232,0.0085667,0.021681613,0.0002218403333333,0.0032145816666666,0.012476274
6.66666666666667e-06,3.33333333333333e-06,0.0004494896666666,3.33333333333333e-06,7.11806666666667e-05,1.33333333333333e-05,0.0022847783333333,3.47566666666667e-06,0.0014189946666666,0.00433256,3.57286666666667e-05
0.007873081,0.015667457,0.0036052576666666,0.0049895956666666,0.012541999,0.0082371266666666,0.0027726906666666,0.0037201023333333,0.0011164683333333,0.0031184583333333,0.013022881
0.018600962,0.015619048,0.0067888926666666,0.004138216,0.0083232583333333,0.003272528,0.0126078003333333,0.0319862443333333,0.0003342236666666,0.0082595656666666,0.0306173056666667
