0.0029874133333333,0.0013596343333333,0.0008192523333333,0.0069470733333333,0.0026002163333333,0.000214131,0.0026586961666666,0.0006936973333333,6.42558333333333e-05,0.0008280696666666,0.005462601
0.0030450733333333,0.0060624433333333,0.009109396,0.000926436,0.0047153486666666,0.00195905,0.0051683346666666,0.000961245,0.00034759,0.001206005,0.001912564
0.000543453,0.0072919933333333,0.000904066,0.0026958663333333,0.0046601343333333,0.0012776363333333,0.0014071183333333,0.0026359156666666,0.003517581,0.0008367263333333,0.0045714803333333
0.0010214416666666,0.0012401853333333,0.0002453013333333,0.002036154,0.000241184,0.0003338616666666,0.000397316,0.0022241826666666,4.40663333333333e-05,0.0002961253333333,0.0010248466666666
0.0012955436666666,0.007491296,0.003055703,0.0030092803333333,0.001617938,0.0005875486666666,0.0025728056666666,0.0045980783333333,0.0005887353333333,0.00142456,0.0033330096666666
0.0001716853333333,0.001620913,0.0013537173333333,0.0009360163333333,0.0018973476666666,0.0006037486666666,0.0013763266666666,0.0007410176666666,0.000282278,0.0005577396666666,0.0010845963333333
0.0026084953333333,0.0071873886666666,0.0040522733333333,0.0011099356666666,0.00410646,0.000537497,0.0026519396666666,0.005498119,0.0055078726666666,0.0023693836666666,0.003318048
0.005313755,0.0026835703333333,0.004755361,0.000752541,0.0058212903333333,0.0011643776666666,0.0095599623333333,0.0114333676666667,0.0008509973333333,0.0034576156666666,0.0136235743333333
1e-05,6.66666666666667e-06,0.005573775,3.33333333333333e-06,6.31133333333333e-05,0.0,0.0039894956666666,4.39746666666667e-05,0.0010776353333333,0.004044539,4.6322e-05
0.0010437926666666,0.0037252686666666,0.0021618813333333,0.0003858093333333,0.0020662646666666,0.001386375,0.0018206623333333,0.0008051706666666,0.0005032803333333,0.0001564906666666,0.0017617276666666
0.0115490403333333,0.0072152713333333,0.0090499266666666,0.0020974683333333,0.0060310036666666,0.0015008806666666,0.008418232,0.0157283813333333,0.000909851,0.0061086473333333,0.0244361343333333
