0.0054858093333333,0.003615827,3.33333333333333e-06,0.0049609573333333,0.0039193746666666,0.0005635693333333,3.33333333333333e-06,0.0020479646666666,3.33333333333333e-06,0.0001311573333333,0.0043951693333333
0.0055672606666666,0.0147731756666667,0.0052894816666666,0.016070964,0.0085557943333333,0.0047731433333333,1.71156666666667e-05,0.0080504623333333,0.0,0.0002711786666666,0.005265522
0.0014858456666666,0.0064361676666666,0.0013330073333333,0.004537592,0.0055776383333333,0.0013950036666666,3.8644e-05,0.0031212186666666,0.0012494393333333,5.08876666666667e-05,0.0062476306666666
0.004578855,8.4687e-05,0.0,0.0172680946666667,6.66666666666667e-06,1.2e-05,0.0,0.0009590563333333,0.0,1.4456e-05,0.011890554
0.0027109606666666,0.0137899766666667,0.0016827266666666,0.0104677666666667,0.0079802153333333,0.001371252,3.33333333333333e-06,0.008970147,3.89053333333333e-05,0.00036312,0.0059596026666666
0.0006675996666666,0.003580673,0.000920842,0.0027244393333333,0.0015429223333333,0.0005543346666666,3.78666666666667e-06,0.0007829736666666,0.0,9.53686666666667e-05,0.0031815806666666
0.004087412,0.000762252,0.0029011533333333,0.0289949283333333,0.000124414,9.36296666666667e-05,0.002358169,0.0098456526666666,0.0022222283333333,0.004031144,0.0109692396666667
0.0053302136666666,0.0137881176666667,0.0052697376666666,0.0199656793333333,0.0123459506666667,0.0023132873333333,6.4802e-05,0.0333031643333333,0.0002158113333333,0.000817936,0.016807836
8.5199e-05,4.09256666666667e-05,0.0008814646666666,0.0004844016666666,6.236e-06,4.45683333333333e-05,0.005531242,0.0002573196666666,0.0016495536666666,0.0069339183333333,0.0001517976666666
0.0008651243333333,0.000184275,0.0005005243333333,0.005316401,1.3065e-05,0.0005032956666666,0.003636662,0.0013825883333333,0.0003601473333333,0.0008317423333333,0.0012451066666666
0.0150804636666667,0.0147190643333333,0.0005848116666666,0.03648715,0.012572642,0.0027728883333333,1.81196666666667e-05,0.0251465163333333,3.23536666666667e-05,0.000929403,0.0357248066666667
