0.0025800266666666,0.0023905186666666,0.0003241113333333,0.0003402386666666,0.0023523136666666,0.0006066383333333,0.0013366416666666,0.0012254773333333,0.0002271263333333,0.0010352513333333,0.0144196173333333
0.0024819936666666,0.0199446173333333,0.0036607036666666,0.003081884,0.0069933466666666,0.0016540763333333,0.0101745123333333,0.002819556,0.0008066956666666,0.001835945,0.0056790476666666
0.0008485523333333,0.0102249783333333,0.0014516926666666,0.0018939866666666,0.0035663666666666,0.002087571,0.013243753,0.0032129673333333,0.0017386846666666,0.0011586763333333,0.008958537
0.0005187103333333,0.0053846513333333,0.0005105476666666,0.0008185893333333,0.000744231,0.0006252446666666,0.0015678363333333,0.0009751056666666,0.0001316746666666,0.0016045343333333,0.0017277643333333
0.0039601066666666,0.0136969363333333,0.0020199466666666,0.001768615,0.006241209,0.0017196866666666,0.004065411,0.0037448876666666,0.00060334,0.0041187603333333,0.0035932596666666
0.000226735,0.0046897376666666,0.000756076,0.002100506,0.001427716,0.000982391,0.0008777136666666,0.0005860526666666,0.000170181,0.000322199,0.001596474
0.0028209583333333,0.019976666,0.0053940083333333,0.002830053,0.0073986066666666,0.0024270083333333,0.002396775,0.0109340003333333,0.0026922773333333,0.0039639753333333,0.0171338053333333
0.0056915473333333,0.0137826316666667,0.0044098653333333,0.0024626196666666,0.0077613703333333,0.001781519,0.0116023903333333,0.0319973503333333,0.0016443023333333,0.0037521156666666,0.016509383
0.0006003733333333,0.0003108136666666,0.0012107273333333,0.0003247476666666,0.0003750273333333,5.66883333333333e-05,0.004890262,0.0078612296666666,0.0028263763333333,0.0045286966666666,0.0004049833333333
0.00168048,0.0051664383333333,0.0005175513333333,0.0005403333333333,0.0018195606666666,0.0006796753333333,0.003107048,0.0019779116666666,0.0007559976666666,0.0004678886666666,0.0049987183333333
0.0135382356666667,0.0158597836666667,0.0114817423333333,0.002748421,0.0113505446666667,0.0033058353333333,0.0152274883333333,0.0248399313333333,0.000602771,0.0067677006666666,0.0466019033333333
