0.0047018076666666,0.0004475856666666,0.0004405646666666,0.0021865653333333,0.0018867806666666,8.065e-05,0.0017682178333333,0.000462448,5.30445e-05,0.0004587136666666,0.0025120343333333
0.0008499516666666,0.006902968,0.0031638443333333,0.000855541,0.0028553046666666,0.0004970063333333,0.0047180446666666,0.0010084423333333,4.4014e-05,0.0004010953333333,0.004189066
0.000252048,0.0063667883333333,0.0013764036666666,0.0031361043333333,0.0047338043333333,0.002843599,0.0019997296666666,0.0011909326666666,0.0007837313333333,0.002011854,0.00606839
0.00055318,0.00114296,0.000104457,0.0019400746666666,0.0001349136666666,0.000121349,0.0014157113333333,0.0003061086666666,0.0,3.22716666666667e-05,0.0003844263333333
0.0016913843333333,0.0055924623333333,0.0010587,8.39513333333333e-05,0.0008928853333333,0.0002504856666666,0.0015277216666666,0.00318631,0.0002675273333333,0.0013996556666666,0.0043176503333333
0.0001806046666666,0.0009474713333333,0.001245173,0.000416865,0.001662219,0.0013697603333333,0.000747854,0.0001309283333333,0.0002933026666666,0.0003556246666666,0.0009074343333333
0.001983452,0.008818039,0.001474976,0.001969963,0.0022501636666666,0.000751883,0.005887465,0.0061248836666666,0.001482591,0.0119988016666667,0.011492724
0.0021246003333333,0.0054227916666666,0.0028365016666666,0.0009315166666666,0.002713944,0.0007536686666666,0.0074780366666666,0.0118074673333333,0.0004151533333333,0.0035985356666666,0.0079747346666666
6.98666666666667e-06,1.2144e-05,0.0013204543333333,6.80266666666667e-06,2.6195e-05,1.01543333333333e-05,0.0054308093333333,2.17973333333333e-05,0.0009905006666666,0.0043225883333333,3.33333333333333e-06
0.0007254576666666,0.001118407,0.000250002,6.70216666666667e-05,0.0009751813333333,0.0001492833333333,0.0039081506666666,0.0006211046666666,0.0004572376666666,0.000558307,0.0015604816666666
0.0120179763333333,0.006017991,0.008912044,0.003015774,0.007809478,0.0015557526666666,0.0151150816666667,0.013762886,0.0002567683333333,0.0042488143333333,0.025792914
