0.00449758,0.0004910386666666,0.0007023616666666,4.58813333333333e-05,0.0008457036666666,5.0453e-05,0.0018858701666666,0.0007555813333333,0.0001473228333333,0.000761049,0.0045972003333333
0.004036701,0.0125670946666667,0.0023306876666666,0.0009974456666666,0.0027176936666666,0.0013270443333333,0.0058479646666666,0.0003607553333333,0.0001227936666666,0.0016628673333333,0.000814378
0.0010676333333333,0.0049799223333333,0.00071006,0.0019558506666666,0.0025416236666666,0.0009614223333333,0.0013367413333333,0.001495859,0.0004558386666666,0.000700086,0.0038020166666666
0.0017532856666666,0.0019375556666666,0.0001936786666666,0.000292325,7.34073333333333e-05,9.3914e-05,0.0059099383333333,0.0002283433333333,0.0,0.0001472766666666,0.0002180076666666
0.0025735433333333,0.0049537176666666,0.0009269823333333,0.0008665073333333,0.0038920366666666,0.0001636246666666,0.0054664683333333,0.0031625873333333,0.0002188313333333,0.001058802,0.0015846806666666
0.0003614713333333,0.0019004813333333,0.001492997,0.0003331743333333,0.000904653,0.0003925606666666,0.0007223423333333,0.000364978,0.000134939,0.0001334186666666,0.001695117
0.0025360853333333,0.0111331106666667,0.0034201066666666,0.0003372406666666,0.0014579696666666,0.0003968176666666,0.0013731276666666,0.0054567786666666,0.000581816,0.0035258943333333,0.012628119
0.0037066433333333,0.0044175643333333,0.002724309,0.000323216,0.002018139,0.001380783,0.0096534466666666,0.0088775833333333,8.81213333333333e-05,0.0021783076666666,0.003995685
7.488e-06,5.12346666666667e-05,0.0001988906666666,4.744e-06,4.20213333333333e-05,3.33333333333333e-06,0.0067737923333333,2.97423333333333e-05,0.0011873296666666,0.002901957,1.33333333333333e-05
0.001231736,0.0028159896666666,0.0001646073333333,0.0002681276666666,0.0007445893333333,0.0002371493333333,0.0498274933333333,0.0008290396666666,0.0002327373333333,0.0001132166666666,0.000808476
0.0147527246666667,0.0084362873333333,0.007861699,0.0031057473333333,0.0029942696666666,0.000863691,0.0162216436666667,0.0108592543333333,0.0001051386666666,0.0045141003333333,0.0276767576666667
