0.00436028,0.0019569613333333,0.0006386013333333,0.0005742186666666,0.0025012853333333,0.000317515,0.00464053,0.001655435,0.0002597138333333,0.001128631,0.0174191816666667
0.0025262083333333,0.0205767343333333,0.0046661113333333,0.0020407016666666,0.008035164,0.002363982,0.0073255416666666,0.002499689,0.0004063616666666,0.0009535796666666,0.005290966
0.000824228,0.0117044593333333,0.0024582506666666,0.0015706766666666,0.0028887546666666,0.0028394936666666,0.00126028,0.003279616,0.0020724433333333,0.0019135226666666,0.0055456976666666
0.0002255696666666,0.004776318,0.000214182,0.0006731036666666,0.0006273653333333,0.0007691836666666,0.0064397943333333,0.0010132596666666,9.73546666666667e-05,0.0002136456666666,0.0006163916666666
0.002964722,0.0198054236666667,0.001189349,0.0009242876666666,0.0041050983333333,0.0010098736666666,0.003211897,0.0045086753333333,0.0002976766666666,0.0009567206666666,0.0030786036666666
0.0005730646666666,0.0035937223333333,0.000693217,0.0017767683333333,0.001549033,0.0013204406666666,0.000882647,0.000435069,0.000158679,0.000214229,0.002562148
0.003056923,0.0196943273333333,0.0018714663333333,0.002121995,0.0049927286666666,0.0020393286666666,0.001882882,0.0104017,0.002412208,0.003426529,0.013893191
0.005534684,0.0108792073333333,0.0044288353333333,0.0019251623333333,0.0072320693333333,0.0020305923333333,0.0087264626666666,0.0335647166666667,0.0007277723333333,0.0031614743333333,0.0198598376666667
0.0012075383333333,0.0004922616666666,0.001749461,6.83946666666667e-05,0.0001004656666666,2.4241e-05,0.0045581203333333,0.0001207883333333,0.0022272523333333,0.0050717313333333,0.0003112876666666
0.0019718713333333,0.0046855706666666,0.0010959766666666,0.0005959876666666,0.0014091593333333,0.0005111866666666,0.002952031,0.001853672,0.0009081243333333,0.0007610816666666,0.001575552
0.0150955353333333,0.015797923,0.008537318,0.0017218466666666,0.0098900663333333,0.0055689693333333,0.0161923866666667,0.0233895203333333,0.0011009153333333,0.0050966156666666,0.04126503
