0.0021350263333333,0.0003662546666666,0.0005144786666666,6.2264e-05,0.0018267406666666,4.07513333333333e-05,0.002048528,0.0007263853333333,1.66666666666667e-06,0.000335841,0.0028297066666666
0.0008700003333333,0.0112560526666667,0.000753639,0.000590967,0.00457567,0.0024639596666666,0.005100192,0.0033347323333333,0.000101863,0.0007406803333333,0.0018423763333333
0.0001696886666666,0.0071631776666666,0.0015505853333333,0.0028759386666666,0.0033974263333333,0.002592547,0.001652309,0.0015034176666666,0.0010421793333333,0.001881367,0.0045482366666666
0.001330287,0.0016712356666666,0.0001909106666666,0.0014733656666666,0.000303899,0.0008909006666666,0.0017194226666666,0.0006359826666666,3.33333333333333e-06,0.000169715,0.0003988596666666
0.0007437986666666,0.006697169,0.0009815163333333,0.0034395166666666,0.0010045903333333,0.0004387003333333,0.001336684,0.0010539106666666,2.0822e-05,0.001383449,0.0043104063333333
0.0001071766666666,0.0013893573333333,0.001669188,0.0004826553333333,0.001797046,0.0017974476666666,0.001031314,0.0006284093333333,0.0002949266666666,0.000426786,0.0021397086666666
0.0024587596666666,0.0105178703333333,0.0017214516666666,0.002137673,0.0016211986666666,0.0002315416666666,0.0034046426666666,0.0070115236666666,0.0030853013333333,0.0026311116666666,0.0026758146666666
0.0011186313333333,0.001985165,0.0043279213333333,0.0012584346666666,0.003714348,0.0006087523333333,0.010258466,0.012082371,0.0008397406666666,0.003011705,0.006905011
0.0,1.48333333333333e-05,0.0003687036666666,0.0,4.0666e-05,3.33333333333333e-06,0.0060145136666666,3.54893333333333e-05,0.0014677103333333,0.0054175486666666,6.66666666666667e-06
0.00101961,0.0050082713333333,0.0006197086666666,0.0002272666666666,0.0007918756666666,0.0004510673333333,0.0019886603333333,0.001843951,0.0009936216666666,0.0007827443333333,0.0007894433333333
0.0071666126666666,0.0115316806666667,0.0067371573333333,0.0019591353333333,0.003949293,0.0009291533333333,0.0109887856666667,0.017771465,0.0008899783333333,0.003700444,0.0325012306666667
