0.0040069966666666,0.0007117626666666,0.0005111163333333,0.0032740136666666,0.0014318166666666,4.55973333333333e-05,0.0014702536666666,0.0002789766666666,3.33333333333333e-06,0.000482606,0.002837639
0.0032225053333333,0.0091448636666666,0.0011056916666666,0.0017334873333333,0.002233042,0.0010882383333333,0.0045037743333333,0.0012010473333333,9.61926666666667e-05,0.0005210183333333,0.002340607
0.001791471,0.0049472156666666,0.001176284,0.0017988373333333,0.0033157436666666,0.002250217,0.000769735,0.0050001436666666,0.0013632436666666,0.0025338716666666,0.0035332166666666
0.002023674,0.0013183313333333,0.0001201636666666,0.0005587976666666,0.0001103576666666,7.6552e-05,0.0007520116666666,0.0009312463333333,0.0,6.1466e-05,0.0004160443333333
0.0024462523333333,0.0050848256666666,0.0006042443333333,0.0002844096666666,0.0110041506666667,0.000583287,0.0037015426666666,0.002236037,2.66723333333333e-05,0.0005027843333333,0.0020313143333333
0.0003038036666666,0.002316899,0.002191548,0.000515158,0.0014859323333333,0.0009037646666666,0.0007057173333333,0.0006095796666666,0.0001306946666666,0.0006234723333333,0.000818222
0.0032041783333333,0.0103190916666667,0.0009404026666666,0.000687193,0.0026763943333333,0.000730388,0.000903858,0.005494391,0.0019429613333333,0.0041765203333333,0.0289191673333333
0.0038998836666666,0.0040924763333333,0.003432991,0.0016525123333333,0.0029633946666666,0.0008902853333333,0.007260911,0.011696408,5.08693333333333e-05,0.0018113106666666,0.0055852726666666
0.0001133356666666,3.23333333333333e-05,8.35683333333333e-05,8.27466666666667e-06,3.7256e-05,0.0,0.0037837953333333,2.69173333333333e-05,0.00125219,0.003071218,1e-05
0.001186576,0.0020466486666666,0.0002027636666666,0.0003235576666666,0.0011214876666666,0.000378496,0.0020489936666666,0.000929836,0.000797721,0.000456005,0.000461261
0.0143392626666667,0.0061570323333333,0.0068649143333333,0.0030741093333333,0.0033118736666666,0.0009146263333333,0.013287852,0.0175761363333333,9.63283333333333e-05,0.0039497743333333,0.0219357423333333
