0.0035960386666666,0.0022799356666666,0.0004150843333333,0.000795607,0.0017888983333333,5.92796666666667e-05,0.0017706958333333,0.00073437,1.75228333333333e-05,0.000322767,0.00433607
0.000930573,0.0043207226666666,0.000976473,0.001458447,0.0035988463333333,0.0006183833333333,0.0042286816666666,0.014299411,0.0001538423333333,0.000652891,0.0048278656666666
0.001225585,0.0036711356666666,0.0003347606666666,0.0022861846666666,0.0036964336666666,0.001338553,0.0021145266666666,0.0059490293333333,0.000889527,0.001014472,0.0064807946666666
0.0025602353333333,0.0015899893333333,0.0002291683333333,0.001762012,0.0003933916666666,0.0001287333333333,0.00069257,0.0004745523333333,2.17533333333333e-05,0.000392065,0.0009852343333333
0.0025285696666666,0.005750041,0.0009497716666666,0.0002907773333333,0.000518713,0.000742464,0.0038498123333333,0.0068254276666666,0.0002037693333333,0.0011309943333333,0.004973443
0.0001736193333333,0.001152069,0.001141768,0.001994405,0.0009356313333333,0.0008424423333333,0.0005932613333333,0.001732476,0.000119053,0.0001532196666666,0.0010211583333333
0.0019417696666666,0.0043683196666666,0.0018030273333333,0.0012403066666666,0.0032677153333333,0.0007281446666666,0.0014345303333333,0.0141579233333333,0.001019344,0.0036222896666666,0.0108736366666667
0.002787984,0.0071075986666666,0.0034255206666666,0.001155686,0.0039933496666666,0.0020691886666666,0.0100420166666667,0.013291002,0.0004596456666666,0.002745783,0.005273633
3.33333333333333e-06,1e-05,4.72586666666667e-05,3.33333333333333e-06,2.31053333333333e-05,0.0,0.005257277,8.35256666666667e-05,0.0015299203333333,0.0051939683333333,1.33333333333333e-05
0.001019687,0.000867361,0.0004877653333333,0.0003961256666666,0.0011562623333333,0.0004983413333333,0.003049536,0.0023331676666666,0.0005029313333333,0.0003592793333333,0.001855402
0.0101220876666667,0.007815353,0.0056509823333333,0.0013822656666666,0.0069226343333333,0.001357871,0.0114067353333333,0.015816774,0.0003387153333333,0.0051319483333333,0.0258439826666667
