0.007716029,0.00138122,0.001002001,0.0012966523333333,0.003992918,0.0003952036666666,0.00146484,0.0014692503333333,6.72153333333333e-05,0.0007056503333333,0.0072548643333333
0.0015748866666666,0.006837719,0.0043257816666666,0.0010135336666666,0.007260572,0.000672101,0.004696324,0.0046574783333333,0.0005235063333333,0.0009363216666666,0.0058728973333333
0.0007135866666666,0.008678246,0.001538991,0.0030149333333333,0.00528427,0.0043168093333333,0.001067324,0.003288436,0.0015921326666666,0.0013220603333333,0.006136028
0.001093037,0.0018836636666666,0.0008678236666666,0.001854989,0.0004489786666666,0.0002336326666666,0.0007618946666666,0.0004624686666666,2.2037e-05,0.0001010293333333,0.001056717
0.0027397386666666,0.0091664243333333,0.0020530563333333,0.0030340483333333,0.0026831553333333,0.002722478,0.0018028483333333,0.001686934,0.0001740636666666,0.001094174,0.0031476006666666
0.000736223,0.0020407403333333,0.001013637,0.0003697823333333,0.0015547456666666,0.000904412,0.0006345806666666,0.0004731466666666,0.0002496,0.0004427033333333,0.0021554636666666
0.00327686,0.0188655256666667,0.001318701,0.001021638,0.002106488,0.0009631943333333,0.002621844,0.005948555,0.0043087333333333,0.003650663,0.0040332323333333
0.0041551,0.004499552,0.003611542,0.001239214,0.0046510643333333,0.0010733343333333,0.0078622363333333,0.0146547566666667,0.00015739,0.00361853,0.0121085766666667
3.95126666666667e-05,3.22116666666667e-05,0.0003555133333333,2.01706666666667e-05,6.8217e-05,6.66666666666667e-06,0.0035950996666666,8.4208e-05,0.0008053243333333,0.00320901,1.69476666666667e-05
0.002246422,0.0042041493333333,0.0012394003333333,0.001030708,0.0017834736666666,0.000531523,0.0016879106666666,0.0029024383333333,0.0006302856666666,0.0006885566666666,0.002781107
0.0214612206666667,0.0087392603333333,0.0060077313333333,0.004884755,0.0093675916666666,0.002400976,0.006443495,0.0263219176666667,0.0001544756666666,0.003335171,0.0514229066666667
