0.0042046953333333,0.001990928,0.00170193,0.0016381893333333,0.003051863,0.001652895,0.0020546908333333,0.0016828966666666,0.0001927311666666,0.004492879,0.006595666
0.0023090693333333,0.020400487,0.0030918656666666,0.0017917573333333,0.0053861206666666,0.0012418126666666,0.0073786986666666,0.0008652863333333,0.0002723703333333,0.0010755763333333,0.0035005143333333
0.001630841,0.007143638,0.0018050813333333,0.0022634526666666,0.0039324286666666,0.0030709623333333,0.0041798683333333,0.002070982,0.0016722956666666,0.0025670356666666,0.0042632803333333
0.001816584,0.0023248366666666,0.000370696,0.000640805,0.0018187393333333,0.0009371843333333,0.0028998073333333,0.0010169733333333,1.7369e-05,0.0002342816666666,0.0016881003333333
0.003788708,0.0119925153333333,0.0024570696666666,0.00063338,0.006882464,0.0010663993333333,0.005318137,0.0057325173333333,0.0002748936666666,0.003311246,0.0055205876666666
0.000678446,0.0032140683333333,0.003464599,0.000640314,0.00301867,0.0007656786666666,0.0006485706666666,0.0003960856666666,6.0175e-05,0.000394384,0.002621802
0.0038191253333333,0.017563919,0.0058604063333333,0.002171835,0.0071216153333333,0.001196807,0.0020074503333333,0.0084684556666666,0.0019046063333333,0.0083191243333333,0.0163580626666667
0.010105352,0.0098341933333333,0.003820519,0.002763904,0.0093610076666666,0.003801784,0.011400573,0.0156763056666667,0.000515382,0.003770577,0.012464042
3.91146666666667e-05,0.0001758096666666,0.0003189956666666,3.824e-05,0.0006931746666666,3.30826666666667e-05,0.0037715566666666,0.0002519966666666,0.001548431,0.004185334,3.40246666666667e-05
0.0018993683333333,0.004384363,0.000672544,0.0008613773333333,0.0020206563333333,0.0005947233333333,0.0053951586666666,0.0023082016666666,0.000567247,0.0008223063333333,0.0026066793333333
0.0138982283333333,0.0124809756666667,0.0124678073333333,0.0067818216666666,0.0099991493333333,0.004332417,0.0175787516666667,0.0253805456666667,0.000774543,0.0054951846666666,0.0428416266666667
