0.0011607366666666,0.0001114006666666,4.15526666666667e-05,0.001660809,0.0017033933333333,3.33333333333333e-06,0.001222497,1.73053333333333e-05,9.19933333333333e-06,3.33333333333333e-06,0.0074278863333333
0.00391776,0.01175693,2.19593333333333e-05,0.0017204423333333,0.0052119846666666,0.0013066476666666,0.0098678926666666,0.0024345776666666,0.000237256,5.61336666666667e-05,0.0089164543333333
0.0007123506666666,0.0057401556666666,0.0011814403333333,0.0036056523333333,0.005391541,0.002603622,0.0015393673333333,0.002291878,0.0012151986666666,0.0020497113333333,0.0078357596666666
0.0005742596666666,0.0050091366666666,0.0003773063333333,0.001316094,0.000332803,0.00032498,0.002137533,6.95066666666667e-06,0.0,0.0,0.002090299
0.001366462,0.007629379,0.0010315003333333,0.0006679226666666,0.001379629,0.0004580256666666,0.0035585943333333,0.0043043516666666,8.50256666666667e-05,1.84586666666667e-05,0.0043175926666666
0.000398192,0.0028152986666666,0.0006038163333333,0.00067767,0.0012637196666666,0.0010733653333333,0.00097508,0.0008788723333333,0.000245692,6.66666666666667e-06,0.0019032003333333
0.0027200356666666,0.0114435023333333,0.0037105443333333,0.00219919,0.0044346013333333,0.001485062,0.0040775803333333,0.0108818006666667,0.0016456973333333,0.0036673803333333,0.0145979833333333
0.0018709303333333,0.0003513896666666,7.4139e-05,0.003120691,6.10783333333333e-05,3.33333333333333e-06,0.0130709663333333,0.0279614103333333,0.000653287,0.0001844063333333,0.0501089866666667
0.001324752,0.0002063023333333,0.0001174953333333,4.224e-05,5.52406666666667e-05,4.44133333333333e-05,0.0050649526666666,0.0092165,0.001553715,0.0053470493333333,3.46223333333333e-05
0.0010383523333333,0.0026024903333333,0.0004004963333333,0.0012301973333333,0.001205962,0.0002192393333333,0.003110648,0.0012668796666666,0.0007495746666666,0.0006534776666666,0.0012723356666666
0.0125853586666667,0.000187015,3.0326e-05,0.008726501,6.24833333333333e-05,1e-05,0.0168026953333333,9.94663333333333e-05,0.000126179,6.51426666666667e-05,0.12555544
