0.004244061,0.0010700513333333,0.00032684,0.000368019,0.0010204773333333,0.0001601563333333,0.0011785986666666,0.0007285176666666,8.4178e-05,0.0001403533333333,0.0032012856666666
0.0017990386666666,0.0012900616666666,0.0005248166666666,0.000861134,0.0044295366666666,0.0008360696666666,0.003577035,0.0101475283333333,0.0001083666666666,0.000833199,0.003659184
0.001281536,0.0043665066666666,0.0002731703333333,0.0019450706666666,0.003460748,0.0009124953333333,0.0046532066666666,0.003526141,0.000891389,0.0008957106666666,0.004121594
0.0021564963333333,0.000819267,0.0002269036666666,0.000937942,8.54683333333333e-05,0.0001159983333333,0.0002866706666666,0.0004692816666666,1.79766666666667e-05,0.0004301126666666,0.0016006913333333
0.0018065973333333,0.002581137,0.0006593316666666,4.52756666666667e-05,0.0011047836666666,0.000394716,0.003225721,0.0089881146666666,0.000109186,0.0006392016666666,0.0026568523333333
0.000244764,0.0008411076666666,0.0010945213333333,0.000290433,0.0007283536666666,0.000474305,0.0006284723333333,0.0012504656666666,0.0001550453333333,4.52823333333333e-05,0.000848081
0.0033344066666666,0.0051474006666666,0.0007484483333333,0.000818507,0.0043161463333333,0.000991466,0.0012667636666666,0.0155721526666667,0.001393714,0.0027752753333333,0.0134236006666667
0.0019754716666666,0.0047796043333333,0.0040055766666666,0.000849764,0.003496793,0.0016569936666666,0.0093767103333333,0.0117611226666667,0.0004426586666666,0.0022594266666666,0.007343606
1.7092e-05,2.70916666666667e-05,7.7129e-05,9.72133333333333e-06,0.0008746013333333,3.33333333333333e-06,0.0050989373333333,0.0001861186666666,0.0014789436666666,0.004642002,2.6895e-05
0.001259067,0.0004301936666666,0.000575065,0.0004049186666666,0.0007229173333333,0.0007050016666666,0.0019373306666666,0.001618346,0.000395823,0.0003411783333333,0.0014310813333333
0.0370745233333333,0.0056843026666666,0.005884272,0.0010449326666666,0.0043509286666666,0.0003573436666666,0.0135995046666667,0.0146359816666667,0.0004236696666666,0.0041910846666666,0.0202107083333333
