0.0045014056666666,0.0039961226666666,3.33333333333333e-06,0.0051690846666666,0.0033784016666666,0.0004971426666666,1.0568e-05,0.0015037396666666,0.0,1.46576666666667e-05,0.007661892
0.003195701,0.0144191083333333,0.003673279,0.0152698596666667,0.0072701026666666,0.0024188013333333,6.66666666666667e-06,0.005736271,3.33333333333333e-06,7.62963333333333e-05,0.006096074
0.001674983,0.008118703,0.0004753016666666,0.0057654133333333,0.003472648,0.000788861,0.0,0.002649633,0.00064853,1.33333333333333e-05,0.0054189893333333
0.0052761516666666,0.000116184,0.0,0.017288206,3.33333333333333e-06,3.33333333333333e-06,0.0,0.0011242086666666,3.33333333333333e-06,4.80866666666667e-06,0.013970641
0.0031231936666666,0.01804465,0.0015532256666666,0.008614884,0.0046097563333333,0.001884768,0.0,0.011082907,1.15363333333333e-05,3.0858e-05,0.0053571996666666
0.00061971,0.0033624116666666,0.0006074463333333,0.0029635903333333,0.002227732,0.0005598743333333,3.33333333333333e-06,0.001141978,0.0,8.52533333333333e-06,0.0019374403333333
0.0045638006666666,0.0014005793333333,0.003449695,0.0237136996666667,0.000270748,2.42016666666667e-05,0.0025929416666666,0.0088360403333333,0.0010579913333333,0.0034124296666666,0.0128261473333333
0.0056600976666666,0.0124816396666667,0.0053638753333333,0.0196937723333333,0.0075243513333333,0.0024643913333333,3.90433333333333e-06,0.029685039,3.33333333333333e-06,0.0003593393333333,0.0183383826666667
0.000117142,3.31026666666667e-05,0.000459199,0.000767084,3.33333333333333e-06,6.96536666666667e-05,0.0059220203333333,0.0001897223333333,0.001821769,0.0065003946666666,0.000172042
0.0008457736666666,0.0001103376666666,0.0009363653333333,0.004018176,3.46716666666667e-05,0.000602927,0.004141522,0.0019912336666666,0.0004831503333333,0.0002142813333333,0.0014298486666666
0.012871246,0.016895672,0.000170782,0.0272359593333333,0.005771622,0.0032952523333333,1.5836e-05,0.0199466073333333,3.33333333333333e-06,0.0004539043333333,0.02861549
