0.003478967,0.0017214786666666,0.0009058066666666,0.000550445,0.002374548,0.000505497,0.0015204255,0.0007198386666666,9.45215e-05,0.000967214,0.0053040806666666
0.0024654813333333,0.011861706,0.004218928,0.001403151,0.004187737,0.0015345566666666,0.0073012403333333,0.001945976,0.0008989943333333,0.0011506193333333,0.0061425853333333
0.001230217,0.005553415,0.0011558146666666,0.001786288,0.0039816836666666,0.0020145596666666,0.0052705996666666,0.0024414773333333,0.003596626,0.0018235706666666,0.0037241693333333
0.002036357,0.002486897,0.000331616,0.0013904736666666,0.0001944573333333,0.000183212,0.0010210726666666,0.0010721053333333,2.32903333333333e-05,0.0004043543333333,0.000863961
0.0019215143333333,0.011059361,0.0031408986666666,0.0010105696666666,0.0040585033333333,0.0012674086666666,0.0032441676666666,0.004318195,0.0006664246666666,0.0037501406666666,0.0027677663333333
0.000791703,0.0052316056666666,0.0012347123333333,0.0010517846666666,0.0015345293333333,0.0018069423333333,0.00086871,0.0006662563333333,0.0002934853333333,0.000369488,0.0017946993333333
0.0036363103333333,0.0206077063333333,0.0027110786666666,0.001680071,0.005552496,0.0020547016666666,0.002352687,0.0055266076666666,0.0023975393333333,0.0054225116666666,0.0080838516666666
0.0061901286666666,0.0058463973333333,0.004632221,0.001812319,0.0078679883333333,0.001844834,0.010794538,0.015739679,0.0010692193333333,0.0026015063333333,0.0085973466666666
6.6263e-05,0.0004175333333333,0.0015909503333333,0.00025464,0.0009470423333333,1.33333333333333e-05,0.0027980266666666,0.0002043543333333,0.000528257,0.00389408,0.0001361003333333
0.001691816,0.002942056,0.0007747473333333,0.0005391333333333,0.0026293826666666,0.0003152563333333,0.002761053,0.0017801093333333,0.0026820166666666,0.000432871,0.002052116
0.0167137816666667,0.0114684756666667,0.0125414833333333,0.001659873,0.0085009106666666,0.0018439906666666,0.01064301,0.0204050396666667,0.0009619906666666,0.0044957333333333,0.027610293
