0.0071374646666666,0.0005715163333333,0.0004089476666666,0.000197434,0.0014950516666666,0.0002801623333333,0.0014518983333333,0.0006718233333333,4.70776666666667e-05,0.0003344476666666,0.0045686943333333
0.0008565663333333,0.008572727,0.001488009,0.0005646453333333,0.0037897876666666,0.0027697986666666,0.0032717493333333,0.00123858,0.0001165223333333,0.0007707056666666,0.004372626
0.000681534,0.0097201016666666,0.0004762426666666,0.0018843813333333,0.0035384916666666,0.0012227393333333,0.001169405,0.0035983196666666,0.0009285666666666,0.000517215,0.004956699
0.001103143,0.0009806246666666,0.000330706,0.0016681543333333,0.00023097,0.000106045,0.0003138686666666,0.000373329,2.8724e-05,0.0001097416666666,0.000641636
0.0019869933333333,0.005305636,0.0007458306666666,0.0031961656666666,0.001817984,0.0028420816666666,0.0043180143333333,0.001441605,0.0002138123333333,0.0014317126666666,0.003526298
0.0004425216666666,0.0020257093333333,0.0008919646666666,0.0012983873333333,0.0020226856666666,0.0003110363333333,0.0004768113333333,0.0002590113333333,0.0003622683333333,0.0003497163333333,0.001847378
0.001979502,0.0113137823333333,0.001524274,0.0002933976666666,0.0012016096666666,0.000217113,0.0015658703333333,0.004306087,0.003029085,0.0024626243333333,0.002031332
0.0033195433333333,0.002894542,0.0026886506666666,0.001027831,0.0025390943333333,0.00068334,0.0079328663333333,0.0133181513333333,0.000166167,0.0019427443333333,0.009740159
4.33016666666667e-05,1.18786666666667e-05,0.000158722,5.18566666666667e-06,3.0805e-05,3.33333333333333e-06,0.0056215086666666,3.7517e-05,0.000765533,0.0037663603333333,0.0001432843333333
0.001192332,0.0062583703333333,0.000229454,7.70013333333333e-05,0.0010244776666666,0.000185912,0.001360516,0.0015697303333333,0.0003784866666666,0.0001349783333333,0.0014429473333333
0.010870384,0.0068140153333333,0.0052997693333333,0.001232428,0.0070550973333333,0.00235466,0.0068263253333333,0.0189339186666667,0.001319634,0.0032175756666666,0.03105923
