0.0035447996666666,0.000628971,0.000302528,7.31536666666667e-05,0.0014508843333333,0.0003179483333333,0.0015992495,0.0003368406666666,0.0001971455,0.0005804223333333,0.0025192156666666
0.0007397826666666,0.004831256,0.0006774046666666,0.00079825,0.0148038966666667,0.001932344,0.003087622,0.0035080613333333,1.52396666666667e-05,0.0010124073333333,0.001127881
0.0003568323333333,0.0045338776666666,0.0018303783333333,0.0030811426666666,0.0044240143333333,0.003144202,0.0011703393333333,0.0016160013333333,0.0008906303333333,0.001082464,0.0059018493333333
0.000170667,0.0005928363333333,8.51526666666667e-05,0.0018915503333333,0.0003758283333333,0.000118334,0.0003333886666666,0.0001596943333333,3.33333333333333e-06,0.000200233,0.000341503
0.001935579,0.004140746,0.000776893,0.000175986,0.0016766393333333,0.0004849433333333,0.0019786566666666,0.002194295,4.78883333333333e-05,0.0006079063333333,0.00114688
0.0004989906666666,0.001595222,0.000584522,0.0008567213333333,0.001937071,0.0018226173333333,0.0003732996666666,0.000117179,0.0012725486666666,0.000288505,0.00126391
0.0010987443333333,0.0042693446666666,0.0012138266666666,0.0005523336666666,0.002106601,0.0014559116666666,0.0019439896666666,0.0023564736666666,0.0028972113333333,0.0028566173333333,0.00973975
0.000809598,0.0026101886666666,0.002753569,0.0003519653333333,0.001225083,0.000580725,0.006723762,0.0060971956666666,0.000142235,0.0019731386666666,0.0035407936666666
8.461e-06,0.0,0.0004864203333333,0.0,2.51053333333333e-05,0.0,0.0040076753333333,0.0,0.0011515176666666,0.0048697796666666,3.33333333333333e-06
0.0006345103333333,0.0012810513333333,0.0003583026666666,7.23153333333333e-05,0.0005166366666666,0.0004590126666666,0.001172525,0.001327075,0.0011735263333333,0.0002631163333333,0.000906622
0.0098963596666666,0.0081154786666666,0.0077540783333333,0.002323593,0.0071156643333333,0.0056255443333333,0.0149017053333333,0.0163369936666667,0.0008128063333333,0.0067372033333333,0.0253846913333333
