0.0034149666666666,0.0004853456666666,0.0004897376666666,6.22513333333333e-05,0.0016364853333333,0.0004485246666666,0.001350945,0.002138671,0.0,0.0003576276666666,0.0038226433333333
0.00155511,0.0102959636666667,0.0016768606666666,0.000564397,0.003059682,0.001368716,0.004369756,0.0009336776666666,4.9373e-05,0.0003135133333333,0.00336657
0.0002188443333333,0.0050523246666666,0.0010312376666666,0.002297522,0.002714782,0.0024873553333333,0.0026757436666666,0.0007616756666666,0.0014364106666666,0.0009157076666666,0.003984778
0.0008467066666666,0.0016158493333333,8.26566666666667e-05,0.000398074,6.0428e-05,0.0007974153333333,0.0020088466666666,0.0001536863333333,1.58053333333333e-05,8.28213333333333e-05,0.0012503236666666
0.0015188716666666,0.0060901083333333,0.000605942,2.1767e-05,0.0031479796666666,0.001081037,0.0033707946666666,0.0005823703333333,3.63853333333333e-05,0.0005929566666666,0.0021320156666666
0.0001879306666666,0.001839934,0.0010232073333333,0.00061087,0.0017759033333333,0.000800949,0.0005417933333333,0.0003203953333333,0.0001061296666666,0.000132275,0.0019526053333333
0.003800171,0.0112653903333333,0.0006002496666666,0.0007489016666666,0.0028848436666666,0.0015885023333333,0.002600183,0.006323436,0.0014251173333333,0.0033245093333333,0.0131318173333333
0.0030678083333333,0.004582606,0.003257988,0.0004564136666666,0.0025468993333333,0.0011333576666666,0.005938142,0.0174684063333333,0.000164565,0.002183644,0.0063108673333333
1e-05,3.0572e-05,0.0009027453333333,4.192e-06,0.000107064,1.2516e-05,0.0043986596666666,3.89333333333333e-05,0.001170731,0.0029882533333333,6.66666666666667e-06
0.001312379,0.002834282,0.0001639083333333,9.53006666666667e-05,0.0003814376666666,0.0003792646666666,0.0023640636666666,0.000619476,0.0002302103333333,0.0001345303333333,0.001724545
0.01180777,0.0069270673333333,0.009592402,0.0004265723333333,0.008287046,0.0025795573333333,0.015309417,0.0236428373333333,0.0001718333333333,0.0042529216666666,0.0348435133333333
