0.003589732,0.0045354393333333,1.59756666666667e-05,0.007799823,0.003619262,0.000528238,0.0,0.0020184693333333,6.66666666666667e-06,0.0001037896666666,0.004618498
0.0040186403333333,0.010084888,0.0026869436666666,0.0162919626666667,0.008857063,0.0023145636666666,6.66666666666667e-06,0.006685104,3.33333333333333e-06,0.0003859546666666,0.0049705636666666
0.0009211183333333,0.0057993053333333,0.0019012046666666,0.0044278816666666,0.0044119713333333,0.0017950816666666,3.33333333333333e-06,0.0025552803333333,0.000743009,2.25603333333333e-05,0.0046693633333333
0.0035642916666666,0.0001965063333333,0.0,0.0171083086666667,3.33333333333333e-06,3.33333333333333e-06,0.0,0.0009127713333333,0.0,1e-05,0.0147234236666667
0.0031317646666666,0.01594969,0.0019430763333333,0.0103450983333333,0.006978502,0.0034863256666666,1.442e-05,0.011070332,9.43833333333333e-06,8.6623e-05,0.0051401973333333
0.0008173013333333,0.0033985596666666,0.0015735683333333,0.002001144,0.0024784433333333,0.0007903776666666,0.0,0.0010228926666666,0.0,1.80846666666667e-05,0.0023522703333333
0.00301245,0.001420066,0.0008760486666666,0.0199480936666667,3.17123333333333e-05,1.09256666666667e-05,0.0027714253333333,0.014753805,0.00074437,0.0032191203333333,0.013763768
0.0066162163333333,0.0097172113333333,0.0042336876666666,0.0176865366666667,0.0081894103333333,0.0033341926666666,3.3775e-05,0.0295702436666667,3.33333333333333e-06,0.0004515376666666,0.0213667536666667
8.2373e-05,6.66666666666667e-06,0.000258813,0.0012099843333333,3.33333333333333e-06,3.8446e-05,0.005551879,0.000505836,0.000873746,0.005526287,7.22116666666667e-05
0.001125392,0.000220878,0.0006665003333333,0.005114179,3.33333333333333e-06,0.000610016,0.0028755703333333,0.001917516,0.0002107486666666,0.0003226336666666,0.0018814846666666
0.0089009136666666,0.0103300223333333,3.87346666666667e-05,0.0287732696666667,0.0064008183333333,0.0044780753333333,1.26056666666667e-05,0.018555807,1e-05,0.0005153206666666,0.023355668
