0.000694448,0.000649677,0.0002028783333333,0.0002515033333333,0.0041088976666666,6.01783333333333e-05,0.000938365,0.0005585143333333,0.0001052903333333,0.0009236953333333,0.0029350873333333
0.001153632,0.004898485,0.003199445,0.0009373243333333,0.0100138523333333,0.00087444,0.0053710936666666,0.0010706696666666,0.0002461943333333,0.000887644,0.0045190126666666
0.0004268196666666,0.006898484,0.0023156273333333,0.0017876583333333,0.0045829933333333,0.0024963503333333,0.0019113613333333,0.0018472706666666,0.0015071933333333,0.0024307153333333,0.0036009763333333
0.0016457153333333,0.0005129996666666,8.29876666666667e-05,0.0016243593333333,0.000123484,0.0004344106666666,0.0005674596666666,0.000167743,0.0,0.0002959446666666,0.000145203
0.0020990063333333,0.004334317,0.0014998223333333,0.0002263696666666,0.0019063363333333,0.0005379783333333,0.0026929443333333,0.0053366686666666,7.84443333333333e-05,0.0014207483333333,0.0030753603333333
0.000399292,0.0010286373333333,0.0016207973333333,0.0017654996666666,0.0019484716666666,0.0007246353333333,0.001005762,0.0003011133333333,0.0003944296666666,0.000593427,0.000806365
0.0030256576666666,0.0076713073333333,0.0028476243333333,0.0009669593333333,0.002841451,0.000746693,0.002878683,0.005759802,0.001664558,0.0036634986666666,0.0069262083333333
0.0018897803333333,0.0011359236666666,0.000754403,0.002233722,0.0019437296666666,0.0005113016666666,0.0088313396666666,0.0075636756666666,0.0002057473333333,0.001742929,0.0039085806666666
6.97106666666667e-05,7.832e-06,0.0008400706666666,9.508e-06,3.16463333333333e-05,0.0,0.0039272493333333,4.04173333333333e-05,0.0008443606666666,0.0036016673333333,3.33333333333333e-06
0.0008143493333333,0.0013693423333333,0.0003243106666666,0.000329495,0.0011597136666666,0.00091605,0.002793723,0.0014233523333333,0.000323291,0.000367328,0.0006907933333333
0.0118257466666667,0.005038733,0.008434115,0.0012387343333333,0.004935944,0.0013468296666666,0.007988033,0.01570551,0.0006386123333333,0.0040997593333333,0.0305339653333333
