0.0018314286666666,0.001322994,0.0002822096666666,0.0010402366666666,0.0017434156666666,0.0002238833333333,0.0014144241666666,0.006084688,4.70068333333333e-05,0.0010795326666666,0.0058648883333333
0.0026545976666666,0.0130830123333333,0.0018494443333333,0.0011329173333333,0.0064035156666666,0.002346501,0.0062289416666666,0.004148521,0.0014420233333333,0.0021088586666666,0.002586713
0.000318625,0.0057963413333333,0.003415682,0.0016399143333333,0.0011452673333333,0.0038403463333333,0.0015082296666666,0.0009332526666666,0.0040570966666666,0.0018575433333333,0.0038308766666666
0.000903933,0.002346639,0.0001268026666666,0.0021840636666666,0.000881688,0.0010271923333333,0.001635233,0.0004755816666666,6.83333333333333e-06,0.0006039336666666,0.0002998913333333
0.000780045,0.008518378,0.0016201943333333,0.000237969,0.0040008656666666,0.0007010916666666,0.0021568333333333,0.003121308,6.94433333333333e-05,0.002915031,0.002400111
0.000420664,0.0031505516666666,0.0015465746666666,0.0003677283333333,0.0022822713333333,0.0016991846666666,0.0007356916666666,0.000630576,0.000270718,0.0008323823333333,0.0014246843333333
0.0007313656666666,0.0154345746666667,0.0007678243333333,0.0010963616666666,0.001167743,0.000424952,0.0016821443333333,0.0058796736666666,0.0021274646666666,0.005394524,0.0056699466666666
0.0032419186666666,0.0059448443333333,0.001638364,0.0013670986666666,0.0032066606666666,0.0013430386666666,0.0093180476666666,0.020051712,0.0007339256666666,0.002932078,0.0084262113333333
0.0,3.33333333333333e-06,0.001170107,0.0,4.52426666666667e-05,3.33333333333333e-06,0.0037673756666666,4.29266666666667e-05,0.0007122693333333,0.001827459,6.66666666666667e-06
0.0055388176666666,0.008236106,0.0017868846666666,0.002279304,0.006264834,0.01102984,0.0068039273333333,0.002229825,0.0006338516666666,0.0038605723333333,0.0072615143333333
0.007510635,0.01022199,0.008762363,0.0027342453333333,0.0045386183333333,0.0029060843333333,0.0125546163333333,0.0220647796666667,0.000310206,0.0051479653333333,0.03799439
