0.004079113,0.002879548,0.0009318723333333,0.0004304876666666,0.0033440086666666,0.000662918,0.0041438486666666,0.0017283643333333,6.50531666666667e-05,0.001702063,0.0051944116666666
0.0043349226666666,0.0102025683333333,0.0014763223333333,0.002127863,0.0076247076666666,0.00222738,0.008345618,0.0031129173333333,0.000416799,0.0034152946666666,0.0053820776666666
0.0005767033333333,0.0051842116666666,0.00092058,0.001719507,0.0028719063333333,0.001282797,0.0027447403333333,0.0013271703333333,0.0029202696666666,0.0038091183333333,0.0029459186666666
0.000690924,0.002146359,0.000316427,0.0024113193333333,0.0008175906666666,0.0010039503333333,0.0011474456666666,0.0006663916666666,9.72933333333333e-06,0.0009147293333333,0.0010168136666666
0.002297171,0.0088780173333333,0.000721852,0.0004002366666666,0.0019442476666666,0.0009972903333333,0.00261923,0.0012547236666666,0.0009013293333333,0.0029967373333333,0.004362631
0.001068487,0.0034663963333333,0.0010991396666666,0.0004282453333333,0.001642338,0.0011348686666666,0.0007520793333333,0.001030855,0.0003867703333333,0.0011458706666666,0.0019980806666666
0.0026823193333333,0.0081590136666666,0.0044263143333333,0.0010896383333333,0.0038067526666666,0.0007942543333333,0.0034536276666666,0.0060824546666666,0.0017584463333333,0.0143533806666667,0.007300492
0.003699449,0.0049512373333333,0.0032067313333333,0.0014410583333333,0.003423502,0.0017287823333333,0.0087286496666666,0.0146661516666667,0.00149276,0.0033723676666666,0.0159176686666667
3.33333333333333e-06,1.89243333333333e-05,0.000162301,3.33333333333333e-06,6.21756666666667e-05,6.66666666666667e-06,0.001011775,1.26196666666667e-05,0.001024226,0.003049866,3.33333333333333e-06
0.0037346096666666,0.007591557,0.00379072,0.0023876503333333,0.004397655,0.0030557583333333,0.0083287463333333,0.0022740653333333,0.0009144423333333,0.0041127736666666,0.0063699106666666
0.0226127796666667,0.0095341956666666,0.0095803053333333,0.003567081,0.007710996,0.0031260936666666,0.011406775,0.0239162443333333,0.000858982,0.0067897966666666,0.0243656933333333
