0.0025009446666666,0.0007959936666666,0.000133798,0.000273724,0.001098608,8.5314e-05,0.0008140631666666,0.00054994,4.57861666666667e-05,0.0001295466666666,0.003489743
0.0017388186666666,0.0016107706666666,0.001110788,0.001158597,0.0033945723333333,0.0013616906666666,0.003749073,0.01263453,5.97133333333333e-05,0.000726565,0.0027456463333333
0.0012244403333333,0.004931133,0.001473504,0.0025200733333333,0.0034066833333333,0.0022440596666666,0.0018748183333333,0.00310533,0.001704294,0.0014037913333333,0.0042582463333333
0.0011527056666666,0.0020286816666666,0.0001646,0.0006842436666666,0.0001524046666666,0.0001891953333333,0.000990237,0.0007777286666666,1.65566666666667e-05,0.000349812,0.0005847066666666
0.0021499783333333,0.0029831953333333,0.0006596223333333,0.0001035053333333,0.0013236053333333,0.0006682193333333,0.0059164336666666,0.005992309,5.16103333333333e-05,0.0016778813333333,0.0018954276666666
0.0004867883333333,0.0010851393333333,0.0018181806666666,0.0012666666666666,0.0015097136666666,0.0004451193333333,0.0004808276666666,0.0010423023333333,0.000129365,6.52556666666667e-05,0.000747885
0.0018048813333333,0.0054983056666666,0.001476275,0.0011709456666666,0.0046827656666666,0.0005172266666666,0.0008148286666666,0.0134488423333333,0.0009610093333333,0.004201411,0.0144720333333333
0.0021193476666666,0.0047272933333333,0.0038585413333333,0.000922355,0.0038178966666666,0.0017222723333333,0.0108986983333333,0.0147350816666667,0.0004111943333333,0.0020296053333333,0.0074486316666666
6.66666666666667e-06,1.6118e-05,0.0006205813333333,0.0003900906666666,3.28663333333333e-05,1e-05,0.0065050706666666,0.001102758,0.00161237,0.006328954,2.09333333333333e-05
0.0013248896666666,0.0005534913333333,0.0004893806666666,0.0005837076666666,0.00081183,0.0001300746666666,0.0031004663333333,0.0015114296666666,0.0006052926666666,0.000857646,0.003025565
0.0352495533333333,0.006387466,0.006252468,0.0011303883333333,0.0046818923333333,0.0007947993333333,0.0129475486666667,0.01128606,0.0002951976666666,0.002966026,0.0203094086666667
