0.00472583,0.001446409,0.0005544723333333,0.0003910316666666,0.0011013836666666,7.35603333333333e-05,0.0010972473333333,0.00136144,1.5156e-05,0.0005974143333333,0.0042897753333333
0.003863435,0.0113161283333333,0.0023205966666666,0.001259394,0.002705404,0.001797024,0.0046407593333333,0.0021193283333333,0.000101754,0.0009015503333333,0.0023482263333333
0.001128314,0.0066780033333333,0.002210521,0.0030175623333333,0.002027029,0.0025749336666666,0.0023931886666666,0.0010882,0.0009723856666666,0.001771484,0.003765079
0.00235537,0.0020450003333333,0.0008529166666666,0.0005899526666666,4.0671e-05,0.000116954,0.000468964,0.000354502,0.0,0.0002524516666666,0.0005148943333333
0.0030626743333333,0.006151003,0.0008166476666666,0.000175971,0.0018084713333333,0.000639067,0.0021023986666666,0.0028015996666666,7.59866666666667e-06,0.000797466,0.002426783
0.0001500236666666,0.0021580456666666,0.000962766,0.0002865023333333,0.0030760663333333,0.0013549963333333,0.0003967,0.0005079963333333,1.52513333333333e-05,9.0397e-05,0.0015869446666666
0.003219566,0.01264717,0.0047260726666666,0.0004469926666666,0.0017820616666666,0.0007106853333333,0.0015003253333333,0.005865511,0.0005862653333333,0.0037098723333333,0.012385493
0.006127669,0.0057876506666666,0.0035943133333333,0.0003799806666666,0.0020936636666666,0.0009588263333333,0.006322312,0.0138296786666667,4.69533333333333e-05,0.0029740966666666,0.006686451
7.38133333333333e-06,7.5636e-05,5.52626666666667e-05,1.01226666666667e-05,0.0001597446666666,0.0,0.0060701063333333,8.0995e-05,0.0009675516666666,0.0023074633333333,1.66666666666667e-05
0.0011333383333333,0.0030501433333333,0.0002385863333333,0.0003396836666666,0.000581993,9.35306666666667e-05,0.002144003,0.000695403,0.0004247926666666,0.0002659323333333,0.0008127076666666
0.014385614,0.0114158546666667,0.006961681,0.003573874,0.0041722223333333,0.0013201156666666,0.014501208,0.0172071,2.44896666666667e-05,0.0030672573333333,0.0255592076666667
