0.0064965786666666,0.0004880353333333,0.00036483,0.002167209,0.0014670046666666,3.59416666666667e-05,0.0013022683333333,0.0005395873333333,5.85933333333333e-06,0.000552911,0.002546536
0.0018019026666666,0.0088055953333333,0.0008586096666666,0.0015904953333333,0.0073024583333333,0.0013613983333333,0.002819723,0.0017951003333333,2.51826666666667e-05,0.001724424,0.001851567
0.000605152,0.0154206496666667,0.001518478,0.0029446616666666,0.0031505416666666,0.002287727,0.0013685193333333,0.0014541213333333,0.001311639,0.001885448,0.0052662323333333
8.9821e-05,0.0011489453333333,0.000141017,0.0019555606666666,0.000122452,0.0001380483333333,0.000248641,0.0003898323333333,0.0,0.000101813,0.0003204063333333
0.00145574,0.0053601373333333,0.0007239623333333,0.0002540063333333,0.004670308,0.0001734823333333,0.0009120646666666,0.0013242956666666,9.64866666666667e-06,0.0013578596666666,0.0045498056666666
0.000152604,0.0009572033333333,0.000887332,0.0004153563333333,0.001859738,0.0019376606666666,0.0002845036666666,0.0001633853333333,0.0002186493333333,0.0002290763333333,0.0010652546666666
0.0058108413333333,0.0042331816666666,0.0020264593333333,0.0006920306666666,0.001172892,0.0003606496666666,0.0010726443333333,0.002431715,0.002567905,0.0022168056666666,0.008909108
0.0029010963333333,0.0024333156666666,0.0026638396666666,0.000526041,0.002670967,0.0002828406666666,0.0074085393333333,0.0098783916666666,0.0001464046666666,0.0013988113333333,0.0053137576666666
3.33333333333333e-06,3.33333333333333e-06,0.000522869,0.0,1.51393333333333e-05,0.0,0.004967375,6.66666666666667e-06,0.0011470293333333,0.0055897706666666,6.66666666666667e-06
0.0008044883333333,0.0020666936666666,0.0001512503333333,0.0001205073333333,0.0001440926666666,0.0002002136666666,0.0014014933333333,0.002988784,0.000663654,0.0006325966666666,0.000804202
0.0165110566666667,0.009065775,0.0057932673333333,0.0015831636666666,0.0057840076666666,0.00284284,0.0153589573333333,0.0242877656666667,7.42936666666667e-05,0.0031528883333333,0.0193985686666667
