0.0062583413333333,0.003913938,0.0016891483333333,0.002291333,0.003758998,0.0011248273333333,0.0016278471666666,0.0023082346666666,0.0001589148333333,0.0024131933333333,0.006587366
0.005692813,0.0116832633333333,0.0041439506666666,0.0039041613333333,0.011504274,0.0030203966666666,0.0059839973333333,0.0038227593333333,0.0012398013333333,0.0049641086666666,0.0085001996666666
0.0018231406666666,0.005893854,0.00219866,0.0023527383333333,0.003623794,0.0028982596666666,0.003955666,0.0023986756666666,0.0026871636666666,0.0050279893333333,0.0058411963333333
0.0024488546666666,0.0027819933333333,0.0011571226666666,0.00254105,0.0014062703333333,0.001341657,0.0007470313333333,0.0010805253333333,6.1652e-05,0.0018938476666666,0.0024140246666666
0.0029727966666666,0.0129733326666667,0.0021443696666666,0.0015213163333333,0.002829711,0.0020497866666666,0.002344584,0.0044377013333333,0.0002834733333333,0.004210965,0.0043067003333333
0.000891164,0.003796658,0.0014143186666666,0.0006940316666666,0.003295428,0.002478994,0.000767205,0.0020584696666666,0.0005444426666666,0.0018393143333333,0.0021591873333333
0.003616454,0.012071159,0.005310118,0.001988375,0.0053824536666666,0.0015746013333333,0.0017856893333333,0.006114014,0.002716682,0.0082430123333333,0.008824875
0.0065573906666666,0.0057151886666666,0.0042756263333333,0.0037680133333333,0.0084685053333333,0.003315513,0.0113493696666667,0.030103511,0.000977282,0.0043005233333333,0.0223830113333333
0.0,5.2686e-05,0.0035858386666666,2.64803333333333e-05,0.000118419,1.04246666666667e-05,0.002333648,7.82733333333333e-06,0.0013511913333333,0.0030800376666666,2.37556666666667e-05
0.0132937933333333,0.0176036203333333,0.0094070693333333,0.0079256733333333,0.0179066486666667,0.011824807,0.0049615546666666,0.0067008376666666,0.0047381293333333,0.0071796386666666,0.01781053
0.0166103676666667,0.0117303293333333,0.0113509823333333,0.0072885316666666,0.0087275296666666,0.0040669576666666,0.015428549,0.030842186,0.0012811053333333,0.0083493326666666,0.026346802
