0.003070281,0.000455618,0.0004583423333333,0.000556294,0.0017664053333333,7.48346666666667e-05,0.0011304348333333,0.001282621,3.84711666666667e-05,0.000480721,0.0033050806666666
0.0007634803333333,0.0147325886666667,0.0018792546666666,0.0008774486666666,0.0032987056666666,0.0008805293333333,0.0052111586666666,0.0012299096666666,0.0001287746666666,0.0007125116666666,0.003227776
0.0006387166666666,0.0085246863333333,0.0025841423333333,0.0024528703333333,0.003635777,0.003375976,0.0020890813333333,0.002968211,0.0017165536666666,0.001182831,0.0051623903333333
0.0022077093333333,0.0007915553333333,0.0001250186666666,0.002508174,0.0001169793333333,0.0001472876666666,0.0028096236666666,0.0002109626666666,7.597e-06,0.0001046793333333,0.001933205
0.001419625,0.0058171826666666,0.000862839,0.0029938203333333,0.0010629616666666,0.000559963,0.002186312,0.0030564446666666,0.0003067603333333,0.0015886713333333,0.0009796966666666
0.0005132196666666,0.0012692633333333,0.0012709936666666,0.0006477166666666,0.001432871,0.0003682113333333,0.000808754,0.0001964996666666,0.000420467,0.0005790943333333,0.0015353743333333
0.0019733756666666,0.0061928776666666,0.0017959446666666,0.0011899543333333,0.0025578946666666,0.000249419,0.0020799456666666,0.0051680606666666,0.0029817506666666,0.0028442943333333,0.004549544
0.00274595,0.002598911,0.0033022276666666,0.0013526786666666,0.003253302,0.0011325126666666,0.0085929856666666,0.0092549106666666,0.0001581556666666,0.0042702203333333,0.0151389976666667
7.7022e-05,1e-05,0.0006642496666666,6.15333333333333e-06,2.45453333333333e-05,3.33333333333333e-06,0.0052675603333333,0.001019738,0.001502877,0.0049665386666666,0.0
0.00096891,0.0041437763333333,0.0002540136666666,0.0002232073333333,0.0010243383333333,0.0007114636666666,0.0018274356666666,0.0019000756666666,0.000325068,0.0005738013333333,0.0009942546666666
0.0130796816666667,0.010277083,0.005978436,0.0033026266666666,0.0051914073333333,0.0013060383333333,0.0078052483333333,0.0127754583333333,0.0007568773333333,0.0047759993333333,0.0225098803333333
