0.0034980973333333,0.00222189,0.001046785,0.0004544876666666,0.002456683,0.0003254206666666,0.001879767,0.001708154,5.25043333333333e-05,0.0005925156666666,0.0026132676666666
0.0025151783333333,0.0157903543333333,0.000735694,0.0012981446666666,0.001745414,0.0006598826666666,0.0051917493333333,0.0029121806666666,0.0002679776666666,0.002070241,0.0021385226666666
0.0004934123333333,0.006972452,0.0007055413333333,0.0030693063333333,0.0037914123333333,0.0020333283333333,0.001757233,0.002051305,0.0019154106666666,0.0016302446666666,0.00516203
0.0003339276666666,0.001171841,0.0005207756666666,0.0016067773333333,0.000217082,0.0002682403333333,0.0020063493333333,0.0005287783333333,1.79603333333333e-05,7.78333333333333e-05,0.0001860466666666
0.0008317923333333,0.0064366146666666,0.0018631026666666,0.0003372093333333,0.001464132,0.0004927916666666,0.00308251,0.003151799,0.000402056,0.0036748153333333,0.003190664
0.0007695303333333,0.001654849,0.0007310443333333,0.000471104,0.002331015,0.0009951793333333,0.0006424283333333,0.0003261563333333,0.0003190503333333,0.0004549233333333,0.000752545
0.0043545946666666,0.010216132,0.0015629686666666,0.001105473,0.002514334,0.000624153,0.001984749,0.003725042,0.0050515646666666,0.004790834,0.0083456636666666
0.0032573306666666,0.0034902056666666,0.0044840296666666,0.0012528223333333,0.0032509806666666,0.000887169,0.0098390396666666,0.0122845343333333,0.000974776,0.002649229,0.0094307466666666
3.33333333333333e-06,1e-05,0.0004512506666666,7.33083333333333e-05,3.8362e-05,3.33333333333333e-06,0.0049055593333333,0.0072862403333333,0.001970028,0.004765871,0.0
0.0011743306666666,0.0018698556666666,0.00101351,0.0005936983333333,0.000839946,0.000967807,0.001925415,0.001754172,0.0011234773333333,0.0019317543333333,0.000813111
0.0129988916666667,0.013316381,0.007021783,0.0029895743333333,0.002629733,0.0044905356666666,0.0155564323333333,0.0157837476666667,0.0005109826666666,0.00479612,0.024547577
