0.0028289743333333,0.000982671,0.000650494,4.97426666666667e-05,0.0014192416666666,1.23446666666667e-05,0.0020889243333333,0.0003373063333333,8.45166666666667e-05,0.0005821853333333,0.0048578973333333
0.0005696653333333,0.001935934,0.0014496056666666,0.0005495156666666,0.0015983143333333,0.000311722,0.004911084,0.0132208303333333,2.42183333333333e-05,0.0005144553333333,0.0025098963333333
0.00031187,0.0035142556666666,0.0002974096666666,0.0019838986666666,0.002674291,0.0014222856666666,0.0014771036666666,0.003363973,0.001195835,0.001479087,0.0056332026666666
0.0017890226666666,0.0015543876666666,7.80633333333333e-05,0.000285606,0.0001718113333333,0.000613145,0.0003436006666666,0.0001630526666666,1.51166666666667e-05,0.0004012996666666,0.0007431016666666
0.0013247266666666,0.0021662313333333,0.001118498,0.0001668376666666,0.0032497196666666,0.000178716,0.002543415,0.0048140636666666,0.0001480873333333,0.0012111333333333,0.001166921
7.98326666666667e-05,0.0009526716666666,0.0009427573333333,0.000299231,0.0010053853333333,0.0006946836666666,0.000600716,0.001267597,0.0001507696666666,0.0003308013333333,0.0011377003333333
0.0008615393333333,0.0016809426666666,0.000854167,0.0017117866666666,0.002068813,0.0004514206666666,0.001175758,0.011547543,0.0006330733333333,0.0045658403333333,0.009412457
0.0011966536666666,0.0060081376666666,0.0027398313333333,0.0005745566666666,0.0037255033333333,0.0004909606666666,0.0064328216666666,0.0073031606666666,0.000101586,0.0024981766666666,0.002882598
3.33333333333333e-06,0.0,0.0004835436666666,4.232e-06,2.01583333333333e-05,6.66666666666667e-06,0.0043740633333333,3.03896666666667e-05,0.0014867896666666,0.0046391253333333,0.0001155153333333
0.000686639,0.000964929,0.0002318086666666,0.0001592243333333,0.000521008,0.0002060306666666,0.0019766506666666,0.0023266753333333,0.0004180956666666,0.0001863926666666,0.0008319126666666
0.0319244136666667,0.0075026646666666,0.0073297273333333,0.0005424466666666,0.0042774713333333,0.0004774953333333,0.010773906,0.0075962146666666,0.0005147683333333,0.0037077556666666,0.021106849
