0.0029508456666666,0.0015011226666666,0.0006482083333333,0.001094255,0.0036125976666666,0.0011882043333333,0.00245773,0.0010239096666666,8.74013333333333e-05,0.001116323,0.0030758016666666
0.0020324443333333,0.014266542,0.0028277073333333,0.0055437106666666,0.0059133613333333,0.0031548543333333,0.010835356,0.0040654216666666,0.0005727666666666,0.0020249313333333,0.0032542766666666
0.000802957,0.0066267306666666,0.0012508366666666,0.002009115,0.0035107136666666,0.0024673553333333,0.001518933,0.0018431853333333,0.001349602,0.001643376,0.0059645806666666
0.000856596,0.0033434363333333,0.000675739,0.0009759573333333,0.0013680523333333,0.0007337063333333,0.001884742,0.0014812746666666,0.0005056193333333,0.000488095,0.002730074
0.001996927,0.014530139,0.0025156346666666,0.0010967853333333,0.0065455073333333,0.00238024,0.0112183736666667,0.0071258723333333,0.000370829,0.001604359,0.009102987
0.000605811,0.003480772,0.001230865,0.0004707776666666,0.0024643703333333,0.0013131306666666,0.0012821366666666,0.0018121406666666,0.000150291,0.0002750506666666,0.0015077336666666
0.0034881143333333,0.014671601,0.0031407303333333,0.005167287,0.0068516943333333,0.00160497,0.0026966456666666,0.010588831,0.0018114686666666,0.0048727636666666,0.016401471
0.0038761023333333,0.0094636913333333,0.004798534,0.0026245273333333,0.0070213393333333,0.002955706,0.011403807,0.02685177,0.0008067263333333,0.0052485903333333,0.0242837576666667
8.08696666666667e-05,0.0001290826666666,0.000957277,9.09193333333333e-05,0.0002074753333333,7.59293333333333e-05,0.005865247,0.0002143983333333,0.0013623053333333,0.005114891,6.80593333333333e-05
0.001105754,0.0016457506666666,0.001278763,0.000594508,0.0013627796666666,0.0020243976666666,0.0032860776666666,0.0014087476666666,0.000590484,0.0006698986666666,0.001493197
0.0137611363333333,0.0137264866666667,0.0086710223333333,0.005474053,0.0077191963333333,0.0023334193333333,0.0159816543333333,0.020057588,0.0004449226666666,0.0054084363333333,0.0244464583333333
