0.0022703836666666,0.0015632953333333,0.0007932603333333,0.0004879236666666,0.0029501763333333,0.0009026273333333,0.0017939423333333,0.001631084,0.000242835,0.000669787,0.0058246423333333
0.0027674833333333,0.016106245,0.004144485,0.0023704226666666,0.0077933756666666,0.0033039236666666,0.006733541,0.0030575853333333,0.0014573453333333,0.001967986,0.0050600433333333
0.000730079,0.0069806153333333,0.0029278996666666,0.0031905383333333,0.00397798,0.002833627,0.004185694,0.002628903,0.0022145453333333,0.0018627093333333,0.0073778816666666
0.0042246023333333,0.004213515,0.000704047,0.001119781,0.0010490896666666,0.000370197,0.0125091173333333,0.0012346563333333,0.000406788,0.0003477096666666,0.0005537706666666
0.0015658313333333,0.0141502013333333,0.0019451273333333,0.0009173963333333,0.0023599946666666,0.002120989,0.0028212393333333,0.0033415813333333,0.000406899,0.0018403943333333,0.0058586743333333
0.0005430283333333,0.0039120376666666,0.0011216426666666,0.000532396,0.0018418786666666,0.0016290146666666,0.000727754,0.0011210403333333,0.000312965,0.0005194013333333,0.001062027
0.0041821886666666,0.0127812063333333,0.0021294593333333,0.002026319,0.006996398,0.0015663313333333,0.0036580276666666,0.0078696173333333,0.001381698,0.00329579,0.009275599
0.0042853653333333,0.0089544093333333,0.004601934,0.0022072026666666,0.0081987933333333,0.0029841086666666,0.010446553,0.0219937546666667,0.002177365,0.005271177,0.02011207
3.87373333333333e-05,0.000545226,0.0019030226666666,0.0001301043333333,0.0003088186666666,7.86656666666667e-05,0.0043959746666666,0.000233712,0.001698566,0.0063998403333333,0.0001040926666666
0.0008837793333333,0.0045459443333333,0.0007676936666666,0.000755599,0.0022806643333333,0.0005500236666666,0.0035587743333333,0.0015007006666666,0.002267487,0.0008999513333333,0.001182964
0.0151794526666667,0.0098594756666666,0.010917193,0.0022682476666666,0.006888849,0.0011757723333333,0.0114502796666667,0.0221469053333333,0.0008174216666666,0.0066753703333333,0.0240701116666667
