0.0031293206666666,0.0003166226666666,0.00054651,2.3088e-05,0.0017247353333333,0.0003667073333333,0.0038246256666666,0.0004658556666666,3.33333333333333e-06,0.000767641,0.0038452273333333
0.000916117,0.0045424203333333,0.000196672,0.000558247,0.001699647,0.0019073556666666,0.0028541243333333,0.001321629,2.075e-05,0.0003755213333333,0.0026684736666666
0.000291723,0.0051059543333333,0.000292553,0.0011661583333333,0.0029110573333333,0.0008878843333333,0.0007062973333333,0.002338497,0.0002270523333333,0.000488247,0.0044438593333333
7.58243333333333e-05,0.0008321933333333,0.000380117,0.001548149,6.46696666666667e-05,7.1526e-05,0.0009139763333333,0.0002411046666666,0.0,0.0002700103333333,0.0006893516666666
0.0016096193333333,0.0029783033333333,0.0017368166666666,0.0027219206666666,0.0005811746666666,0.0003588713333333,0.0023612676666666,0.0006081116666666,1e-05,0.0020072986666666,0.0015514413333333
0.0001269113333333,0.000802039,0.0008407026666666,0.0003015466666666,0.0007320306666666,0.000839555,0.000312855,0.0004659123333333,0.000220576,0.0003487163333333,0.001275394
0.0034707706666666,0.007381542,0.001517477,0.000311026,0.0004341733333333,0.000854167,0.00110363,0.003357869,0.0012509743333333,0.0023779263333333,0.0018571256666666
0.0007878823333333,0.00247916,0.003696065,0.000872758,0.0015666276666666,0.0001999466666666,0.0080936023333333,0.0077264803333333,5.82066666666667e-05,0.001486048,0.0053616193333333
1e-05,1.3784e-05,0.000817139,3.33333333333333e-06,4.08263333333333e-05,0.0,0.0035834993333333,3.14e-05,0.0005405756666666,0.0031789383333333,0.0
0.000748955,0.0042357206666666,0.0001975046666666,0.0002490006666666,0.0004061676666666,0.0001974006666666,0.001508956,0.0012334306666666,0.000174064,0.0001014913333333,0.0002967536666666
0.0079898306666666,0.0026921676666666,0.0062461926666666,0.0012273076666666,0.0040872416666666,0.002229664,0.0051531473333333,0.015429786,0.000670801,0.0031626836666666,0.0177350413333333
