0.0034621253333333,0.000438626,0.0004739313333333,0.000158856,0.001427834,6.8402e-05,0.0019524016666666,0.0004285006666666,5.4072e-05,0.000569287,0.0047582933333333
0.000681795,0.0485595266666667,0.0009467363333333,0.0003612823333333,0.0032204473333333,0.001983694,0.0042353383333333,0.0008898993333333,3.3223e-05,0.0011972593333333,0.00153344
0.0004342253333333,0.0050864253333333,0.0005735696666666,0.002538983,0.0031401183333333,0.002380647,0.001490149,0.0013897706666666,0.0006934873333333,0.0005169443333333,0.0058470423333333
6.84076666666667e-05,0.001574197,0.0001156496666666,0.0022842686666666,0.0001477283333333,0.0001511646666666,0.000584336,0.0002220763333333,3.33333333333333e-06,4.38933333333333e-05,0.0003096456666666
0.000614587,0.0089478786666666,0.000672537,4.4054e-05,0.001706686,0.000200766,0.002878273,0.001953628,0.0003200226666666,0.001543279,0.0024361906666666
0.0002133873333333,0.0020377043333333,0.0006060913333333,0.0003086063333333,0.0011254306666666,0.0017523886666666,0.0005528466666666,0.0002444323333333,0.000223,0.0001398713333333,0.001318996
0.0010519563333333,0.010792887,0.0009453296666666,0.0004356526666666,0.001003936,0.0001207806666666,0.0027763466666666,0.0031412466666666,0.0038592723333333,0.002656207,0.008669596
0.00254087,0.003240357,0.0026136246666666,0.000463166,0.0023467376666666,0.000464437,0.0078692383333333,0.011318088,0.0002598033333333,0.002826519,0.0048225143333333
5.86306666666667e-05,0.0,0.000314153,0.0,4.21686666666667e-05,3.33333333333333e-06,0.0037445313333333,0.002811877,0.000968641,0.004749306,6.66666666666667e-06
0.0009906083333333,0.0037036056666666,0.000508939,4.64313333333333e-05,0.0004750076666666,0.0002146406666666,0.0010914013333333,0.0010922116666666,0.0004633513333333,0.000115434,0.0006285736666666
0.0131063906666667,0.0069751433333333,0.0055006993333333,0.001972031,0.0038864403333333,0.0006480306666666,0.0140269473333333,0.0153656926666667,0.0001035833333333,0.0028656583333333,0.0343010733333333
