0.009472113,0.0016779596666666,0.0009940543333333,0.0001969726666666,0.0020011243333333,0.0003822366666666,0.001704504,0.0012226213333333,2.04403333333333e-05,0.0008374543333333,0.0034715096666666
0.0033324933333333,0.005511153,0.001775416,0.0006619683333333,0.00495506,0.0009941736666666,0.00353205,0.0011931833333333,0.0003995693333333,0.0006480213333333,0.003740129
0.0016708863333333,0.0112796116666667,0.0012212523333333,0.002134071,0.002947591,0.0027160836666666,0.002476099,0.0015896413333333,0.0006758076666666,0.002177089,0.004581898
0.0014014873333333,0.0013405286666666,0.0002290693333333,0.0016467386666666,0.000110802,0.0005280106666666,0.000391282,0.0006612983333333,4.77893333333333e-05,7.4792e-05,0.0005846483333333
0.002500915,0.0035423733333333,0.0010065953333333,0.0002983983333333,0.0022076486666666,0.0004523906666666,0.0005925416666666,0.0011260146666666,0.000100299,0.0030471203333333,0.0038075076666666
0.0007357126666666,0.0016474776666666,0.000675587,0.0003843023333333,0.001237946,0.0005792416666666,0.0006628683333333,0.0002201636666666,0.0003133273333333,0.0005111523333333,0.002053928
0.0023963943333333,0.005762393,0.0009800423333333,0.0008776023333333,0.001750643,0.000777831,0.0014649923333333,0.0037913083333333,0.0033480763333333,0.002774316,0.008945039
0.0035297306666666,0.001920212,0.0028674476666666,0.000788431,0.0019498913333333,0.001125521,0.0062506013333333,0.0093616693333333,0.000269181,0.0017793776666666,0.0066427093333333
6.84233333333333e-06,3.33333333333333e-06,0.000542647,0.0,2.8038e-05,0.0,0.00473319,6.66666666666667e-06,0.0010052996666666,0.004707207,6.83466666666667e-06
0.0012157926666666,0.0059335096666666,0.0003868793333333,0.0003578766666666,0.0005442463333333,0.0007509943333333,0.0014524063333333,0.0006314683333333,0.0002445313333333,0.0001474646666666,0.0003479613333333
0.0079541516666666,0.0120713363333333,0.007787753,0.001482513,0.0036505486666666,0.0015941083333333,0.005782563,0.0121954976666667,8.8e-05,0.0032379513333333,0.0160210463333333
