0.0040864856666666,0.0019436146666666,0.0006056063333333,0.004783372,0.0022451773333333,0.0004259803333333,0.0018654988333333,0.0014971676666666,8.12898333333333e-05,0.000349958,0.0070186016666666
0.001555074,0.012069912,0.0016062243333333,0.0023435776666666,0.0050913506666666,0.0012890833333333,0.0961670233333333,0.0017562653333333,0.0005884126666666,0.0009729973333333,0.0031624663333333
0.0019329483333333,0.0132781013333333,0.0017437416666666,0.0032584273333333,0.0040423553333333,0.003111514,0.0020989023333333,0.0022340086666666,0.0019309753333333,0.002440397,0.0054441886666666
0.0003837573333333,0.0018041113333333,0.000191034,0.002244649,0.0002281723333333,0.0002214573333333,0.000383854,0.000924154,2.76006666666667e-05,0.000195092,0.0006066916666666
0.0021957926666666,0.0131787843333333,0.0009561296666666,0.0006142023333333,0.0016010766666666,0.0005947953333333,0.0034957086666666,0.005695239,0.000607518,0.000654756,0.0038604413333333
0.00030088,0.0040449703333333,0.0019101873333333,0.000677152,0.001993328,0.0016579073333333,0.0006105396666666,0.0002846996666666,0.0004673226666666,0.0009740036666666,0.0014129563333333
0.0036379166666666,0.013595117,0.0018588036666666,0.000505594,0.005399949,0.0003982563333333,0.0021539396666666,0.0060780786666666,0.002416835,0.002726304,0.0104623286666667
0.0043066916666666,0.005269655,0.0036120136666666,0.001102832,0.0031800726666666,0.001209936,0.007188401,0.0154519563333333,0.0007189443333333,0.0018174286666666,0.0093733543333333
9.43436666666667e-05,1e-05,0.000957185,1.66666666666667e-05,3.60333333333333e-05,6.66666666666667e-06,0.0040056546666666,6.99733333333333e-05,0.001250733,0.0044557336666666,6.66666666666667e-06
0.0021970826666666,0.00858858,0.0004191416666666,0.000395018,0.001378998,0.000470102,0.0017688486666666,0.0028128846666666,0.000604803,0.0007684183333333,0.012665195
0.0221685673333333,0.01119902,0.009358075,0.002236134,0.0077626466666666,0.0026528083333333,0.0143358376666667,0.0248407306666667,0.0005136136666666,0.003568166,0.0332735656666667
