0.0046357823333333,0.0031858013333333,0.0008492603333333,0.0021899903333333,0.0016123193333333,6.5728e-05,0.002430356,0.0010342986666666,1.4413e-05,0.0004845503333333,0.003909894
0.0010947573333333,0.0045912923333333,0.0016136683333333,0.0007010016666666,0.0044603203333333,0.0013552916666666,0.7543589,0.0112684226666667,0.000229936,0.0012672033333333,0.0067052086666666
0.0012722016666666,0.0047093516666666,0.0019507293333333,0.0035474433333333,0.0033160733333333,0.0020953176666666,0.0027204846666666,0.0051215646666666,0.001784527,0.0015625793333333,0.0058344153333333
0.001338047,0.0016501556666666,0.0002651153333333,0.0007283063333333,0.0016362263333333,9.53286666666667e-05,0.0060621663333333,0.0003509136666666,5.113e-06,0.0005699786666666,0.0008621903333333
0.0019500896666666,0.009572959,0.0014257523333333,0.0002332076666666,0.0026463606666666,0.0003951553333333,0.005492428,0.0070529463333333,0.0002730476666666,0.0020443243333333,0.0015950286666666
0.0002183153333333,0.0026227863333333,0.0009058946666666,0.00024955,0.0018085306666666,0.0010918696666666,0.0009868493333333,0.001451795,8.45703333333333e-05,0.0004780036666666,0.0014787346666666
0.004948135,0.014178556,0.0026802716666666,0.0010019763333333,0.005230107,0.0008639206666666,0.0023545173333333,0.019207951,0.0019686366666666,0.0059973143333333,0.010777225
0.0042771893333333,0.0087185346666666,0.0034774796666666,0.0029498213333333,0.0042382316666666,0.0011235376666666,0.0141228946666667,0.0258053836666667,0.0004751046666666,0.0053705513333333,0.009524309
9.4154e-05,5.7654e-05,0.00228298,5.664e-06,2.7998e-05,1.5528e-05,0.0073258026666666,0.0001110993333333,0.0020567036666666,0.0070751083333333,1.93833333333333e-05
0.0010466726666666,0.0012003783333333,0.000338804,0.0004092823333333,0.0009207226666666,0.0005663023333333,0.0038887386666666,0.003051822,0.0004166836666666,0.0033827086666666,0.0011058006666666
0.0117778256666667,0.011678412,0.008890539,0.003764228,0.003840589,0.0023934186666666,0.017548549,0.0125018536666667,0.0003277,0.0050116356666666,0.0208612843333333
