0.003433944,0.0014430733333333,0.000613517,0.000113145,0.0013184106666666,0.0003433756666666,0.0015788238333333,0.0006001273333333,7.89883333333333e-06,0.0012276863333333,0.003847958
0.0011831126666666,0.0088368546666666,0.000772428,0.003372251,0.0070472473333333,0.0022262926666666,0.0038607263333333,0.0011738243333333,0.0001958756666666,0.0008510023333333,0.0015022323333333
0.0008399343333333,0.0042209636666666,0.0034219963333333,0.0028914673333333,0.0035454376666666,0.003524588,0.0016861303333333,0.0009286066666666,0.0008541503333333,0.0017642326666666,0.0047182646666666
0.0001939266666666,0.0011469746666666,0.000117186,0.0017134333333333,0.0001682853333333,0.0001125626666666,0.001337803,0.000237152,0.0,5.10656666666667e-05,0.0016628853333333
0.0007430833333333,0.004964029,0.0007865206666666,0.0004334093333333,0.0009064746666666,0.000267179,0.002440919,0.0014295156666666,1.1184e-05,0.0011994643333333,0.001646153
0.0003376653333333,0.0010194196666666,0.0007063463333333,0.0003457966666666,0.0014824536666666,0.000976756,0.000464875,8.0669e-05,0.0002671973333333,0.0003466076666666,0.0016200456666666
0.0010977196666666,0.00773612,0.0009342026666666,0.000743278,0.001285672,0.000264753,0.001743192,0.0047161006666666,0.002778876,0.003420399,0.0096363453333333
0.001796033,0.001088484,0.0029934346666666,0.000368774,0.0015795093333333,0.0005471913333333,0.0078118683333333,0.010309698,0.0003348516666666,0.0015684523333333,0.0088264326666666
0.0,3.33333333333333e-06,0.0007006636666666,0.0,1.88363333333333e-05,0.0,0.0042100003333333,0.0,0.0011125736666666,0.005203787,3.33333333333333e-06
0.000839076,0.000836666,0.0004102206666666,0.000445545,0.0001921446666666,9.69826666666667e-05,0.001986993,0.0005963906666666,0.0018048246666666,0.000824747,0.000902477
0.011085523,0.0080609963333333,0.0070795493333333,0.002738951,0.005245001,0.0014988253333333,0.0157474603333333,0.0151974243333333,0.0002073963333333,0.0045211663333333,0.0240251556666667
