0.0011140116666666,0.000527736,0.000786255,6.0343e-05,0.000948438,5.38016666666667e-05,0.0007919391666666,0.000272956,1.10901666666667e-05,0.0002004476666666,0.0031955433333333
0.0039764546666666,0.009096831,0.0010503726666666,0.0006820646666666,0.0055667816666666,0.000874536,0.0034066863333333,0.0025079423333333,6.2172e-05,0.0008182086666666,0.0016807703333333
0.000614701,0.0059785756666666,0.0010130506666666,0.0027102453333333,0.003408705,0.002677139,0.0003701326666666,0.0016181663333333,0.0007993383333333,0.0004656703333333,0.0044119616666666
0.0003177116666666,0.001319986,0.000114355,0.0020211506666666,7.42563333333333e-05,0.0002786573333333,0.0015018363333333,0.0006871316666666,1e-05,7.1294e-05,0.0014398046666666
0.0014249826666666,0.004377208,0.0008661073333333,0.0003307236666666,0.001202544,0.0001417726666666,0.0011995463333333,0.0017429283333333,2.24893333333333e-05,0.0005867376666666,0.003054356
0.000365402,0.001752425,0.0005999336666666,0.0007046083333333,0.0015212826666666,0.0009375616666666,0.000378525,9.29993333333333e-05,0.0002484146666666,6.00246666666667e-05,0.001130086
0.0072011596666666,0.005594694,0.000793798,0.0005195076666666,0.0017672816666666,0.0003916573333333,0.0013668326666666,0.002825153,0.0031839966666666,0.0027721726666666,0.0060560853333333
0.002339313,0.0016609563333333,0.00286518,0.0016603616666666,0.0013763716666666,0.0011185126666666,0.0068151313333333,0.0117051236666667,0.0002111866666666,0.0023645766666666,0.006586346
1.3704e-05,2.60826666666667e-05,0.000427697,3.33333333333333e-06,0.0001160233333333,6.66666666666667e-06,0.0039790003333333,0.0,0.0010135413333333,0.004753512,1.11666666666667e-05
0.0008643946666666,0.001626856,0.0003327016666666,6.88783333333333e-05,0.0008533503333333,0.0001906246666666,0.0010392236666666,0.000995482,0.001009945,0.0001130616666666,0.001104007
0.010135873,0.0070904733333333,0.0070847543333333,0.0024128866666666,0.0077111763333333,0.0034070316666666,0.011540168,0.0162457073333333,0.0002237943333333,0.002895319,0.0250613556666667
