0.0047129456666666,0.0006560173333333,0.0005789763333333,0.0052781076666666,0.0008725476666666,0.0002814336666666,0.0015530825,0.000425448,8.78275e-05,0.0008919933333333,0.0024275716666666
0.0018401426666666,0.005309916,0.0005461136666666,0.0009234616666666,0.0027981613333333,0.0013212376666666,0.004597764,0.0024837176666666,3.5091e-05,0.0009272673333333,0.002279673
0.0009100153333333,0.0079661486666666,0.000746307,0.0022855016666666,0.0031171136666666,0.003177152,0.000791489,0.0008540226666666,0.0019404226666666,0.001552118,0.0056519703333333
0.0004268773333333,0.0011313773333333,0.0001624573333333,0.0020184523333333,0.0002108016666666,7.27843333333333e-05,0.0008155543333333,0.0010944043333333,0.0,0.000108397,0.0009517923333333
0.0034819636666666,0.005016351,0.0009264196666666,0.002845243,0.0003105326666666,0.00049277,0.0020147213333333,0.0013606176666666,6.8359e-05,0.002465756,0.0011412926666666
0.0004182703333333,0.0013340616666666,0.0009410143333333,0.000527925,0.0011004136666666,0.00091283,0.0003629683333333,0.000266566,0.000310763,0.000505566,0.0011240823333333
0.0014096346666666,0.0060799433333333,0.000600913,0.0003094753333333,0.00333453,0.000180616,0.003656492,0.0038205613333333,0.0026682956666666,0.0041412023333333,0.002180166
0.0013479176666666,0.0025376966666666,0.0034416883333333,0.0007918636666666,0.0020807063333333,0.0008615063333333,0.0085858603333333,0.0081014276666666,0.0001988853333333,0.003567681,0.0060611086666666
8.439e-06,6.66666666666667e-06,0.001021944,0.0,2.47096666666667e-05,0.0,0.0041633156666666,3.5468e-05,0.0007874843333333,0.0042601693333333,3.33333333333333e-06
0.0010343226666666,0.0046583633333333,0.0003648536666666,0.0002619416666666,0.000906954,0.000372235,0.0020385736666666,0.0015651953333333,0.0004164006666666,0.000705176,0.0015377983333333
0.009384683,0.00898033,0.007366704,0.0028793003333333,0.0063371556666666,0.0010480756666666,0.0062880793333333,0.016697236,5.1503e-05,0.0097515006666666,0.0487508766666667
