0.003184956,0.0008306496666666,0.000606538,4.46253333333333e-05,0.002393678,8.7301e-05,0.0019373786666666,0.0011796233333333,2.70886666666667e-05,0.0011096756666666,0.006024145
0.0020870416666666,0.0108093046666667,0.0007130933333333,0.0004090116666666,0.0018897086666666,0.0006862983333333,0.0061614023333333,0.0005224813333333,4.45903333333333e-05,0.0007079243333333,0.0019545626666666
0.0016465223333333,0.0084403083333333,0.0017007453333333,0.0020069826666666,0.0034384136666666,0.0037324153333333,0.003417456,0.0015459286666666,0.0014724003333333,0.0011404663333333,0.0037755186666666
0.000709415,0.0021144436666666,7.36746666666667e-05,0.0015195446666666,6.2363e-05,0.000128631,0.001102854,0.0003610423333333,0.0,0.0002869966666666,0.0002266536666666
0.0011122546666666,0.0068851646666666,0.0027049583333333,0.000135028,0.0011565216666666,0.000919668,0.0036214686666666,0.002294889,6.96223333333333e-05,0.0001678496666666,0.001610589
0.0005574106666666,0.001750694,0.001120695,0.0005787083333333,0.0011075276666666,0.0005052493333333,0.001060011,0.0003308573333333,0.0002293936666666,0.0002960303333333,0.0007000676666666
0.0007143513333333,0.0241365553333333,0.0025877433333333,0.001320852,0.0017902466666666,0.0004387516666666,0.0029368603333333,0.0044928956666666,0.002263992,0.0031770333333333,0.0066345843333333
0.0022378866666666,0.0009973846666666,0.0032960436666666,0.0013643993333333,0.0015997136666666,0.0004445083333333,0.0087983586666666,0.0095122043333333,0.000114873,0.0032697786666666,0.005145463
3.33333333333333e-06,0.0,0.000198366,4.73066666666667e-06,2.6195e-05,3.33333333333333e-06,0.0041424303333333,2.792e-05,0.000366119,0.0027629583333333,3.33333333333333e-06
0.0007200536666666,0.0033622863333333,0.000852447,0.0002279536666666,0.000361372,0.001094634,0.0017792953333333,0.0018329193333333,0.0003433976666666,0.002969613,0.0011345873333333
0.0094143866666666,0.0078655536666666,0.0059684306666666,0.0030235636666666,0.005602555,0.0011193363333333,0.0140103363333333,0.0134545323333333,0.000231555,0.0038215053333333,0.039252
