0.0033372863333333,0.004458726,3.36906666666667e-05,0.006822921,0.003775975,0.002319767,7.5e-06,0.0034883306666666,4.48813333333333e-05,6.4419e-05,0.0073394156666666
0.0040547866666666,0.015676579,0.003099694,0.0115135366666667,0.00791536,0.0027925223333333,3.3578e-05,0.0041115576666666,3.33333333333333e-06,0.000260876,0.0046749063333333
0.0029488166666666,0.0164518813333333,0.0017216233333333,0.0075110013333333,0.0057799213333333,0.002648402,0.0,0.0025350946666666,0.0024842166666666,8.84273333333333e-05,0.0065035163333333
0.0047510313333333,0.000240071,6.66666666666667e-06,0.0410082633333333,3.33333333333333e-06,1.9676e-05,3.33333333333333e-06,0.0009288833333333,9.244e-06,1e-05,0.013321808
0.0025890986666666,0.0138185953333333,0.0067849463333333,0.0078530853333333,0.0088283273333333,0.002885146,3.8761e-05,0.0087055853333333,0.000122445,0.0005557633333333,0.0057324553333333
0.000927485,0.0036980036666666,0.0008820856666666,0.003177544,0.0034808653333333,0.001399086,6.91633333333333e-06,0.001605553,3.0159e-05,2.4571e-05,0.0025239593333333
0.00392853,0.001243146,0.004190144,0.0318048563333333,7.72736666666667e-05,6.52276666666667e-05,0.001501613,0.0091620823333333,0.002758522,0.00379268,0.0122672606666667
0.0056112993333333,0.011195051,0.0055979993333333,0.0181499783333333,0.010686296,0.0035531893333333,0.0001684003333333,0.0264273036666667,9.06936666666667e-05,0.000305566,0.0168834423333333
0.000308294,0.0001481926666666,0.0027976663333333,0.0006904483333333,0.0,8.57903333333333e-05,0.0054769853333333,0.0006842533333333,0.0020678676666666,0.0054680666666666,0.000196476
0.0019234573333333,0.000648131,0.0017764766666666,0.0065844523333333,1.93103333333333e-05,0.000773038,0.002704326,0.002744596,0.0008980316666666,0.0006056893333333,0.0032080273333333
0.0182221866666667,0.012260705,3.49256666666667e-05,0.0377518266666667,0.0077956736666666,0.0075020746666666,1.46853333333333e-05,0.027124342,5.08773333333333e-05,0.0009982773333333,0.0493599766666667
