0.0035835233333333,0.0007644486666666,0.0004799253333333,0.000147307,0.0014623066666666,0.000112692,0.002188553,0.0011376473333333,1.99866666666667e-05,0.0006444493333333,0.0034678786666666
0.0019049653333333,0.0065034406666666,0.001104293,0.0006571036666666,0.00197586,0.0007300276666666,0.0049495746666666,0.0013195663333333,4.06516666666667e-05,0.0009429826666666,0.001658822
0.0004727166666666,0.0056663616666666,0.0020203576666666,0.0026037393333333,0.002910187,0.0020538083333333,0.0016622606666666,0.0016983236666666,0.0010546963333333,0.0031984886666666,0.004823533
0.001009437,0.000865672,0.0001238763333333,0.002519351,0.0005863606666666,0.0001275246666666,0.0013220143333333,0.0008617366666666,3.33333333333333e-06,0.0001236366666666,0.0001915796666666
0.0024944946666666,0.0087162473333333,0.0007268446666666,0.0001413746666666,0.0012261973333333,0.0004083556666666,0.002032373,0.0020691936666666,0.0003225816666666,0.0018684243333333,0.002493263
0.0002149523333333,0.0014132516666666,0.0007210256666666,0.0004465073333333,0.0017334726666666,0.001439869,0.0006731773333333,0.0001583213333333,0.000353237,0.0006067063333333,0.0010047803333333
0.001878763,0.007321132,0.00086543,0.0008797676666666,0.0013874666666666,0.000803207,0.0026538903333333,0.003566227,0.0036172423333333,0.003328183,0.011739885
0.002198202,0.0031884353333333,0.0030195496666666,0.0014124136666666,0.0019190793333333,0.000442714,0.009354126,0.0119911626666667,0.000315303,0.0046682156666666,0.005842641
3.18346666666667e-05,0.0,0.0009496636666666,0.0,2.5601e-05,3.33333333333333e-06,0.0044964946666666,1e-05,0.001723532,0.0063676753333333,3.33333333333333e-06
0.0008991106666666,0.0024958293333333,0.0007271523333333,7.58756666666667e-05,0.0009118656666666,0.0005919833333333,0.0020924776666666,0.0012587256666666,0.0006158586666666,0.0006991136666666,0.0007717863333333
0.0117379283333333,0.007704564,0.0067038076666666,0.0026398556666666,0.0052723423333333,0.0074965226666666,0.01370386,0.0188692686666667,0.0001367916666666,0.0096144496666666,0.0270588856666667
