0.0042448206666666,0.002861846,0.0011068473333333,0.002911978,0.0031125706666666,0.00065239,0.0034929096666666,0.001778961,7.90436666666667e-05,0.0006689403333333,0.0064661303333333
0.007008034,0.0195312686666667,0.0036259236666666,0.0036729563333333,0.0110916333333333,0.0027677013333333,0.011141128,0.0032835386666666,0.0010320776666666,0.001976918,0.0047441303333333
0.0024244766666666,0.0070665613333333,0.005173867,0.00356806,0.003267053,0.004901039,0.002846943,0.005950708,0.0021326513333333,0.0043994856666666,0.005990702
0.0020339933333333,0.0013856016666666,0.000395504,0.0018829656666666,0.000351309,0.0002792946666666,0.0011892693333333,0.000782189,5.48966666666667e-06,0.0006974116666666,0.0009497373333333
0.003633545,0.0125467523333333,0.0009909383333333,0.001066507,0.003964524,0.001096368,0.004700222,0.0055935513333333,0.00035153,0.002614169,0.0052178843333333
0.0018086553333333,0.0055322236666666,0.0027218616666666,0.0006079233333333,0.0019798616666666,0.0012366423333333,0.0011794066666666,0.0015451023333333,0.000408008,0.00160465,0.0031662073333333
0.0046634613333333,0.0189898556666667,0.002502151,0.0018826436666666,0.0084388656666666,0.0028599673333333,0.0026358763333333,0.013383826,0.002042877,0.0049503066666666,0.0154013376666667
0.009103618,0.011161893,0.007393121,0.0032036243333333,0.0107570366666667,0.002432813,0.0170702176666667,0.030258427,0.001202773,0.0041111103333333,0.0159170926666667
0.0001011946666666,0.0002581946666666,0.0011406323333333,0.0007625076666666,7.32266666666667e-05,1.4968e-05,0.0054872513333333,0.0001294713333333,0.002384038,0.0078680116666666,0.0003785633333333
0.0016012366666666,0.0036233626666666,0.003059329,0.001147039,0.0024418296666666,0.0005121043333333,0.005358995,0.001478414,0.0013820073333333,0.0009646663333333,0.0011213876666666
0.0231486973333333,0.0159335233333333,0.0113433686666667,0.005358366,0.009682824,0.0047550076666666,0.0186162986666667,0.0157355366666667,0.0010064723333333,0.0053439503333333,0.030164395
