0.0041324833333333,0.002881338,0.0006518606666666,0.000540295,0.0042572873333333,0.000446125,0.0021685735,0.0008151333333333,9.39465e-05,0.0004167926666666,0.0063532433333333
0.002323036,0.012217557,0.0074682816666666,0.001966295,0.006547762,0.0012072813333333,0.008054108,0.0027146296666666,0.0004282136666666,0.0019002303333333,0.0030033756666666
0.001951693,0.014861497,0.000897816,0.0032051333333333,0.0034636633333333,0.003301916,0.0018983983333333,0.0028408996666666,0.002176991,0.0018659036666666,0.005247277
0.0010717506666666,0.0028946443333333,0.0002178333333333,0.0022629546666666,0.0005194373333333,0.0002484096666666,0.000916124,0.000537606,0.000175316,6.21563333333333e-05,0.001034434
0.0035314183333333,0.008766187,0.0009264273333333,0.0009535416666666,0.0016130193333333,0.0007622383333333,0.0016015293333333,0.003288769,0.0001107123333333,0.001386149,0.0044874603333333
0.0004348876666666,0.0017758373333333,0.0007649693333333,0.0007413316666666,0.0013499726666666,0.0015119006666666,0.0003811666666666,0.000367344,0.0002843826666666,0.0006551766666666,0.0019250196666666
0.0064970813333333,0.014868016,0.0020801883333333,0.001088743,0.0040306483333333,0.0009453936666666,0.002624331,0.0072688563333333,0.002757491,0.0021603363333333,0.010856937
0.004623705,0.0036136286666666,0.0026834046666666,0.001859355,0.0039242216666666,0.0022865823333333,0.0069389336666666,0.0178610616666667,0.0001814953333333,0.0040264353333333,0.0090465076666666
8.1744e-05,6.69253333333333e-05,0.0002723486666666,1.33333333333333e-05,3.68553333333333e-05,3.33333333333333e-06,0.0036423276666666,0.0015328663333333,0.0010101673333333,0.004675375,1.5761e-05
0.001264848,0.0031129186666666,0.0004164726666666,0.0005285666666666,0.0011417616666666,0.0003488726666666,0.001236412,0.0019006613333333,0.0012174756666666,0.000588744,0.0028827193333333
0.01703055,0.0091643993333333,0.0084470626666666,0.002977672,0.0076404593333333,0.003278543,0.0125280433333333,0.021791632,0.000815232,0.0058913453333333,0.031534274
