0.0027951523333333,0.002326055,6.66666666666667e-06,0.003476184,0.003816288,0.0006491956666666,0.0,0.0022424463333333,0.0,0.0002108596666666,0.007964029
0.0064667806666666,0.0050817076666666,0.0047517946666666,0.0140334793333333,0.0103317186666667,0.0048992023333333,3.33333333333333e-06,0.0146241583333333,0.0,0.000113871,0.0079762753333333
0.0010293096666666,0.0045111686666666,0.0018564276666666,0.0060392936666666,0.0034591233333333,0.0036387933333333,3.33333333333333e-06,0.004258999,0.0013693056666666,0.0005185853333333,0.0060389726666666
0.0049111243333333,1.36093333333333e-05,0.0,0.018613678,4.444e-06,6.66666666666667e-06,0.0,0.000891389,2.82013333333333e-05,1.33333333333333e-05,0.0168961186666667
0.000850753,0.0093766336666666,0.0025760266666666,0.0059812113333333,0.0014180696666666,0.003230825,2.12493333333333e-05,0.011020886,3.42773333333333e-05,0.0002876946666666,0.0033033376666666
0.0008425536666666,0.0030194046666666,0.0010671533333333,0.0018032083333333,0.003038508,0.0018172773333333,0.0,0.003572256,0.0,6.66666666666667e-06,0.0019219493333333
0.0036116773333333,0.000946224,0.001670245,0.0158190753333333,3.35033333333333e-06,4.3367e-05,0.0015686323333333,0.0130810376666667,0.0009398776666666,0.0024162733333333,0.0139814676666667
0.006717265,0.0146760283333333,0.006251096,0.0148025613333333,0.0081020063333333,0.003036794,1.59763333333333e-05,0.0366572466666667,1.04106666666667e-05,0.0007188836666666,0.0178200413333333
6.8724e-05,0.0,0.0002301203333333,0.0003653863333333,3.33333333333333e-06,0.000204922,0.0043460813333333,0.000632222,0.001243474,0.0055310946666666,0.000183508
0.0014502296666666,0.0001565526666666,0.000722703,0.0031153846666666,1.65046666666667e-05,0.0005631086666666,0.002195423,0.0059994336666666,0.0012024553333333,0.0007638843333333,0.0039257506666666
0.0167490286666667,0.0132175053333333,0.000344488,0.0334415933333333,0.004092968,0.0029093023333333,0.0,0.0180906653333333,6.66666666666667e-06,0.000586558,0.0321553383333333
