0.0031003276666666,0.0004898323333333,0.00090587,0.0032984166666666,0.0021534286666666,0.0002042393333333,0.0027612963333333,0.0008371363333333,7.94803333333333e-05,0.0005982486666666,0.002944713
0.002649814,0.0111875396666667,0.0012556526666666,0.0019630376666666,0.0065885423333333,0.0027145156666666,0.0057977066666666,0.0029666546666666,0.0005635986666666,0.0007318666666666,0.0028724536666666
0.00170758,0.0056078916666666,0.0019566073333333,0.0030548103333333,0.0037446133333333,0.0033552896666666,0.0044221773333333,0.0017470163333333,0.0018971646666666,0.0034590783333333,0.0057748383333333
0.0010788413333333,0.0011392613333333,0.00026022,0.0018643613333333,0.000497494,0.0002284483333333,0.0003430016666666,0.0004773013333333,4.45373333333333e-05,0.0002019043333333,0.0004585796666666
0.00162167,0.0083081403333333,0.002007666,0.0002977343333333,0.0026223013333333,0.0006557836666666,0.0047187896666666,0.0025926826666666,0.0001660476666666,0.0019977356666666,0.003973973
0.0004602583333333,0.0020941346666666,0.0006715046666666,0.0004963453333333,0.001845625,0.0013333623333333,0.000645731,0.0002306976666666,0.0008255793333333,0.000489791,0.001440913
0.002751843,0.009145651,0.001474765,0.001584716,0.004566858,0.000607765,0.0024120793333333,0.0044454836666666,0.002960763,0.002539117,0.0147995246666667
0.003382107,0.0035477133333333,0.004815815,0.0008521303333333,0.003207521,0.0019915103333333,0.0110777246666667,0.016295491,0.000816066,0.0023002576666666,0.0109816763333333
0.0001263713333333,9.208e-05,0.0009398053333333,3.33333333333333e-06,3.25323333333333e-05,7.507e-06,0.0039955903333333,7.37716666666667e-05,0.005200746,0.0053872086666666,7.237e-06
0.0014557663333333,0.0016227383333333,0.0009356443333333,0.001876738,0.0009581053333333,0.0001746576666666,0.0032800496666666,0.001954345,0.000630014,0.0007142713333333,0.0015685626666666
0.021655372,0.00817488,0.0107068183333333,0.002715331,0.0108497476666667,0.0021296763333333,0.0148868223333333,0.018582716,0.0008917653333333,0.0051447453333333,0.0266892756666667
