0.0031074903333333,0.0011745383333333,0.000419421,0.002935888,0.0015147976666666,0.001128798,0.0032038363333333,0.0006894436666666,1.04036666666667e-05,0.000836491,0.003244598
0.0020992966666666,0.018142684,0.00242296,0.000897343,0.0034672603333333,0.000721889,0.0089970366666666,0.0032955423333333,0.000142153,0.001393971,0.002429125
0.000334807,0.0082579,0.0016677596666666,0.00233674,0.004040244,0.0025489866666666,0.002151008,0.0015013873333333,0.0009436533333333,0.001733186,0.0039053853333333
0.0012196633333333,0.001395732,0.0002037723333333,0.0003053643333333,0.0003892133333333,8.41183333333333e-05,0.001812464,0.000174653,0.0,0.0002983423333333,0.0003598436666666
0.002253699,0.0101645536666667,0.0012473073333333,0.000569559,0.004177656,0.0004363903333333,0.006931213,0.0031979466666666,0.00019728,0.0030429636666666,0.0014113673333333
0.0003980556666666,0.0023650423333333,0.0014600943333333,0.0005864833333333,0.0011981816666666,0.0007714576666666,0.0005736673333333,0.0001663196666666,4.147e-06,0.0006839413333333,0.0009938843333333
0.0014940073333333,0.0150206963333333,0.001182927,0.001048863,0.004303915,0.0007801713333333,0.002812605,0.007615559,0.0012988316666666,0.005341221,0.0102724963333333
0.0033073943333333,0.005796311,0.003083278,0.0017608533333333,0.0045675246666666,0.000650326,0.014926292,0.0095600686666666,0.0001352953333333,0.00399013,0.0062537313333333
0.001179936,0.000300024,0.0006347493333333,3.496e-06,4.7415e-05,6.66666666666667e-06,0.0062107896666666,3.33213333333333e-05,0.0006097843333333,0.003559327,5.84136666666667e-05
0.001074613,0.001922573,0.000515257,0.0004749933333333,0.001267907,0.0003390163333333,0.0042301773333333,0.000761232,0.0003912123333333,0.000489389,0.0010788093333333
0.0118017086666667,0.0104521413333333,0.0049759863333333,0.003056424,0.005271766,0.0018187093333333,0.0176494596666667,0.015418184,0.0010303616666666,0.0054915893333333,0.0253530186666667
