0.004810164,0.004506904,6.66666666666667e-06,0.0056925843333333,0.0057883686666666,0.0009764366666666,2.16276666666667e-05,0.0026733206666666,6.9399e-05,2.45826666666667e-05,0.0123732096666667
0.006564205,0.02138396,0.002776499,0.104087466666667,0.0128467,0.0022720876666666,2.06566666666667e-05,0.0055112236666666,2.76996666666667e-05,7.1467e-05,0.00654003
0.0018523176666666,0.009139793,0.001672241,0.00560392,0.0038941116666666,0.002770352,0.000363072,0.0028977576666666,0.0021271936666666,0.0002892253333333,0.0071998336666666
0.0071400253333333,0.0002985603333333,3.33333333333333e-06,0.018211422,3.33333333333333e-06,1.57686666666667e-05,2.69313333333333e-05,0.0010825816666666,1.32113333333333e-05,2.93783333333333e-05,0.0150407383333333
0.0060700793333333,0.019857799,0.002271988,0.006395074,0.0054043083333333,0.003920039,1.7296e-05,0.0098191113333333,7.64243333333333e-05,3.46983333333333e-05,0.007710545
0.0008141953333333,0.0043763173333333,0.0023640686666666,0.0024609,0.0038026243333333,0.0029106973333333,0.0,0.0016616903333333,1.12256666666667e-05,3.16536666666667e-05,0.0025259726666666
0.0043539213333333,0.0021828913333333,0.00427621,0.0216694133333333,0.0001824403333333,0.0016642266666666,0.0022374276666666,0.009961486,0.0012786956666666,0.0031820333333333,0.015288553
0.007948864,0.016064979,0.005401405,0.013560963,0.0087256786666666,0.004148165,0.0001161406666666,0.0342605366666667,3.17653333333333e-05,0.0002698073333333,0.01890552
0.0002160703333333,7.80933333333333e-06,0.0017511016666666,0.0018206656666666,0.000116317,0.000106803,0.0037630813333333,0.0005398926666666,0.0016364983333333,0.0051999823333333,0.000196509
0.001887636,0.000380096,0.0009631593333333,0.0078573246666666,9.8867e-05,0.0009986416666666,0.002403922,0.0030575916666666,0.0012304123333333,0.000650698,0.002827387
0.0220861406666667,0.0187425153333333,1.08133333333333e-05,0.0345481533333333,0.00887397,0.0067749123333333,1.54873333333333e-05,0.024626184,4.32506666666667e-05,0.0008766736666666,0.0458391266666667
