0.0057914066666666,0.001875407,0.0007696946666666,0.0036002386666666,0.0027881813333333,0.0007965596666666,0.003863084,0.0011194856666666,0.000830131,0.002946217,0.0081565953333333
0.003586979,0.0171708663333333,0.0033772333333333,0.0042109173333333,0.0058405586666666,0.0025554216666666,0.0058161953333333,0.003091617,0.0002897906666666,0.0051113523333333,0.0055793926666666
0.00137254,0.0162055246666667,0.0026052253333333,0.00214511,0.003063362,0.003494691,0.0013401153333333,0.0016883226666666,0.0023672036666666,0.0037633996666666,0.0047395346666666
0.002000944,0.0018198566666666,0.0001021173333333,0.002873517,0.0009680353333333,0.0003533963333333,0.0008844543333333,0.000348439,2.72686666666667e-05,0.0018144203333333,0.001668226
0.0019800926666666,0.0075421793333333,0.0008071306666666,0.0006041853333333,0.0019561513333333,0.000782083,0.0031643603333333,0.002709545,0.0003139373333333,0.0044363083333333,0.0047515846666666
0.0016028906666666,0.002943461,0.0013294526666666,0.0009769933333333,0.0031241896666666,0.0014940093333333,0.0004597886666666,0.0010022093333333,0.000238953,0.0020601793333333,0.0024283236666666
0.0032646433333333,0.0165061226666667,0.0021370303333333,0.0015843496666666,0.002593933,0.0009231403333333,0.0016805033333333,0.0089104463333333,0.0020916313333333,0.0098297793333333,0.0083078846666666
0.005055951,0.005216153,0.0024372626666666,0.0020127056666666,0.0041588143333333,0.0017600373333333,0.0085076193333333,0.0274991036666667,0.0002502346666666,0.0037052896666666,0.0109225193333333
0.0,1.52393333333333e-05,0.000733664,8.33043333333333e-05,0.000519821,3.33333333333333e-06,0.0021615176666666,1.87116666666667e-05,0.0015771046666666,0.0040162963333333,2.4726e-05
0.0091714856666666,0.015066034,0.0035467146666666,0.0051474413333333,0.0107314193333333,0.008011325,0.003687611,0.0035839146666666,0.000955489,0.0030434996666666,0.0124162023333333
0.0185684953333333,0.0131485133333333,0.0073530813333333,0.004729609,0.0084073253333333,0.0038226656666666,0.010333774,0.0285081143333333,0.0004641793333333,0.009067327,0.0358882133333333
