0.0030075126666666,0.0008120276666666,0.0003380306666666,0.0016681763333333,0.0017368593333333,0.0001053433333333,0.0026595293333333,0.0003353436666666,0.000144454,0.0006001303333333,0.003557112
0.000634045,0.012495409,0.001887535,0.000383194,0.003571246,0.0005614943333333,0.007502031,0.001172461,5.59886666666667e-05,0.0008648396666666,0.0014625626666666
0.000292289,0.0054665696666666,0.001588916,0.0017957923333333,0.0037890823333333,0.00170449,0.0020440086666666,0.0021925336666666,0.000333377,0.001707567,0.0063425886666666
0.0002327936666666,0.0013140436666666,0.0001135903333333,0.000799957,0.000100582,0.0001728213333333,0.0012784303333333,0.0002021656666666,0.0,0.0003355403333333,0.0006575536666666
0.0022619653333333,0.0094837323333333,0.0005176366666666,0.0002677766666666,0.0017052403333333,0.000525301,0.0070253296666666,0.0017937663333333,3.00296666666667e-05,0.0020947996666666,0.0007063266666666
0.0002451873333333,0.0023746106666666,0.001885254,0.0004837813333333,0.0014307843333333,0.0012254383333333,0.0008052283333333,0.0001140693333333,6.66666666666667e-06,0.0004985393333333,0.0006518733333333
0.001714929,0.0158233896666667,0.0030715973333333,0.0041391543333333,0.0028005036666666,0.0004121353333333,0.002433595,0.006045374,0.000959565,0.0052735746666666,0.0117614986666667
0.0026878346666666,0.0056694226666666,0.00282491,0.0008787096666666,0.0024465793333333,0.001582675,0.0113434493333333,0.0117346506666667,0.0001343873333333,0.0032601013333333,0.0093509263333333
7.14933333333333e-06,0.0001078066666666,0.000447287,4.67866666666667e-06,0.000109888,0.0,0.0048339243333333,4.20403333333333e-05,0.00130495,0.0041742353333333,2.45e-05
0.0007792943333333,0.0032077306666666,0.0002179633333333,0.0001967816666666,0.0007844006666666,0.0002650346666666,0.0037514726666666,0.0009184623333333,0.000468677,0.0005130326666666,0.0008751843333333
0.010678502,0.0078136673333333,0.0056900556666666,0.0035801676666666,0.0025761193333333,0.0015282166666666,0.016790667,0.0147894683333333,0.0003327876666666,0.004742948,0.0292109386666667
