0.003865701,0.0011039126666666,0.000497259,0.000886155,0.0025462383333333,0.0004661026666666,0.0031296233333333,0.0007940506666666,8.8618e-05,0.001253526,0.0057454376666666
0.0042680436666666,0.0081338413333333,0.0010880343333333,0.0014016556666666,0.0081936266666666,0.0016651463333333,0.0058894953333333,0.002044902,0.000272402,0.0036275566666666,0.0066132706666666
0.0004838206666666,0.0050515343333333,0.000852411,0.0025617103333333,0.0018054356666666,0.0015203693333333,0.0017127696666666,0.0009824436666666,0.0009289386666666,0.0022488786666666,0.0034242173333333
0.00051907,0.001181917,0.0001744033333333,0.0010677496666666,0.0007600293333333,0.001184882,0.0076787683333333,0.0007271506666666,2.7408e-05,0.000800886,0.0004284793333333
0.0010268833333333,0.0083942006666666,0.0014640243333333,0.0014530943333333,0.001634116,0.0007751306666666,0.001549843,0.0005367973333333,0.000282202,0.0035627223333333,0.0010632223333333
0.0006227986666666,0.0033876623333333,0.0006181526666666,0.0004667793333333,0.0017535453333333,0.001656117,0.0007362943333333,0.0003577583333333,0.0003190053333333,0.0010056413333333,0.0017931846666666
0.0008639046666666,0.0078384543333333,0.0014597363333333,0.0011022323333333,0.0012988636666666,0.0008375756666666,0.004335951,0.004140412,0.0025017183333333,0.0083418226666666,0.0079717266666666
0.002665359,0.0058381303333333,0.0015308096666666,0.0013867343333333,0.002695472,0.0009576996666666,0.008115011,0.013598228,0.0002485136666666,0.0033712906666666,0.0092049323333333
0.0,1e-05,0.000303298,1.14026666666667e-05,4.86263333333333e-05,3.33333333333333e-06,0.0021160526666666,7.86966666666667e-06,0.002130875,0.0030217006666666,3.33333333333333e-06
0.0013746006666666,0.003274781,0.001398196,0.0004307326666666,0.0023999966666666,0.0008460823333333,0.0042611096666666,0.0016713616666666,0.000221143,0.0035170596666666,0.0016319543333333
0.0109841876666667,0.0109789783333333,0.0057939603333333,0.002405969,0.0026082373333333,0.0030229246666666,0.0105714733333333,0.021322719,0.0001766666666666,0.0079129603333333,0.0307587243333333
