0.00472065,0.0051629926666666,1.72253333333333e-05,0.0074732796666666,0.003983764,0.001084888,1.03953333333333e-05,0.002746106,0.0,5.20973333333333e-05,0.0225542466666667
0.0047166056666666,0.020736176,0.0070055523333333,0.0190074446666667,0.00961314,0.0021380226666666,1e-05,0.0058425986666666,7.57866666666667e-06,0.0002330756666666,0.006583518
0.0010336106666666,0.010002653,0.0024888906666666,0.0072814043333333,0.0043841986666666,0.00326385,8.36933333333333e-06,0.0023060183333333,0.0022337226666666,0.0019312676666666,0.0057691773333333
0.0047221426666666,0.000204807,3.33333333333333e-06,0.0205455413333333,7.48066666666667e-06,5.2e-06,3.33333333333333e-06,0.002095342,0.0,4.54616666666667e-05,0.0176454913333333
0.0035018776666666,0.0174481723333333,0.0027587126666666,0.0104014383333333,0.004232697,0.003687445,3.3516e-05,0.0091764933333333,1.88736666666667e-05,0.000390649,0.0145520723333333
0.001266506,0.005081832,0.0011347843333333,0.002948249,0.0022472823333333,0.000782094,0.0,0.0013155423333333,0.0,2.08963333333333e-05,0.002366985
0.003628017,0.0009249736666666,0.0043567336666666,0.0317952626666667,9.96463333333333e-05,3.10176666666667e-05,0.0033419336666666,0.0120615183333333,0.002163247,0.0044303223333333,0.01619406
0.011323419,0.0149675636666667,0.005856653,0.0272727966666667,0.006768804,0.004543389,1e-05,0.0411442933333333,2.1645e-05,0.0003722173333333,0.0200191376666667
0.0004743893333333,1e-05,0.001081075,0.0008634523333333,0.0,0.000170767,0.0093668113333333,0.0005381293333333,0.001792747,0.0057326653333333,0.0002640963333333
0.001705789,0.000201712,0.002039215,0.0076546306666666,3.39673333333333e-05,0.0009115116666666,0.0045009993333333,0.0016648893333333,0.0014637093333333,0.001647778,0.001801603
0.020015534,0.018101198,0.0025837273333333,0.0318818353333333,0.006411564,0.0055061153333333,1.522e-05,0.0244332866666667,1.80136666666667e-05,0.0006268526666666,0.0388740133333333
