0.004734008,0.001384911,0.000586358,0.0004329526666666,0.0016206116666666,0.000980455,0.0017988223333333,0.0020463813333333,4.08853333333333e-05,0.000535158,0.0073425096666666
0.0033628896666666,0.0128586056666667,0.0015989713333333,0.0010829096666666,0.0038682133333333,0.0020932373333333,0.0069520473333333,0.0012444006666666,0.0002097943333333,0.000589616,0.0039810466666666
0.0008189716666666,0.0099778626666666,0.0019053773333333,0.0028363836666666,0.0030992933333333,0.003158006,0.0040540786666666,0.0028139096666666,0.0022237086666666,0.0020997646666666,0.0057082723333333
0.000816993,0.0020868766666666,0.0002174393333333,0.0005921326666666,0.0003258686666666,0.0002939743333333,0.0057884693333333,0.0005142413333333,3.00213333333333e-05,0.0004958636666666,0.002233772
0.003499448,0.0115235996666667,0.0006911886666666,0.0005473706666666,0.0058659973333333,0.0014152716666666,0.0035369153333333,0.004140843,0.000192758,0.0012678173333333,0.006284964
0.000624066,0.00303193,0.004170093,0.00074904,0.0033670643333333,0.0006937233333333,0.001787748,0.0004405116666666,5.98773333333333e-05,0.000202849,0.0010559943333333
0.005738917,0.0174600446666667,0.004096364,0.005544817,0.005469409,0.002230422,0.0014969713333333,0.009616748,0.0039455543333333,0.0056288096666666,0.0217565923333333
0.0052027133333333,0.105460533333333,0.0042330856666666,0.0015883203333333,0.003833936,0.0019971263333333,0.0101173523333333,0.015195735,0.0006110096666666,0.002838288,0.0226742973333333
1.19496666666667e-05,0.0002261183333333,0.0019105583333333,2.9548e-05,8.69256666666667e-05,6.93813333333333e-05,0.0037008836666666,0.0005716926666666,0.0011927033333333,0.0026649076666666,4.49513333333333e-05
0.0015508843333333,0.0039591806666666,0.000698499,0.0005899763333333,0.0013872866666666,0.0002704723333333,0.0029019866666666,0.0021451936666666,0.000809332,0.0006433973333333,0.0020457536666666
0.018578471,0.0131596903333333,0.0076588016666666,0.0034661543333333,0.010054216,0.0047207873333333,0.0163883976666667,0.0282171016666667,0.000938542,0.0048881843333333,0.029169459
