0.003626387,0.0007368703333333,0.0005497073333333,0.000426421,0.0014589793333333,0.0001237663333333,0.0028243991666666,0.0007467033333333,4.6435e-06,0.000599077,0.002763578
0.0007290473333333,0.0054490666666666,0.000552726,0.0005977796666666,0.003374547,0.0022523503333333,0.0028531156666666,0.0007330813333333,0.0002010493333333,0.0004302346666666,0.0054389443333333
0.0004626676666666,0.0054819406666666,0.00066713,0.0026546846666666,0.002794828,0.0004976833333333,0.0005827243333333,0.0011344393333333,0.0005313563333333,0.001304258,0.004357163
0.0005020843333333,0.001950713,0.0001376636666666,0.0025818686666666,0.0003207016666666,0.0004737123333333,0.0001542923333333,9.33973333333333e-05,0.0,3.7829e-05,0.0005907663333333
0.0007664493333333,0.0034322096666666,0.0007671863333333,4.40633333333333e-05,0.000781346,0.0005618873333333,0.0016816133333333,0.00058119,1.4262e-05,0.0032837323333333,0.0012080726666666
0.0002026363333333,0.0011633836666666,0.000761775,0.00029279,0.000983482,0.000782478,0.0004602136666666,0.000212713,0.000201364,0.0002879936666666,0.0016512986666666
0.0005745783333333,0.0051859113333333,0.001359244,0.0004616256666666,0.0009062056666666,0.0002786596666666,0.0007667183333333,0.0032377773333333,0.0025594543333333,0.002534208,0.0064998156666666
0.0012559176666666,0.001701506,0.0026950156666666,0.000431584,0.0005591423333333,0.0004031703333333,0.0080763793333333,0.0076681223333333,4.54276666666667e-05,0.001867677,0.005893487
0.0,0.0,3.4336e-05,0.0,1.87633333333333e-05,0.0,0.0044036003333333,3.33333333333333e-06,0.001002076,0.005135692,0.0
0.0006641406666666,0.006330763,0.000151806,8.4871e-05,0.000380582,0.000229554,0.0016854536666666,0.000767268,0.0003648533333333,9.1132e-05,0.0004685306666666
0.007675882,0.004288046,0.0043377666666666,0.0019420743333333,0.002771433,0.000809725,0.0076397506666666,0.01437188,0.0001039816666666,0.003664235,0.019864753
