0.002840653,0.0011016116666666,0.0005212083333333,0.0004850536666666,0.0018059736666666,4.48983333333333e-05,0.002747209,0.0005249326666666,5.12933333333333e-06,0.000322986,0.005249724
0.0006655723333333,0.0027937606666666,0.0026431693333333,0.0012527006666666,0.002675691,0.0011887013333333,0.7894094,0.0135459836666667,5.6109e-05,0.0007157836666666,0.002615815
0.0007793923333333,0.0031743913333333,0.0019789003333333,0.002960844,0.0028893823333333,0.0025376043333333,0.001785994,0.005328586,0.0014855106666666,0.0013924606666666,0.0056521306666666
0.003384585,0.0007481913333333,9.9867e-05,0.000442391,0.0008338943333333,9.16476666666667e-05,0.0052482136666666,0.0003210686666666,0.0,0.000461769,0.001001124
0.0019054943333333,0.0038694083333333,0.000545057,0.0001118383333333,0.00156689,0.0003620813333333,0.0033590833333333,0.0066695266666666,4.61746666666667e-05,0.000807384,0.002072104
0.0001914813333333,0.0011915453333333,0.0005190356666666,0.000311984,0.001036279,0.000734675,0.0006497403333333,0.0012876833333333,1.52106666666667e-05,0.000235525,0.001413238
0.0030958986666666,0.0055229706666666,0.000995674,0.0008374213333333,0.0019234233333333,0.0005028553333333,0.001953394,0.008919358,0.000752927,0.0036427253333333,0.0102975423333333
0.001549054,0.0050408486666666,0.0030772983333333,0.001165573,0.0018107966666666,0.0008936696666666,0.0123760163333333,0.0135871753333333,0.0003848346666666,0.0032817,0.0083849563333333
3.33333333333333e-06,1e-05,0.00100329,0.0,2.00273333333333e-05,3.33333333333333e-06,0.0043481936666666,0.000144357,0.001555313,0.005275115,0.0
0.0006825843333333,0.0006242626666666,0.0004408396666666,0.000181857,0.0006952223333333,0.0003710043333333,0.0031998703333333,0.0020668333333333,0.0003250423333333,0.0009571663333333,0.004024718
0.011030782,0.01017497,0.006980931,0.0012063236666666,0.0055069336666666,0.0050123673333333,0.0146782866666667,0.014720356,0.0010137436666666,0.0031754603333333,0.03372472
