0.0035582156666666,0.001247826,0.000476184,0.0011350423333333,0.0012422856666666,0.000166272,0.0017566146666666,0.000704321,3.45946666666667e-05,0.0007783843333333,0.0037088136666666
0.000819245,0.0095537743333333,0.0006514616666666,0.0009202266666666,0.002397235,0.0005914136666666,0.0038311756666666,0.0010492476666666,0.0003708613333333,0.0011711373333333,0.001363714
0.0012308756666666,0.008287999,0.001055169,0.0027745156666666,0.003525462,0.001977984,0.002746681,0.0011648173333333,0.0008005393333333,0.0015089496666666,0.0043789746666666
0.0021781296666666,0.0012215106666666,0.0002208583333333,0.002298726,0.0002738056666666,9.00463333333333e-05,0.0004397623333333,0.0003354106666666,0.0,0.0001041586666666,0.0002184626666666
0.000590503,0.0069001153333333,0.000826687,7.02256666666667e-05,0.00253043,0.0001809493333333,0.0018788626666666,0.001541696,4.03156666666667e-05,0.0016812033333333,0.0003865256666666
0.000154117,0.002325762,0.0005655686666666,0.0004062446666666,0.001259906,0.0015004123333333,0.0007530623333333,0.0001933506666666,0.0003948913333333,0.0005361123333333,0.000999156
0.0011756026666666,0.0121943936666667,0.0009411383333333,0.0001526706666666,0.00201501,0.0003148113333333,0.003989928,0.0031987093333333,0.00215854,0.0029519706666666,0.0108646726666667
0.0011668186666666,0.0037793016666666,0.004086983,0.0008435043333333,0.000971454,0.0005861636666666,0.0074094046666666,0.0101713293333333,0.000606445,0.0028505063333333,0.0038534833333333
5.71786666666667e-05,6.66666666666667e-06,2.97476666666667e-05,0.0,4.2015e-05,0.0,0.0041535033333333,5.35836666666667e-05,0.0009629863333333,0.0044817806666666,3.33333333333333e-06
0.000736758,0.0041563886666666,0.0002523,0.0001166836666666,0.0008816396666666,0.0003589133333333,0.0030156056666666,0.0018137523333333,0.000262869,0.000418439,0.0005835303333333
0.0147829916666667,0.0104085573333333,0.0065772256666666,0.0032568943333333,0.004623684,0.0012664676666666,0.0132627956666667,0.016694544,0.0009266626666666,0.0053619426666666,0.033232847
