0.0029675213333333,0.003124717,0.001587439,0.0010178146666666,0.0035231393333333,0.0014586843333333,0.0030755226666666,0.0027087993333333,0.000549958,0.000713176,0.0365153066666667
0.0041533416666666,0.0152775056666667,0.004091183,0.0031711666666666,0.0134602476666667,0.0034925113333333,0.009031554,0.003873855,0.001563759,0.0023468266666666,0.0072004916666666
0.0011495113333333,0.007411046,0.0023287183333333,0.0028987623333333,0.0058126433333333,0.0029104086666666,0.0014384246666666,0.0027674463333333,0.0023627403333333,0.002396967,0.0069799276666666
0.0014171226666666,0.0044583053333333,0.000727038,0.00202609,0.0013346446666666,0.000674538,0.0008586373333333,0.0010831286666666,0.00032891,0.0005037603333333,0.0010021143333333
0.003251138,0.0195622906666667,0.0042646533333333,0.0027201913333333,0.0048593806666666,0.0036709393333333,0.0029979316666666,0.0049513543333333,0.0018754796666666,0.0021331683333333,0.0049340026666666
0.0005704333333333,0.0054195326666666,0.0011534576666666,0.000611925,0.0022692203333333,0.0011795723333333,0.002646208,0.0013299263333333,0.0005968853333333,0.0012348466666666,0.0011250173333333
0.0029528583333333,0.0160612536666667,0.0019680476666666,0.0028959133333333,0.0055740673333333,0.0018201256666666,0.0010880843333333,0.006983748,0.0013037223333333,0.003734658,0.0098505646666666
0.0048952313333333,0.007881724,0.005590172,0.0042921756666666,0.0114457166666667,0.0044087923333333,0.009788639,0.0296399493333333,0.0032758923333333,0.0049252003333333,0.014517296
0.0001427513333333,0.0010147066666666,0.0013932323333333,0.0001317883333333,0.0005839,0.0002950973333333,0.0040854643333333,0.000793911,0.0017793093333333,0.006469306,0.0002144726666666
0.002341292,0.008081449,0.0011775203333333,0.0009693593333333,0.0025940103333333,0.0015021553333333,0.005248655,0.0030179113333333,0.0015687843333333,0.0008482196666666,0.0024988256666666
0.0207621653333333,0.01013368,0.0121624043333333,0.004341483,0.0097030136666666,0.004248564,0.011708489,0.024082796,0.0018779636666666,0.0073547836666666,0.0338580433333333
