0.0007913793333333,0.0013957833333333,0.0002019636666666,0.0029988386666666,0.0012609353333333,7.0501e-05,0.0004300566666666,0.0011114293333333,2.44866666666667e-05,0.0001630463333333,0.0027540666666666
0.0011388946666666,0.0133634356666667,0.0010237896666666,0.0029204436666666,0.0031370283333333,0.0005681946666666,0.0040600856666666,0.0029899116666666,0.000127886,0.0009535526666666,0.0032081176666666
0.0005808456666666,0.0044524333333333,0.0015186026666666,0.002884562,0.0042135096666666,0.003746173,0.000642594,0.009987878,0.001221257,0.0005975183333333,0.0067736153333333
0.0015609236666666,0.0009816806666666,0.0002190613333333,0.0020147763333333,0.0003018903333333,0.0001239733333333,0.000516608,0.0002688806666666,1.57453333333333e-05,9.81446666666667e-05,0.0009884356666666
0.002235507,0.005042443,0.0012739256666666,0.0011887646666666,0.0039985903333333,0.0002441573333333,0.0021826076666666,0.001762996,8.17883333333333e-05,0.0010630353333333,0.0014229716666666
0.0006703063333333,0.0016706216666666,0.0006903956666666,0.0011037246666666,0.0016389246666666,0.0016392396666666,0.000775098,0.0005294233333333,0.000312928,0.0001023136666666,0.0007694063333333
0.0021018566666666,0.008614621,0.000959206,0.0005122836666666,0.0012654433333333,0.0004979193333333,0.0017065916666666,0.0029497466666666,0.0028073666666666,0.0025166473333333,0.0070356303333333
0.0018842716666666,0.002223193,0.004862339,0.0009777836666666,0.0025082616666666,0.0013291603333333,0.007502736,0.0115854633333333,0.000220463,0.00197174,0.0059492753333333
1e-05,2.83733333333333e-05,0.001842807,3.33333333333333e-06,3.832e-05,3.33333333333333e-06,0.0040341136666666,6.66666666666667e-06,0.001092635,0.0052644436666666,1.7072e-05
0.000788428,0.0027200596666666,0.000351398,0.000113012,0.0010919623333333,0.000542902,0.0016289783333333,0.002745766,0.0011434073333333,0.0001523113333333,0.001089424
0.011026533,0.009867897,0.006203529,0.004775326,0.0060543726666666,0.0047065356666666,0.0120566053333333,0.022129426,0.0006472383333333,0.0045983543333333,0.023178756
