0.0032790633333333,0.0036696796666666,0.00138135,0.001108218,0.0034233496666666,0.0012099796666666,0.0018843215,0.0021176233333333,0.0003568531666666,0.0008549016666666,0.0095214673333333
0.0041773846666666,0.022092224,0.003119409,0.0046456906666666,0.0096440723333333,0.0047694203333333,0.0073292466666666,0.0036794826666666,0.0008647673333333,0.0020296393333333,0.0084866746666666
0.0014458226666666,0.008685714,0.0011368433333333,0.0020185636666666,0.0048835233333333,0.002256464,0.0013062493333333,0.0030180186666666,0.0014266703333333,0.000963832,0.0068388786666666
0.0005055096666666,0.0035563156666666,0.0007920763333333,0.002079171,0.000894415,0.0016238693333333,0.001187951,0.0012716406666666,0.0002803143333333,0.0003749833333333,0.000854663
0.0026008583333333,0.020189668,0.0032171113333333,0.001863602,0.007763969,0.0031078926666666,0.004364819,0.004614859,0.000863687,0.0017431796666666,0.0068133906666666
0.0009009026666666,0.0051767546666666,0.001437106,0.0006581096666666,0.0021882686666666,0.0015691643333333,0.0013203673333333,0.0018247003333333,0.0006155426666666,0.000757986,0.0013032223333333
0.0021489796666666,0.0161778406666667,0.002476585,0.0021926743333333,0.0047895126666666,0.0022159453333333,0.0012778876666666,0.0090879446666666,0.001601495,0.0038256333333333,0.0115525956666667
0.0062234966666666,0.0155957036666667,0.0059677306666666,0.0034628106666666,0.0069831713333333,0.0033611473333333,0.0094505866666666,0.0313345093333333,0.002337717,0.0038379603333333,0.0171254676666667
0.0001094693333333,0.000647541,0.0017092246666666,9.88916666666667e-05,0.0003742486666666,0.000388291,0.005828814,0.000474396,0.00213622,0.005676364,0.0002184763333333
0.001521818,0.006614414,0.0014085186666666,0.0012617103333333,0.00351435,0.0011878783333333,0.0039996853333333,0.002190571,0.0016122186666666,0.00050634,0.003005127
0.020975766,0.0143777183333333,0.009493266,0.0045091956666666,0.0074699663333333,0.004049929,0.0130116176666667,0.0278997656666667,0.002687082,0.0051398793333333,0.0334493233333333
