0.0026471196666666,0.0041403936666666,3.33333333333333e-06,0.0056839706666666,0.0019768973333333,0.0004704063333333,6.66666666666667e-06,0.001687063,6.66666666666667e-06,0.0001396913333333,0.005995111
0.0024243883333333,0.0060491413333333,0.0026062573333333,0.014516697,0.0085495896666666,0.0020672853333333,2.93256666666667e-05,0.0062405836666666,3.4398e-05,0.0003064463333333,0.0036665623333333
0.00071015,0.0056255856666666,0.0009573633333333,0.004033422,0.007712168,0.0021003083333333,3.33333333333333e-06,0.0015088576666666,0.00079085,3.9885e-05,0.00477201
0.005824971,2.49066666666667e-05,3.33333333333333e-06,0.0147193713333333,0.0,2.2785e-05,6.66666666666667e-06,0.00124864,9.80366666666667e-06,1.66666666666667e-05,0.013231577
0.0015258153333333,0.0144194273333333,0.0011809706666666,0.0102343403333333,0.0052807416666666,0.0023607633333333,1.522e-05,0.0093199556666666,1.0539e-05,0.000247498,0.0041205126666666
0.0003987043333333,0.002789935,0.0007352526666666,0.0014717323333333,0.001169955,0.0005274793333333,3.33333333333333e-06,0.0009497933333333,0.0,5.49873333333333e-05,0.0034763913333333
0.0036491613333333,0.0011261326666666,0.002852403,0.01635056,9.4495e-05,0.0001024123333333,0.0023033156666666,0.0097699113333333,0.0010401216666666,0.003453062,0.0121003393333333
0.003695563,0.008656317,0.0042386633333333,0.015709805,0.0084014156666666,0.0036384293333333,0.000223379,0.0287846296666667,3.7274e-05,0.0008264436666666,0.0116805223333333
0.000152239,1.94813333333333e-05,0.0005527976666666,0.0011784686666666,5.68533333333333e-06,3.3469e-05,0.0041525853333333,0.0020818713333333,0.0009809233333333,0.0056425386666666,0.000125876
0.0010333483333333,0.0004582996666666,0.0003607093333333,0.0042755113333333,7.1691e-05,0.0007043436666666,0.0034028826666666,0.002737136,0.000303094,9.03666666666667e-05,0.0012457353333333
0.0189480936666667,0.007526691,0.0009035763333333,0.0281057306666667,0.005211258,0.0032903853333333,2.22686666666667e-05,0.0200226553333333,2.28616666666667e-05,0.0014814596666666,0.0293279023333333
