0.0041201773333333,0.003360271,0.0029398556666666,0.007505679,0.002857384,0.0005717923333333,0.0017761183333333,0.0010544566666666,0.000162127,0.0005603606666666,0.0091335936666666
0.0042820223333333,0.015605463,0.0030152613333333,0.0011112493333333,0.008321175,0.0020502846666666,0.243999703333333,0.001773735,0.000491561,0.0006745786666666,0.004033616
0.00188949,0.008196668,0.0008826663333333,0.0023282746666666,0.004400718,0.0034919933333333,0.0015424986666666,0.0049464536666666,0.002916487,0.0010534873333333,0.0066510956666666
0.0027682156666666,0.0026080106666666,0.0001543506666666,0.0009623146666666,0.0003678603333333,0.000809429,0.0007511443333333,0.0009723883333333,9.74473333333333e-05,0.000234568,0.000736717
0.0048236633333333,0.0152576296666667,0.0006980526666666,0.0004116066666666,0.0018926883333333,0.0033215996666666,0.0041368693333333,0.0056888146666666,0.000212321,0.001057275,0.0083485833333333
0.0004026303333333,0.004690579,0.0024833823333333,0.0010375733333333,0.001234558,0.0024234343333333,0.0019080076666666,0.002002906,0.000135734,0.0001613223333333,0.002252748
0.0027777616666666,0.0240979516666667,0.001770026,0.003299949,0.0112904866666667,0.0021341686666666,0.0029953556666666,0.0115528233333333,0.0016920466666666,0.0042861846666666,0.0129712433333333
0.0084029186666666,0.009177714,0.0038165216666666,0.0018976606666666,0.0064804583333333,0.001978239,0.0069882956666666,0.0344097433333333,0.000398386,0.0038277176666666,0.0201447883333333
0.0001118366666666,0.000271635,0.0003598516666666,0.0007301156666666,0.000754029,4.69336666666667e-05,0.0047744693333333,4.60163333333333e-05,0.0015927733333333,0.006036503,0.0002635973333333
0.001338552,0.0054033023333333,0.0013619183333333,0.0007111216666666,0.002916714,0.000727181,0.0029830956666666,0.00216561,0.0006015686666666,0.0002169086666666,0.0027533183333333
0.016794598,0.0100409263333333,0.0092314306666666,0.0042235673333333,0.0129954486666667,0.0042279773333333,0.0148771806666667,0.024032051,0.0003957586666666,0.004072153,0.0492619066666667
