0.003279879,0.0005617143333333,0.0005476406666666,0.0020457833333333,0.0032168423333333,8.0313e-05,0.001756881,0.000539645,0.000230154,0.0004444013333333,0.0033108006666666
0.0013700016666666,0.0097050013333333,0.00338601,0.0012085413333333,0.003285784,0.0007277173333333,0.0083262743333333,0.000714997,0.0001891413333333,0.000638911,0.0028627636666666
0.0006338016666666,0.0051211313333333,0.001889162,0.001867428,0.0037837413333333,0.0015784023333333,0.002183518,0.002909151,0.000994161,0.00141812,0.004287471
0.0006641006666666,0.0004686576666666,0.0003204283333333,0.0004027193333333,0.000254599,0.000158371,0.0055425596666666,0.001357992,2.27033333333333e-05,0.0005347823333333,0.000648948
0.0016693403333333,0.0062491766666666,0.0009239836666666,0.0001020043333333,0.0008692916666666,0.000630693,0.0042464683333333,0.0040871963333333,0.0008676363333333,0.001468177,0.0014533276666666
0.0001497663333333,0.001718808,0.001210763,0.0014340666666666,0.0010977653333333,0.0008976176666666,0.0009399876666666,0.0001285116666666,0.000290135,0.0005364406666666,0.0013604773333333
0.0017720323333333,0.0110134966666667,0.0032866336666666,0.001907761,0.00384445,0.001181631,0.002366895,0.0036858696666666,0.0026472856666666,0.005626471,0.0054693383333333
0.001993468,0.0041203136666666,0.001070266,0.0004616413333333,0.0017144256666666,0.0003958586666666,0.0081788586666666,0.0081115236666666,0.0004263823333333,0.0018644223333333,0.004008656
3.33333333333333e-06,0.0003768933333333,0.0027391526666666,5.8194e-05,2.7043e-05,3.33333333333333e-06,0.0033848823333333,0.0001279693333333,0.0007766593333333,0.003650573,4.70176666666667e-05
0.0009093786666666,0.0016610316666666,0.001284463,0.0008247726666666,0.001047222,0.0010645696666666,0.0033400553333333,0.000821833,0.0003278626666666,0.0002351513333333,0.0008527786666666
0.0098696796666666,0.00579752,0.0073840136666666,0.001179991,0.0039273616666666,0.0016948016666666,0.0156548173333333,0.0193242066666667,0.0005502776666666,0.005552465,0.0259853423333333
