0.0041617146666666,0.0036697866666666,0.0004782663333333,0.002357687,0.002002935,0.0003634366666666,0.001685126,0.0015797413333333,0.0001009206666666,0.0005152326666666,0.009142897
0.002623691,0.017271591,0.0017643403333333,0.0007465346666666,0.0061138056666666,0.0032757153333333,0.008855978,0.0025453043333333,0.000241459,0.0012493693333333,0.0034179933333333
0.0010672503333333,0.009818767,0.0003922393333333,0.0014754456666666,0.0037434323333333,0.0015517296666666,0.0010725966666666,0.0033669413333333,0.0005635636666666,0.000875377,0.0051318153333333
0.000369193,0.0038348846666666,0.0002862803333333,0.0005559756666666,0.0003667753333333,0.0002694526666666,0.000869633,0.0006294296666666,6.8856e-05,0.000200952,0.0007877966666666
0.0040534913333333,0.019013778,0.0005696743333333,0.00060211,0.0030950746666666,0.0014106793333333,0.0039251713333333,0.003662075,0.0003497403333333,0.0015289843333333,0.0079287446666666
0.0005639423333333,0.004498685,0.0015045813333333,0.0013978303333333,0.0011977376666666,0.0008787293333333,0.000705259,0.0006975296666666,0.000150675,0.0002051793333333,0.0016630443333333
0.004808406,0.023752983,0.0018541576666666,0.0017124906666666,0.004677255,0.00190649,0.0015549036666666,0.010316165,0.001675608,0.0032672556666666,0.0148689566666667
0.004292844,0.0075298743333333,0.0034086563333333,0.002318075,0.0061037623333333,0.0021076823333333,0.006141078,0.0330439893333333,0.0003165746666666,0.0046382753333333,0.012543416
2.14e-05,0.0002729366666666,0.0002619146666666,2.26996666666667e-05,6.55733333333333e-05,1.0332e-05,0.005470598,5.83693333333333e-05,0.00183443,0.006280794,8.2716e-05
0.0013019646666666,0.003620696,0.000195988,0.000835022,0.00087153,0.000555404,0.0022634543333333,0.001404365,0.0002186553333333,0.000147816,0.001677123
0.0118867823333333,0.0096718496666666,0.0063520093333333,0.0015540883333333,0.0079407843333333,0.0013396356666666,0.0148062506666667,0.0205384913333333,0.0001692666666666,0.0043995976666666,0.04388411
