0.002677855,0.0007102123333333,0.0005331676666666,0.0044558623333333,0.00249513,3.4809e-05,0.001236762,0.0005735773333333,0.0,0.0005385966666666,0.00291109
0.0021812166666666,0.013438443,0.002605618,0.0011453003333333,0.0042315066666666,0.0020209703333333,0.003455733,0.0007103903333333,0.0003759006666666,0.0004644646666666,0.0018003276666666
0.0003463736666666,0.0037441706666666,0.0014146876666666,0.002484498,0.0031605823333333,0.0025166476666666,0.0007095063333333,0.0016885946666666,0.0020235126666666,0.001514814,0.0042877213333333
0.000935108,0.0019421246666666,9.92566666666667e-05,0.0020562406666666,6.6983e-05,8.28353333333333e-05,0.0002041796666666,0.0001975196666666,2.99643333333333e-05,0.0001899016666666,0.0004468563333333
0.001208326,0.006014051,0.0007066186666666,0.0027803623333333,0.001667224,0.000424836,0.0018207063333333,0.002971194,2.0551e-05,0.0009650376666666,0.004695252
0.000215724,0.00121514,0.0012416606666666,0.0004691993333333,0.002405759,8.5774e-05,0.0003579463333333,0.0010569013333333,0.0001757,0.0003013736666666,0.000788715
0.0017272956666666,0.0052559273333333,0.000859818,0.0026192533333333,0.0014621193333333,0.000269233,0.001022669,0.0062416206666666,0.0041011153333333,0.0022508616666666,0.0009188773333333
0.0009857463333333,0.0023170323333333,0.0025879616666666,0.0007080573333333,0.003334523,0.000346092,0.0059748856666666,0.0125916053333333,0.000353236,0.002113829,0.003596107
3.33333333333333e-06,0.0,0.000146804,0.0,3.2746e-05,0.0,0.003786187,4.76106666666667e-05,0.0008261823333333,0.003576267,8.82e-06
0.0011896363333333,0.0044321783333333,0.0003646273333333,0.0004816603333333,0.0004366123333333,0.0002849593333333,0.000889788,0.0010475223333333,0.0004904576666666,0.0005295843333333,0.0056194803333333
0.010302123,0.005670963,0.0040366646666666,0.0023418053333333,0.0093583493333333,0.0011155193333333,0.005070823,0.01510202,0.0006801076666666,0.0027306973333333,0.023996443
