0.002395289,0.0008894663333333,0.0015246656666666,0.0001077306666666,0.0047943233333333,0.0001061053333333,0.0007860095,0.0004016023333333,3.49178333333333e-05,0.000288549,0.0036407826666666
0.0014866463333333,0.012039266,0.0005499966666666,0.0016933906666666,0.003874746,0.00111776,0.00434944,0.0030666533333333,8.52046666666667e-05,0.00145151,0.0026401883333333
0.0010984343333333,0.0044529643333333,0.0021626896666666,0.002613882,0.0034612066666666,0.0041381273333333,0.00140191,0.0025805696666666,0.001335474,0.000752859,0.0047312196666666
0.0002119826666666,0.0014621736666666,0.000221224,0.0016667446666666,0.0001596503333333,0.0002642353333333,0.000453646,0.0006661086666666,2.37323333333333e-05,0.000129555,0.002226215
0.0011830473333333,0.0050648623333333,0.0010031173333333,0.0002314033333333,0.0009132083333333,0.000385226,0.0017376143333333,0.0017276133333333,0.0001441993333333,0.0006027593333333,0.0027757696666666
0.0005910063333333,0.0015746506666666,0.000863489,0.0009516586666666,0.0017013306666666,0.0010199743333333,0.0008551933333333,0.000424377,0.0003298536666666,0.000239911,0.0009166403333333
0.0022249306666666,0.008415043,0.001624951,0.0006834153333333,0.0012846233333333,0.0005443336666666,0.001395887,0.0029772803333333,0.0029859856666666,0.0028335683333333,0.0074000446666666
0.0021728543333333,0.0014119013333333,0.0034748476666666,0.0006214193333333,0.0022196293333333,0.0015237166666666,0.0082071776666666,0.0111083696666667,0.000221947,0.0024120973333333,0.0081152973333333
1.32013333333333e-05,0.000126238,0.000463889,7.56466666666667e-06,6.89143333333333e-05,6.17733333333333e-06,0.0040001793333333,3.56816666666667e-05,0.0011427836666666,0.0054522813333333,4.24446666666667e-05
0.0009603386666666,0.001663272,0.0003988723333333,9.88173333333333e-05,0.0011478626666666,0.00020012,0.001988356,0.0012268023333333,0.0012089956666666,0.0001534923333333,0.0011487223333333
0.0138305573333333,0.0084545533333333,0.0066473026666666,0.0026045113333333,0.005431984,0.0044626606666666,0.0120386473333333,0.0161475613333333,0.0015126826666666,0.0051667096666666,0.0276680473333333
