0.006211363,0.0007637613333333,0.000112157,0.0001679813333333,0.001617068,0.000226917,0.0043079266666666,0.000594941,6.40885e-05,0.0011537113333333,0.0024609426666666
0.0029387403333333,0.012774996,0.0011871613333333,0.001431146,0.0034936666666666,0.0018730293333333,0.0041745563333333,0.0013785466666666,0.000573189,0.0017335836666666,0.0027073816666666
0.0002729013333333,0.0020892836666666,0.0013403666666666,0.0019440193333333,0.0010099033333333,0.0031031323333333,0.0016861603333333,0.0009570826666666,0.001634844,0.00193344,0.0023102413333333
0.000616461,0.0013831436666666,0.000132733,0.001600708,0.0009179396666666,0.001813574,0.0003490113333333,0.0002314913333333,3.33333333333333e-06,0.0006108363333333,0.001334547
0.0008391846666666,0.0044983246666666,0.000893822,0.0006927696666666,0.00105472,0.000175289,0.0025311726666666,0.0007358953333333,0.0001234736666666,0.0019828076666666,0.0018628143333333
0.0007194896666666,0.0023628716666666,0.0010259126666666,0.000314834,0.0016762926666666,0.0018099856666666,0.0007480073333333,0.0003100766666666,0.0002269116666666,0.0010402693333333,0.0015434673333333
0.0007314503333333,0.029210771,0.0016368653333333,0.0005986403333333,0.0007939333333333,0.0006362453333333,0.0016191946666666,0.0032117746666666,0.0020058713333333,0.0049203476666666,0.0049347983333333
0.0020638133333333,0.0031387506666666,0.001342905,0.000710535,0.0023803926666666,0.0010006563333333,0.005035619,0.0103989406666667,0.000204885,0.00252107,0.007227142
3.33333333333333e-06,0.0,0.0008753776666666,3.33333333333333e-06,3.2514e-05,0.0,0.000697783,8.259e-06,0.0007829823333333,0.0025359823333333,6.66666666666667e-06
0.0033242846666666,0.008880743,0.001820276,0.003187415,0.007147737,0.004745672,0.0024871506666666,0.0023171726666666,0.0003816026666666,0.0032856053333333,0.007314236
0.0100500233333333,0.0060041226666666,0.0092869513333333,0.002076365,0.0047046906666666,0.003090544,0.0089262276666666,0.012902803,0.0003734146666666,0.005073373,0.0249267986666667
