0.004798739,0.001432406,0.0005345013333333,0.000233012,0.0014593316666666,0.000387133,0.0016830186666666,0.0008559056666666,6.04236666666667e-05,0.0004437823333333,0.0081205056666666
0.0019246906666666,0.008363274,0.0006829496666666,0.0006404176666666,0.0021465643333333,0.0006929306666666,0.0043547426666666,0.0019976333333333,0.0007954176666666,0.0004367936666666,0.003556588
0.0005734506666666,0.0108548286666667,0.000682709,0.0020357206666666,0.0033991183333333,0.001734815,0.0006043666666666,0.004396678,0.0008806553333333,0.0008083836666666,0.004942173
0.002042681,0.001876123,0.0002106086666666,0.001596802,0.0002216503333333,0.0001318346666666,0.0004930846666666,0.000628872,2.2287e-05,0.0001102933333333,0.000857811
0.0016202086666666,0.0091915626666666,0.001262098,0.0037762893333333,0.0015721066666666,0.001011329,0.0009226506666666,0.0023306823333333,0.000266451,0.00103797,0.005383742
0.0005069706666666,0.003497314,0.0011038723333333,0.0003027843333333,0.0012888446666666,0.0008112596666666,0.0005810673333333,0.000590511,0.000258631,0.000499303,0.0011559223333333
0.00149419,0.116319743333333,0.0010138936666666,0.0004114333333333,0.003017385,0.0004200216666666,0.0022320863333333,0.0084261926666666,0.002586618,0.002553602,0.0040944796666666
0.0043602876666666,0.002514337,0.0033511063333333,0.00068095,0.0035827606666666,0.001698818,0.0086754443333333,0.013361017,8.9907e-05,0.001947368,0.0126333746666667
3.96596666666667e-05,1.1232e-05,0.0005762303333333,1.21573333333333e-05,6.13603333333333e-05,7.88366666666667e-06,0.0029428116666666,3.26106666666667e-05,0.000429024,0.0025681233333333,2.43006666666667e-05
0.001291917,0.0055902196666666,9.2459e-05,0.0001552083333333,0.000793632,0.0002105373333333,0.00281152,0.001542128,0.000647222,0.0004142853333333,0.0014147316666666
0.0135604513333333,0.0060909793333333,0.0065536806666666,0.0022761666666666,0.0069522666666666,0.0012289196666666,0.0069223443333333,0.0199333133333333,0.000105275,0.006745435,0.0407070366666667
