0.003279659,0.001188027,0.000612323,0.003100384,0.001581625,0.0002216226666666,0.0026433831666666,0.0005335536666666,1.23558333333333e-05,0.0004722543333333,0.0045782476666666
0.0013988966666666,0.0030986423333333,0.002432559,0.0011910923333333,0.0026482626666666,0.0009128203333333,0.4513097,0.0121838083333333,0.000496051,0.001389965,0.005278007
0.0011155316666666,0.0035721663333333,0.0011963506666666,0.0026931006666666,0.0033936676666666,0.0015096363333333,0.0040234686666666,0.0049402253333333,0.001094844,0.0015834063333333,0.0047123633333333
0.0004116086666666,0.0009825546666666,0.0001591096666666,0.001357922,7.06713333333333e-05,9.97086666666667e-05,0.0010397436666666,0.0005727886666666,1.1113e-05,0.0005100466666666,0.0010305103333333
0.002518977,0.0040593383333333,0.0006012606666666,0.0002515446666666,0.001307969,0.000356109,0.007237916,0.0091984313333333,8.59806666666667e-05,0.0005753436666666,0.0021283563333333
0.0003336516666666,0.0019895476666666,0.0010610123333333,0.0004065523333333,0.0009433126666666,0.0007114533333333,0.001263298,0.0015344026666666,5.09066666666667e-05,0.0001700213333333,0.0009463883333333
0.0015055906666666,0.010429892,0.0038826123333333,0.0009317063333333,0.0026355813333333,0.0006673176666666,0.002445543,0.0189431873333333,0.0012439073333333,0.0060519386666666,0.0105553623333333
0.0026610853333333,0.0075375773333333,0.004136642,0.002421357,0.0046106383333333,0.0012121183333333,0.013229363,0.0205015393333333,0.000316844,0.005418964,0.0091858666666666
3.33333333333333e-06,1.01883333333333e-05,0.001163009,7.35466666666667e-06,3.47196666666667e-05,3.733e-06,0.0054328233333333,2.85053333333333e-05,0.0013931573333333,0.0057056303333333,4.13176666666667e-05
0.0009166673333333,0.0010056063333333,0.0002361616666666,0.0001479423333333,0.000485841,0.000572305,0.00390151,0.004479331,0.0003380283333333,0.0010452483333333,0.0008548626666666
0.0148681763333333,0.0107575556666667,0.0066543766666666,0.0017695776666666,0.0062712173333333,0.001095541,0.0154970803333333,0.015387901,0.0002175283333333,0.0051372703333333,0.0350052666666667
