0.0056343466666666,0.0032027593333333,0.000768009,0.000701656,0.0013977416666666,0.0002387033333333,0.001716416,0.0004930833333333,4.52646666666667e-05,0.0014535373333333,0.003158679
0.0026312696666666,0.0069331353333333,0.0012363556666666,0.000908576,0.0054499256666666,0.002049589,0.0034201983333333,0.001423684,0.0001232273333333,0.0009861376666666,0.0015706393333333
0.000954323,0.0072477553333333,0.0002609166666666,0.0022571943333333,0.0038531046666666,0.004298105,0.0015947456666666,0.0017853443333333,0.0002953753333333,0.001408113,0.00531836
0.000288459,0.000611855,0.0001047616666666,0.003430766,0.0004396926666666,0.000392068,0.0004673646666666,0.0002852976666666,2.6318e-05,0.0002206336666666,0.0001553213333333
0.000653903,0.0059055296666666,0.00114454,0.000347972,0.0005715856666666,0.000601597,0.0038585216666666,0.0022583236666666,0.0001736606666666,0.0016903133333333,0.002367796
0.0003064196666666,0.0014710753333333,0.0007333843333333,0.0005786613333333,0.0011011853333333,0.0006675986666666,0.0008134626666666,0.0004939723333333,0.0004386353333333,0.0004352706666666,0.000820524
0.0037737923333333,0.0074974403333333,0.0022005223333333,0.00091519,0.0015974186666666,0.0005266586666666,0.00241481,0.0034534793333333,0.0031549686666666,0.0031215786666666,0.0101587293333333
0.0050759213333333,0.002674146,0.0029685686666666,0.0008166883333333,0.001383326,0.000551144,0.0092518633333333,0.0108109146666667,0.0007004933333333,0.002959546,0.0080704023333333
3.33333333333333e-06,6.66666666666667e-06,0.0004191436666666,3.33333333333333e-06,2.62613333333333e-05,0.0,0.0039480833333333,8.82073333333333e-05,0.0013720086666666,0.004337272,3.33333333333333e-06
0.0008134486666666,0.0012323566666666,0.0004146773333333,0.0003116126666666,0.0005373653333333,0.0001758703333333,0.0023843056666666,0.0010100056666666,0.0007134506666666,0.0003978006666666,0.000454219
0.0119283853333333,0.0060764953333333,0.0053108486666666,0.0017451176666666,0.0052803513333333,0.000645192,0.0150041053333333,0.0179109883333333,0.0002558113333333,0.005010635,0.019351743
