0.0043994043333333,0.0034065883333333,0.0004170456666666,0.001016584,0.003114027,0.0005125306666666,0.001292804,0.0012151756666666,4.89663333333333e-05,0.0015063676666666,0.004494099
0.0028174956666666,0.013838729,0.001664846,0.002215209,0.0102392193333333,0.002532825,0.012925104,0.00245185,0.0006371696666666,0.0027753786666666,0.004350045
0.0006886256666666,0.005788335,0.0018234213333333,0.0023832943333333,0.0024975336666666,0.0023599163333333,0.0029479393333333,0.0011344543333333,0.0017295976666666,0.0030191236666666,0.002657471
0.000974775,0.0025286496666666,0.0014074313333333,0.003426117,0.0007943933333333,0.0013037873333333,0.0017964453333333,0.0006526553333333,4.43926666666667e-05,0.0008727226666666,0.000911291
0.0016786866666666,0.0088913076666666,0.0011900883333333,0.0006406326666666,0.00284444,0.0008729443333333,0.0036150863333333,0.0013985733333333,0.000129302,0.002656559,0.0025855353333333
0.000767815,0.003199417,0.001249827,0.000473913,0.0028803533333333,0.0024992566666666,0.0006894656666666,0.0008041126666666,0.0003302903333333,0.001099979,0.0015600756666666
0.0032957546666666,0.009996352,0.0031365623333333,0.0021209466666666,0.004154181,0.0008575853333333,0.00345607,0.0059265506666666,0.001463917,0.006382711,0.0088084546666666
0.0042433966666666,0.0067440796666666,0.0021251633333333,0.0018271833333333,0.003929815,0.0030465173333333,0.009335333,0.0131167833333333,0.000680918,0.0033483046666666,0.0131299596666667
7.6193e-05,1.33333333333333e-05,0.0002938406666666,0.0,6.27333333333333e-05,3.33333333333333e-06,0.001036335,2.7581e-05,0.001107013,0.003112703,1.78466666666667e-05
0.0034833566666666,0.0059370496666666,0.0018224433333333,0.0013473786666666,0.0046900303333333,0.0021329266666666,0.0056891216666666,0.0020234803333333,0.000642625,0.004209274,0.00476786
0.015321692,0.0125345033333333,0.0082126506666666,0.0033400616666666,0.0096300483333333,0.0030083596666666,0.0084218066666666,0.0196303556666667,0.0008152723333333,0.0078678183333333,0.0314449163333333
