0.002921676,0.004410736,3.33333333333333e-06,0.007329538,0.003964438,0.0009742633333333,6.66666666666667e-06,0.0025500153333333,3.33333333333333e-06,7.62506666666667e-05,0.006873671
0.0045899543333333,0.0152854503333333,0.0037110616666666,0.4220999,0.006287207,0.00336965,6.66666666666667e-06,0.0053018856666666,0.0,0.0001792376666666,0.008905168
0.0013082206666666,0.00688491,0.0021064763333333,0.0059751673333333,0.0042108646666666,0.004308616,0.00011656,0.003364552,0.001625351,4.7821e-05,0.005678425
0.004310855,0.0001636466666666,3.33333333333333e-06,0.020068043,0.0,3.33333333333333e-06,1.79283333333333e-05,0.0012264033333333,3.33333333333333e-06,6.66666666666667e-06,0.0145359833333333
0.0021703033333333,0.0190115056666667,0.0024200363333333,0.0182239723333333,0.0053115016666666,0.0019694596666666,3.33333333333333e-06,0.0102757043333333,6.66666666666667e-06,0.000208835,0.0054350316666666
0.0006991033333333,0.0040469906666666,0.001649077,0.0024921096666666,0.002075645,0.001489952,3.03953333333333e-05,0.0011953573333333,0.0,2.491e-05,0.0022707663333333
0.003332895,0.0013527836666666,0.0032737306666666,0.0248173126666667,9.58483333333333e-05,1.80236666666667e-05,0.003121809,0.0118307896666667,0.001890487,0.0043348063333333,0.0136864786666667
0.0060572613333333,0.0149184173333333,0.0045811613333333,0.0221624013333333,0.006619953,0.0036716913333333,9.30896666666667e-05,0.0307503193333333,6.66666666666667e-06,0.001400626,0.013115054
0.0002511306666666,1.33333333333333e-05,0.0001679663333333,0.0010635673333333,0.0,6.9819e-05,0.0047790776666666,0.0006761876666666,0.0017280286666666,0.0066697063333333,0.0001665926666666
0.0014086746666666,0.0003280346666666,0.0009340123333333,0.0065718833333333,1.54843333333333e-05,0.000759165,0.0039080003333333,0.0028120483333333,0.000558433,0.000802486,0.0014351306666666
0.013823841,0.0180885286666667,0.0010467913333333,0.03557428,0.0059825796666666,0.004725826,4.9267e-05,0.022271982,2.7248e-05,0.000872526,0.028474878
