0.005046688,0.0012461866666666,0.0006706146666666,0.0014036393333333,0.002616551,0.0005449643333333,0.0013918846666666,0.0013063783333333,2.1966e-05,0.0008444486666666,0.0034509083333333
0.002470627,0.0102494956666667,0.0015775516666666,0.0014327943333333,0.0054424923333333,0.0021072376666666,0.0054571473333333,0.0021710316666666,0.0005331746666666,0.001145984,0.0033220896666666
0.002057914,0.0113750053333333,0.001592667,0.0033084723333333,0.0046664063333333,0.004093641,0.0039482126666666,0.003221,0.0033903,0.003979746,0.0080686236666666
0.0001876023333333,0.0011112576666666,0.000290203,0.0025961266666666,0.000284834,0.0002583046666666,0.001199848,0.000359427,2.011e-05,0.0013235083333333,0.0003622813333333
0.0009277186666666,0.0088552886666666,0.0012850656666666,0.0005047816666666,0.0142178226666667,0.0022043463333333,0.0033041036666666,0.0052563613333333,0.0007774013333333,0.0015837353333333,0.0027339293333333
0.000579456,0.001746474,0.0008385983333333,0.0007288343333333,0.0021666446666666,0.001836376,0.0015999096666666,0.0003516456666666,0.000315965,0.0005780626666666,0.0011901183333333
0.003233578,0.0118219496666667,0.0035258843333333,0.000721653,0.0029819706666666,0.000654378,0.0026965956666666,0.004077743,0.0028604586666666,0.0030238203333333,0.0106683086666667
0.0038116913333333,0.0024370306666666,0.004459281,0.002086467,0.002605327,0.001432486,0.0096212626666666,0.0156062456666667,0.0007191343333333,0.0019533966666666,0.0137825193333333
6.66666666666667e-06,1.48106666666667e-05,0.0028186096666666,3.33333333333333e-06,0.000427495,0.0,0.004081548,6.81503333333333e-05,0.0010611473333333,0.0050827593333333,0.0
0.0010258283333333,0.0021921333333333,0.0023510733333333,0.0005379266666666,0.0005754946666666,0.0007137386666666,0.0022407296666666,0.0020993816666666,0.000711986,0.0008936993333333,0.000625983
0.013065111,0.012599759,0.007742899,0.0032200673333333,0.0107709293333333,0.0017823813333333,0.0133829053333333,0.0212475956666667,0.000533057,0.0044325636666666,0.027126826
