0.0058888793333333,0.002599542,0.0006447576666666,0.004891944,0.0032912826666666,0.0005002826666666,0.0019013058333333,0.0007225823333333,0.0001324965,0.000551509,0.0079888783333333
0.0028771953333333,0.019515852,0.0019331496666666,0.0011837786666666,0.0090285526666666,0.0021239893333333,0.0049431083333333,0.001369657,0.0002223816666666,0.0005751276666666,0.0033426383333333
0.0004310026666666,0.007783982,0.001877013,0.0023699153333333,0.0042880353333333,0.0029531643333333,0.0012621053333333,0.0030530766666666,0.003010571,0.0012844623333333,0.005223997
0.001519205,0.002433102,0.0002170966666666,0.0018125583333333,0.000362516,0.000439237,0.0004586123333333,0.000707417,8.09876666666667e-05,0.0001600043333333,0.0006679446666666
0.0016919936666666,0.00855375,0.0012469216666666,0.0045633766666666,0.0028107686666666,0.000762192,0.003054795,0.0039163936666666,0.0002695846666666,0.0017713506666666,0.0028324376666666
0.0007848066666666,0.002357602,0.0011417853333333,0.00102495,0.001272924,0.0012832506666666,0.0005284183333333,0.0005538713333333,0.0002960356666666,0.0003557053333333,0.0015597866666666
0.0072512113333333,0.0122030213333333,0.0032988246666666,0.0022202426666666,0.0046969706666666,0.0011327986666666,0.001760893,0.0055522656666666,0.0046284546666666,0.002788058,0.0042990646666666
0.0047049666666666,0.007284414,0.0050222036666666,0.0015704516666666,0.0070003123333333,0.00231282,0.008166599,0.0168855793333333,0.0005365913333333,0.0023425916666666,0.0222716323333333
8.91986666666667e-05,1.66666666666667e-05,0.0012282626666666,1.9352e-05,3.70253333333333e-05,1.20256666666667e-05,0.003976916,4.85433333333333e-05,0.0010416813333333,0.0044030346666666,0.000108008
0.0014615226666666,0.005066228,0.0009193766666666,0.00039068,0.0032594883333333,0.0004214593333333,0.001393304,0.0024975166666666,0.0010728933333333,0.0009943903333333,0.00241081
0.021652979,0.0139939583333333,0.006715629,0.004534839,0.0083609,0.0039857083333333,0.0056798403333333,0.024952791,0.000502562,0.0050304756666666,0.0345654866666667
