0.0024817966666666,0.0028058253333333,3.33333333333333e-06,0.013595975,0.0042139083333333,0.0004612173333333,6.83333333333333e-06,0.0027820383333333,0.000136282,2.68236666666667e-05,0.0090873376666666
0.0047788653333333,0.014184355,0.0036424893333333,0.0150156566666667,0.0117609683333333,0.0026296893333333,3.3984e-05,0.005128633,0.0,0.0001143103333333,0.0063465426666666
0.0014194123333333,0.0073516776666666,0.0022454343333333,0.006365221,0.003671753,0.0022417133333333,3.33333333333333e-06,0.002932651,0.0021356993333333,0.0001678733333333,0.0064785796666666
0.004867215,0.000241496,1e-05,0.023510806,4.36266666666667e-05,3.33333333333333e-06,0.0,0.010426123,3.33333333333333e-06,2.21743333333333e-05,0.0144617973333333
0.0036482383333333,0.0176884163333333,0.0014439693333333,0.0160067523333333,0.005140063,0.0030576633333333,3.33333333333333e-06,0.008159137,2.03123333333333e-05,0.0001569616666666,0.003954263
0.0007308866666666,0.0033628676666666,0.0012948126666666,0.0024701663333333,0.0024354833333333,0.001305763,1.6566e-05,0.0012586033333333,6.66666666666667e-06,2.1339e-05,0.002445682
0.0036938246666666,0.0005073013333333,0.002335002,0.025098929,2.18963333333333e-05,2.94753333333333e-05,0.0024078116666666,0.009327276,0.0027027336666666,0.00561132,0.0126838453333333
0.0057825876666666,0.0112510973333333,0.0044526506666666,0.0195906736666667,0.0099078993333333,0.003542483,4.72376666666667e-05,0.03037782,6.66666666666667e-06,0.0005523566666666,0.0185271386666667
9.6026e-05,7.89006666666667e-05,0.001638208,0.0009603766666666,3.33333333333333e-06,5.31896666666667e-05,0.0045232186666666,0.0008508153333333,0.002215235,0.0065928843333333,0.000276005
0.001393597,0.0027937253333333,0.0011123013333333,0.0054549676666666,4.1248e-05,0.000657902,0.0039048043333333,0.002123475,0.0009092566666666,0.000754095,0.0041823773333333
0.012275476,0.0115007976666667,0.000394983,0.0426652733333333,0.0087648713333333,0.003492164,4.02733333333333e-05,0.0272367203333333,5.6826e-05,0.0004173843333333,0.0382974666666667
