0.0033764993333333,0.0014790216666666,0.0006649236666666,0.0016453953333333,0.002263312,0.0005499163333333,0.0022127221666666,0.001558343,0.0003900041666666,0.0005305196666666,0.005912884
0.001336393,0.011856637,0.0021624223333333,0.001032417,0.0061416793333333,0.002759048,0.003727035,0.002467008,0.0006489503333333,0.0012555393333333,0.0042139463333333
0.0018226943333333,0.00605223,0.002558258,0.0033046696666666,0.004573563,0.005217095,0.0039541006666666,0.002822171,0.0043473063333333,0.0035823393333333,0.005447284
0.000959114,0.0017507563333333,0.0004222953333333,0.0029423186666666,0.0003039403333333,0.000876623,0.0002986006666666,0.0003495816666666,3.20096666666667e-05,0.0001822496666666,0.0005001466666666
0.002028143,0.0079701506666666,0.0023338603333333,0.003329892,0.0021230643333333,0.0010431163333333,0.0009534296666666,0.0021367676666666,0.000384166,0.0018268263333333,0.002642255
0.0005390673333333,0.0032654323333333,0.001972809,0.0008084476666666,0.0035800146666666,0.0003989666666666,0.0009933063333333,0.000600436,0.0003450303333333,0.000843587,0.0020126103333333
0.003118247,0.0121596013333333,0.002569218,0.001510346,0.004191656,0.0007985526666666,0.003225653,0.0043310476666666,0.0049787413333333,0.002806033,0.0050645396666666
0.004956399,0.0041051703333333,0.0036842593333333,0.001686407,0.0034822443333333,0.0020602396666666,0.0088921943333333,0.011013376,0.0006557743333333,0.0033732716666666,0.012068688
6.66666666666667e-06,1.9546e-05,0.0009336563333333,3.33333333333333e-06,4.96403333333333e-05,0.0,0.004523081,4.15813333333333e-05,0.0009068806666666,0.0039115146666666,0.00014574
0.0022826303333333,0.0047850516666666,0.0009016143333333,0.000332221,0.0021773226666666,0.000647922,0.0016976836666666,0.0026419533333333,0.000489605,0.0008623486666666,0.0063857506666666
0.0142423476666667,0.0107351663333333,0.0081500596666666,0.003070179,0.0089871286666666,0.0032896793333333,0.0096197306666666,0.030977364,0.0005947113333333,0.0079462356666666,0.0337753633333333
