0.00279822,0.0019231923333333,0.000530508,3.79783333333333e-05,0.001234396,5.4716e-05,0.0010226785,0.0005199676666666,1.86931666666667e-05,0.0005637366666666,0.0041141376666666
0.000721054,0.0031807173333333,0.0016447883333333,0.0014437596666666,0.0037326453333333,0.0012398783333333,0.0053948106666666,0.016807028,8.3299e-05,0.0005193223333333,0.0039289993333333
0.0007113996666666,0.0044070216666666,0.0017849333333333,0.0027414676666666,0.0018585796666666,0.0022109743333333,0.0005770573333333,0.0036807793333333,0.001100056,0.0017899036666666,0.004129912
0.0002041493333333,0.0007402803333333,9.74943333333333e-05,0.000745136,0.00014144,8.46493333333333e-05,0.0006794343333333,0.0006889576666666,0.0,0.000573669,0.002212121
0.0026664946666666,0.0028081813333333,0.000230502,6.19793333333333e-05,0.0013757633333333,0.000658902,0.0024752143333333,0.0060704773333333,3.79916666666667e-05,0.000790484,0.0041408423333333
0.0001254833333333,0.0005855623333333,0.0005980256666666,0.0003094706666666,0.0019281063333333,0.001146852,0.00029046,0.0023330813333333,0.0,0.000177977,0.000758836
0.001252968,0.004228175,0.001786049,0.000628473,0.0012672663333333,0.0009212046666666,0.0008820806666666,0.011962748,0.0010816433333333,0.002884587,0.0100780333333333
0.002512455,0.007419689,0.0031699383333333,0.001042882,0.002834434,0.001018428,0.0051327543333333,0.016039692,0.000137352,0.001908551,0.008335172
0.001038287,3.33333333333333e-06,0.000807054,8.395e-06,2.51473333333333e-05,3.33333333333333e-06,0.0039669316666666,0.0002133463333333,0.0012225666666666,0.003297893,6.66666666666667e-06
0.000766439,0.0007911796666666,0.0001257513333333,0.0001817463333333,0.0010374323333333,0.0003038716666666,0.0011149953333333,0.0020351233333333,0.000350502,0.0006953143333333,0.0005333673333333
0.0103782423333333,0.01021245,0.0065099,0.001773743,0.0058804493333333,0.0021408363333333,0.0127958986666667,0.0166897823333333,4.79846666666667e-05,0.0023943483333333,0.0207110596666667
