0.0007848276666666,0.0027360573333333,0.000838434,0.0015208636666666,0.0012538836666666,0.001878188,0.0008975303333333,0.0031592463333333,0.000283703,0.000765549,0.004293673
0.0022198023333333,0.0068184703333333,0.0015191006666666,0.0015772503333333,0.0015082296666666,0.001435754,0.0053602023333333,0.000591234,0.0002782113333333,0.0022799633333333,0.002669251
0.000809401,0.0081043306666666,0.0019794256666666,0.001583663,0.003189664,0.0013279243333333,0.002016989,0.00204919,0.0012132266666666,0.0033369,0.0066796953333333
0.000873821,0.004630343,0.0007346043333333,0.0023204343333333,0.001410713,0.0004677193333333,0.0125191986666667,0.001078001,9.41906666666667e-05,0.0003713036666666,0.000761473
0.002010373,0.0104849946666667,0.001581442,0.0007383526666666,0.0039106266666666,0.0007130763333333,0.0022876053333333,0.002598419,0.000683003,0.0015974116666666,0.0024296843333333
0.0030323236666666,0.0038055566666666,0.00252562,0.000896485,0.0012231966666666,0.001642224,0.0026544566666666,0.0010668696666666,0.0003698566666666,0.0008980516666666,0.0012836256666666
0.0028002486666666,0.0114336736666667,0.002719645,0.0017054423333333,0.0028076946666666,0.0012204426666666,0.0011680003333333,0.0056948973333333,0.001394997,0.005223098,0.0067631856666666
0.0052295373333333,0.0086783623333333,0.0050138123333333,0.0043856336666666,0.0052402623333333,0.0034425596666666,0.009501305,0.019624713,0.0016150586666666,0.004408138,0.0117718896666667
0.000156757,0.0007045163333333,0.004489966,7.76733333333333e-05,0.00025964,0.0002731883333333,0.00437419,0.000254579,0.002055386,0.0071265426666666,0.000494817
0.0015766183333333,0.0089107646666666,0.001127689,0.0010757833333333,0.0017692506666666,0.0011451416666666,0.0048015153333333,0.0030005296666666,0.0016697873333333,0.000290178,0.0022159883333333
0.016069194,0.010224613,0.0076161536666666,0.0029511693333333,0.0040893553333333,0.0025182876666666,0.0092940256666666,0.020232543,0.0010522983333333,0.0060586656666666,0.03045012
