0.0042846346666666,0.004291177,0.001279663,0.0066357756666666,0.0045271066666666,0.0009218703333333,0.0047311443333333,0.0021237706666666,0.0003221306666666,0.000869794,0.0414379566666667
0.004451732,0.0215069476666667,0.0040479226666666,0.001283167,0.013456879,0.0035445773333333,0.0131879613333333,0.00581845,0.0002748373333333,0.001706745,0.0091325473333333
0.002020928,0.00857702,0.001006227,0.002325526,0.0037392693333333,0.0017836646666666,0.0063447326666666,0.0051147596666666,0.0015013006666666,0.002759775,0.005928529
0.0015907956666666,0.0038392403333333,0.0002011946666666,0.0011053423333333,0.0008989146666666,0.000462521,0.001514173,0.000722531,0.0001516086666666,0.000763585,0.001077257
0.0023685783333333,0.0160922433333333,0.0034932066666666,0.0006132833333333,0.0056447336666666,0.0014705393333333,0.0055887986666666,0.0075519546666666,0.000402915,0.0023292813333333,0.007727489
0.0010045336666666,0.0056722896666666,0.005277449,0.0007379556666666,0.0021602703333333,0.001872018,0.002121115,0.0014486106666666,0.0001120153333333,0.000817812,0.0022211863333333
0.0074213556666666,0.0203052556666667,0.0031254383333333,0.001683093,0.0090543073333333,0.0018996583333333,0.0060066656666666,0.013641239,0.002039508,0.0064738863333333,0.01431205
0.00873352,0.0113245793333333,0.005435307,0.0030365453333333,0.0086228043333333,0.0030607546666666,0.0152029146666667,0.0351270766666667,0.0022150753333333,0.00392531,0.0157253596666667
0.0006066346666666,0.0005440326666666,0.0017148786666666,8.233e-05,0.0001533583333333,5.0342e-05,0.007832434,0.000985074,0.0019619726666666,0.0061561896666666,0.000444845
0.0023793816666666,0.0049788323333333,0.0025566826666666,0.0011960296666666,0.0040573926666666,0.0024366123333333,0.0053851356666666,0.001595398,0.0010948746666666,0.000173198,0.0031333176666666
0.02112108,0.0129913063333333,0.008276083,0.0021696473333333,0.0164415926666667,0.0032871266666666,0.0195635543333333,0.0272406073333333,0.000922782,0.0053929626666666,0.0347541066666667
