0.0053149273333333,0.0030109286666666,0.0009665126666666,0.0010244853333333,0.0041521233333333,0.000956534,0.0026029305,0.0027229633333333,0.0002470761666666,0.0011476033333333,0.0089958943333333
0.0031542646666666,0.0239140763333333,0.00337385,0.0034547656666666,0.0062106616666666,0.0040653693333333,0.0053587813333333,0.0036043626666666,0.0012081053333333,0.0029304373333333,0.0037357746666666
0.0018333686666666,0.0087813563333333,0.0009391473333333,0.00301816,0.004359338,0.001595192,0.0008625416666666,0.002645154,0.0014452633333333,0.0008670346666666,0.007215235
0.000772855,0.0052841266666666,0.000506736,0.0015058833333333,0.00107209,0.0006952723333333,0.000694369,0.0013043813333333,0.000538157,0.0003182246666666,0.001706869
0.0032216476666666,0.0157260436666667,0.0059495113333333,0.0012770716666666,0.0037108006666666,0.0022560286666666,0.0174999516666667,0.0059291923333333,0.0006472586666666,0.001667201,0.0051728936666666
0.0022210786666666,0.0050538523333333,0.0016455146666666,0.0004897936666666,0.003263354,0.0009361433333333,0.0005936373333333,0.0017529013333333,0.0003432416666666,0.0006843583333333,0.0014658266666666
0.0036171456666666,0.0204350476666667,0.0016038603333333,0.0016339823333333,0.006624995,0.002537591,0.001922308,0.0095936376666666,0.0020841573333333,0.003066087,0.0065785353333333
0.0063432093333333,0.014655248,0.005125758,0.003996979,0.0082445836666666,0.0039925233333333,0.008773736,0.0326792136666667,0.002131062,0.0057041936666666,0.0156863956666667
6.83493333333333e-05,0.001295634,0.0014708233333333,0.000217572,0.0003219183333333,0.000904384,0.0049953156666666,0.0002249023333333,0.0022911376666666,0.00767139,0.0001513893333333
0.0021954756666666,0.0087946853333333,0.0014398886666666,0.0010675943333333,0.0026446603333333,0.0010054546666666,0.002861819,0.0025693973333333,0.001428722,0.000333653,0.002363503
0.0157697533333333,0.0226818713333333,0.012624369,0.0032517873333333,0.0078052033333333,0.0055404503333333,0.0120659976666667,0.024344244,0.001666747,0.0052895903333333,0.0432855166666667
