0.0036263653333333,0.0017709163333333,0.0009955183333333,0.0084462886666666,0.0022062623333333,0.0004389466666666,0.002313247,0.000712906,0.0001172586666666,0.0005382803333333,0.0043470723333333
0.001990744,0.0124969356666667,0.0015472086666666,0.001469224,0.006369841,0.002963411,0.0053536996666666,0.0061533323333333,0.0004734556666666,0.0011328993333333,0.0029678926666666
0.0005792573333333,0.0070982233333333,0.0044633353333333,0.0028952706666666,0.004254052,0.003598583,0.005864926,0.0015739533333333,0.00292653,0.002535293,0.0068158166666666
0.0015083,0.0016118456666666,0.000419518,0.0019995713333333,0.0003861713333333,0.001209347,0.000408997,0.0005844113333333,8.64843333333333e-05,0.0007235653333333,0.0008190673333333
0.0021654463333333,0.0086363996666666,0.002504425,0.0034588783333333,0.003904011,0.0005253563333333,0.0023606223333333,0.0021366976666666,0.0005645273333333,0.003028279,0.0029166196666666
0.000502491,0.00386777,0.0012624646666666,0.0005500713333333,0.0024086403333333,0.0014636773333333,0.002387254,0.000440022,0.0003884396666666,0.0004041666666666,0.0011167703333333
0.0032766896666666,0.011315024,0.0018008723333333,0.0024296953333333,0.0044390416666666,0.000638035,0.0027254293333333,0.0062907426666666,0.006836021,0.0024447733333333,0.0045031013333333
0.0042700386666666,0.004622111,0.0044628836666666,0.0013803373333333,0.0036577663333333,0.0011965183333333,0.0103559103333333,0.0182159683333333,0.0007464296666666,0.0036109163333333,0.0113031483333333
7.17066666666667e-06,2.2e-05,0.0015892816666666,1e-05,5.5338e-05,4.811e-06,0.0044474496666666,4.0848e-05,0.0013149593333333,0.0039599166666666,2.59823333333333e-05
0.001495881,0.0045039896666666,0.0012489716666666,0.0009287433333333,0.0022373653333333,0.0013767293333333,0.0021292396666666,0.0017393433333333,0.001224608,0.000645665,0.0018633283333333
0.0122187943333333,0.0115329156666667,0.0088578983333333,0.0028675,0.0093809803333333,0.0035748386666666,0.0088870256666666,0.020801747,0.0010537873333333,0.005494646,0.0310108783333333
