0.0030889526666666,0.000287848,0.000542606,0.000231035,0.00255523,0.000313884,0.0020942306666666,0.0011166783333333,3.9737e-05,0.0005992543333333,0.005317149
0.001103079,0.0051421336666666,0.000449018,0.0008591743333333,0.0027994263333333,0.0007172943333333,0.0052700896666666,0.0023091063333333,0.0001684503333333,0.000803979,0.0037152126666666
0.0003660856666666,0.0073755923333333,0.0021026686666666,0.002487786,0.003445125,0.0039516206666666,0.0023327453333333,0.0032030166666666,0.001598883,0.0018884453333333,0.0042599026666666
0.0013417323333333,0.001024388,0.0001419473333333,0.0018552203333333,0.0001132986666666,9.44043333333333e-05,0.0011595553333333,0.000136752,0.0,0.0002147596666666,0.0002657033333333
0.0043249986666666,0.0059144586666666,0.001369632,0.0028321156666666,0.001441766,0.0023173953333333,0.002341738,0.002112542,2.2581e-05,0.0025273273333333,0.00188128
0.000254649,0.0017826616666666,0.0011034946666666,0.0004822076666666,0.0015903776666666,0.001206049,0.0003675486666666,0.0003513373333333,0.0002387826666666,0.0009255686666666,0.0009866343333333
0.0013688963333333,0.0135216203333333,0.0010455956666666,0.0018670503333333,0.001145769,0.0002786413333333,0.0029498493333333,0.0075623286666666,0.0013239483333333,0.004640406,0.0020808396666666
0.0015220283333333,0.0019693486666666,0.0035168493333333,0.0010540936666666,0.0016872153333333,0.0006502026666666,0.0096699443333333,0.0116749016666667,0.0001376656666666,0.0020643896666666,0.0118093753333333
0.0,0.0,0.000617602,8.144e-06,5.29256666666667e-05,3.97966666666667e-06,0.003889831,4.21533333333333e-05,0.0006308096666666,0.0040013616666666,1.5555e-05
0.000947706,0.0029388693333333,0.0005578736666666,0.000144558,0.0011107266666666,0.0003732556666666,0.001837578,0.0022617176666666,0.000543808,0.0006376403333333,0.0008631493333333
0.0078962466666666,0.0101781556666667,0.0073086293333333,0.0031530306666666,0.0082137253333333,0.0029118403333333,0.009394194,0.0166276966666667,0.000877678,0.0065997006666666,0.0317988416666667
