0.0042636356666666,0.0019642236666666,0.001215549,0.0063911466666666,0.0031733623333333,0.0004202613333333,0.0030753191666666,0.0007849503333333,0.0001187431666666,0.0006447663333333,0.007840326
0.002926382,0.0094594573333333,0.0042974863333333,0.0014277486666666,0.0048462096666666,0.0016012063333333,0.0076968386666666,0.0008467423333333,0.0002996806666666,0.0017366986666666,0.0043925026666666
0.003455312,0.008332284,0.0015659663333333,0.001643931,0.0047959706666666,0.0013088196666666,0.003076041,0.0023764233333333,0.0044558383333333,0.0016969253333333,0.004289497
0.0007552223333333,0.0011233816666666,0.0002242243333333,0.001938717,0.000358279,0.000240741,0.0016197006666666,0.000711487,1.9533e-05,0.000349736,0.0008707306666666
0.002925943,0.0118410256666667,0.003521995,0.0017481176666666,0.0017960036666666,0.001983424,0.003934334,0.0025053913333333,0.000346212,0.0020083373333333,0.004433405
0.0003719536666666,0.0034604043333333,0.001313563,0.0007417906666666,0.0014440533333333,0.0008924086666666,0.0018067303333333,0.000419126,0.0010801283333333,0.0005220466666666,0.0016683323333333
0.005813303,0.0146700913333333,0.001981865,0.0027860906666666,0.006185658,0.002468111,0.04622494,0.0043424036666666,0.0015824933333333,0.0041603873333333,0.007763698
0.005241338,0.0040295933333333,0.0060132223333333,0.001390662,0.0047441153333333,0.00181965,0.0088356516666666,0.017310592,0.0007862253333333,0.0031382886666666,0.013055671
1.81176666666667e-05,0.0002412126666666,0.0003995563333333,3.20766666666667e-05,4.54323333333333e-05,1.87773333333333e-05,0.0051176523333333,0.0009208586666666,0.0008306903333333,0.0026894363333333,2.83593333333333e-05
0.001279777,0.0026168186666666,0.0007839516666666,0.0006980246666666,0.00118094,0.0004215046666666,0.0061892246666666,0.0013456746666666,0.0006889653333333,0.0005521286666666,0.0021285533333333
0.014815879,0.009835691,0.0067004143333333,0.0035124066666666,0.012161997,0.0054699116666666,0.0106276806666667,0.021546842,0.0017899366666666,0.004644926,0.0303598473333333
