0.0031609593333333,0.000745816,0.000550787,0.0002357913333333,0.0015179696666666,0.0002219986666666,0.0032984038333333,0.000664199,2.55481666666667e-05,0.0008472953333333,0.0027185086666666
0.0013919766666666,0.0129078693333333,0.002202153,0.001257321,0.003381323,0.0009548133333333,0.0045544373333333,0.0025843383333333,0.0007593033333333,0.0010245126666666,0.0037562853333333
0.000465317,0.0106154913333333,0.0015816576666666,0.002831752,0.0028293303333333,0.0017086176666666,0.0021809126666666,0.0013697436666666,0.0010408416666666,0.0034145906666666,0.0050338613333333
5.08493333333333e-05,0.0011720456666666,0.000208258,0.0022725633333333,0.000250874,0.0003469556666666,0.001500483,0.0002265473333333,0.0003361133333333,0.000228984,0.0005091906666666
0.0008597196666666,0.004184873,0.0016062456666666,8.35616666666667e-05,0.0019820206666666,0.0008347593333333,0.0013731923333333,0.0004708486666666,0.0001259466666666,0.0022191076666666,0.0005624816666666
0.0008605166666666,0.0017595266666666,0.001533075,0.0004954783333333,0.0018351903333333,0.0015082113333333,0.001176483,0.0002031556666666,0.0003494126666666,0.0007367156666666,0.0018720423333333
0.001721014,0.006889063,0.0012468773333333,0.0004706193333333,0.0011089256666666,0.0005541136666666,0.0011091536666666,0.0092604246666666,0.002930453,0.0053305033333333,0.0118408096666667
0.001917541,0.0064374356666666,0.0032460573333333,0.0012234873333333,0.0029361583333333,0.002043393,0.007764661,0.0097833036666666,0.0001566523333333,0.003181904,0.006727934
3.04593333333333e-05,1.67226666666667e-05,0.0004966033333333,3.33333333333333e-06,2.77433333333333e-05,0.00028694,0.004281953,0.0,0.0009125986666666,0.0044614336666666,3.33333333333333e-06
0.0008039303333333,0.006051366,0.0004853316666666,0.0004162503333333,0.0003513086666666,0.0007758643333333,0.0370532366666667,0.0008971086666666,0.00117335,0.001262983,0.0012541036666666
0.011730857,0.0128157593333333,0.007366278,0.0037759626666666,0.0025691773333333,0.0022145073333333,0.0109823143333333,0.016424652,0.0004500913333333,0.0052407816666666,0.0226078146666667
