0.0033853066666666,0.0003307326666666,0.0006815996666666,0.001205538,0.0012123336666666,3.60736666666667e-05,0.0017939331666666,0.0003607586666666,2.45025e-05,0.0011657453333333,0.0042714603333333
0.0011835493333333,0.0102751463333333,0.0007402246666666,0.0004536393333333,0.003754571,0.0017896746666666,0.0029224346666666,0.0011006266666666,7.95243333333333e-05,0.0009189003333333,0.0008477076666666
0.0004562886666666,0.0069652753333333,0.0002843456666666,0.0022034723333333,0.0030394623333333,0.0011601163333333,0.0007622463333333,0.001553238,0.0007321306666666,0.0009546256666666,0.004518192
0.000480383,0.0011139713333333,8.1345e-05,0.0021721643333333,0.000263227,5.58206666666667e-05,0.0006840546666666,0.0002240653333333,0.0,0.000105443,0.0001539246666666
0.0005691443333333,0.007644034,0.001273429,2.79373333333333e-05,0.00034101,0.0007402856666666,0.0019059596666666,0.0011395093333333,3.35963333333333e-05,0.0009939216666666,0.00038886
0.0002846896666666,0.0024792146666666,0.0004414443333333,0.000307638,0.0010564973333333,0.0012198496666666,0.000368628,0.0001482796666666,0.00019918,0.0002541756666666,0.000644321
0.0018079383333333,0.010408293,0.0010138713333333,0.0002288916666666,0.000568672,0.000130081,0.0034377276666666,0.0030792073333333,0.002297441,0.0021200246666666,0.0096017953333333
0.0020027453333333,0.0027954733333333,0.0028368936666666,0.0002717606666666,0.0013375033333333,0.001100568,0.007124338,0.0090861083333333,7.2762e-05,0.002591717,0.006045277
1.10506666666667e-05,3.33333333333333e-06,0.00010848,0.0,2.5793e-05,0.0,0.004351978,0.0,0.0011134186666666,0.0043535843333333,0.0
0.0008775113333333,0.0038512593333333,0.0001749303333333,0.000209413,0.000373203,0.000148894,0.001538904,0.0012528306666666,0.0001886676666666,0.000256596,0.0003631326666666
0.0123303853333333,0.010696265,0.0062545546666666,0.002772473,0.0026897183333333,0.0007131846666666,0.011160374,0.0238362653333333,0.0001185046666666,0.0029415283333333,0.0250650066666667
