0.0057316306666666,0.002016902,0.0016416383333333,0.0006182863333333,0.0013377686666666,0.001247325,0.00190019,0.001597902,0.0001065086666666,0.000529302,0.006083332
0.0029843156666666,0.012788185,0.0015832963333333,0.0012379566666666,0.0044869826666666,0.0020267133333333,0.05150657,0.0008659366666666,0.000139231,0.0009083136666666,0.0063567206666666
0.000407351,0.0080734013333333,0.0011535043333333,0.0022028416666666,0.0025241583333333,0.0018237753333333,0.0052403206666666,0.0030248816666666,0.0016955533333333,0.001071766,0.0048776386666666
0.00185547,0.00197938,0.000619618,0.0004866796666666,0.0002008086666666,0.0003619826666666,0.001472708,0.0003966116666666,3.9281e-05,0.0005838353333333,0.0022806843333333
0.002618042,0.0102622433333333,0.0009699543333333,0.0005416136666666,0.004138298,0.0007738906666666,0.0048711963333333,0.0027020206666666,0.0009703596666666,0.0015723313333333,0.0080234366666666
0.0008763196666666,0.0027165776666666,0.0030795493333333,0.0004640396666666,0.0008693466666666,0.0008287823333333,0.0009405183333333,0.0006568136666666,6.86293333333333e-05,0.0008578766666666,0.0028025223333333
0.0043523313333333,0.016622925,0.0051386223333333,0.0021055746666666,0.0042975093333333,0.0015381103333333,0.0030790133333333,0.0093643473333333,0.0031133943333333,0.0055186953333333,0.0210031223333333
0.004955675,0.0047735466666666,0.003554222,0.0013533096666666,0.0037819776666666,0.002007147,0.0108026526666667,0.017389026,0.0002841176666666,0.0030095543333333,0.0200628196666667
1.65423333333333e-05,4.57943333333333e-05,0.000665875,4.89376666666667e-05,8.9416e-05,0.0001258023333333,0.0034505063333333,0.000451392,0.0009841336666666,0.002114037,4.7002e-05
0.0011984326666666,0.0043228186666666,0.000672006,0.0007723873333333,0.0014360613333333,0.0003680753333333,0.0031386856666666,0.0021149733333333,0.0007640363333333,0.000231249,0.001865859
0.021598349,0.0108798373333333,0.011282344,0.0030882163333333,0.009734717,0.0030307043333333,0.0169576753333333,0.020936239,0.002024169,0.0031675283333333,0.0279685943333333
