0.0034890143333333,0.0044208236666666,0.0005750746666666,0.003701599,0.0022294253333333,0.0004968593333333,0.0017711241666666,0.0016979186666666,9.56831666666667e-05,0.000664667,0.0037443333333333
0.003514125,0.0159456436666667,0.0016470503333333,0.0016442783333333,0.0058300496666666,0.0018063033333333,0.0045107713333333,0.0026477106666666,0.0004239796666666,0.0011856843333333,0.005647097
0.000758249,0.0079429296666666,0.0015603693333333,0.002882484,0.0032352673333333,0.0032013283333333,0.0038451453333333,0.0013926413333333,0.001556217,0.0062265696666666,0.0064623333333333
0.0008290436666666,0.001249947,0.0001948376666666,0.002534056,0.0015888263333333,0.0007539523333333,0.0009681036666666,0.0008647206666666,2.22373333333333e-05,0.0001946396666666,0.0016549996666666
0.0023618106666666,0.007039215,0.0025577963333333,0.0007362416666666,0.004555258,0.00251786,0.002044299,0.0064221693333333,0.0003518746666666,0.0011163476666666,0.004834405
0.0003599023333333,0.0018646683333333,0.0022533943333333,0.0004983273333333,0.001877731,0.0019613333333333,0.0010836806666666,0.0003976413333333,0.000340039,0.0006333226666666,0.000908793
0.0025010846666666,0.0097466086666666,0.002805885,0.0022008763333333,0.0034626926666666,0.0018846986666666,0.00126004,0.0036656053333333,0.0028030753333333,0.0027285446666666,0.011189715
0.0032087536666666,0.0057086433333333,0.0039769523333333,0.001404234,0.0022115243333333,0.00120919,0.0092604113333333,0.0167649543333333,0.001049064,0.0035410773333333,0.0073162123333333
1e-05,2.06863333333333e-05,0.0009527943333333,6.27166666666667e-06,4.01416666666667e-05,0.0,0.0037246386666666,1e-05,0.001109752,0.004812059,2.46153333333333e-05
0.0014979583333333,0.002297886,0.0022674513333333,0.0011318386666666,0.000497696,0.0007625663333333,0.0025588173333333,0.001981348,0.001544496,0.001168481,0.0012699373333333
0.0158157263333333,0.0137823893333333,0.007308501,0.0047761946666666,0.00517878,0.003637165,0.0146412296666667,0.0251671873333333,0.000965151,0.0044053603333333,0.03704665
