0.004205,0.0005790393333333,0.0005413196666666,0.0001437466666666,0.002684012,0.0003026516666666,0.0035525653333333,0.0008420613333333,2.39231666666667e-05,0.0005240023333333,0.0055545733333333
0.001398429,0.0051071483333333,0.00051305,0.0009260276666666,0.0015921466666666,0.000558663,0.0051262856666666,0.0046881443333333,5.92663333333333e-05,0.0008972893333333,0.004643831
0.0003785473333333,0.0074092116666666,0.00184136,0.0021246823333333,0.0032872416666666,0.0034458066666666,0.002832689,0.0021511573333333,0.0022584556666666,0.001378167,0.0048275806666666
0.0022931886666666,0.001402683,0.000119186,0.0020349083333333,0.0001185266666666,0.0001109943333333,0.0019156533333333,0.0001270663333333,0.0,6.8253e-05,0.0002326373333333
0.0022415446666666,0.0049389933333333,0.0012032583333333,0.002865102,0.0012124893333333,0.0007711456666666,0.0030990103333333,0.0013056553333333,4.0383e-05,0.0023792503333333,0.001488657
0.0003348563333333,0.0025372896666666,0.0010875,0.0016307146666666,0.0014904123333333,0.0011874313333333,0.000437383,0.0003100626666666,0.0002382673333333,0.000922146,0.0009849036666666
0.0022872983333333,0.0127174643333333,0.0010087346666666,0.001885766,0.001185755,0.0002307883333333,0.003161405,0.006788472,0.001682697,0.0041896966666666,0.0021306356666666
0.0009894406666666,0.00195099,0.0036301213333333,0.000915111,0.0014003683333333,0.0014148816666666,0.0092217006666666,0.012042973,0.0001171913333333,0.0020237543333333,0.0074853763333333
0.0,3.33333333333333e-06,0.0005868466666666,7.70933333333333e-06,3.92653333333333e-05,0.0,0.003808251,2.962e-05,0.000625254,0.0036077546666666,3.33333333333333e-06
0.0010325056666666,0.0033098356666666,0.0003495753333333,0.0001053156666666,0.0015370746666666,0.000391926,0.0026403703333333,0.0024443486666666,0.000614121,0.0007606726666666,0.0012512716666666
0.0096899083333333,0.008186014,0.006457367,0.003644138,0.006720147,0.0029019756666666,0.0100342396666667,0.015746078,0.000359213,0.0045143163333333,0.0337575533333333
