0.0043142163333333,0.000495526,0.0005008553333333,5.3462e-05,0.0015340943333333,2.96773333333333e-05,0.0015154333333333,0.0009730716666666,5.45133333333333e-06,0.0003456226666666,0.001654078
0.00343535,0.0062022896666666,0.0017867313333333,0.0007875466666666,0.00361129,0.0004215966666666,0.0045857216666666,0.0015088563333333,1.52773333333333e-05,0.0003731233333333,0.0009523293333333
0.0005382813333333,0.00650319,0.001789789,0.0026212593333333,0.002639955,0.0026601893333333,0.0008038313333333,0.000791279,0.0019616863333333,0.0013845703333333,0.004427634
0.0013375233333333,0.001398753,0.0001196343333333,0.000442676,2.6522e-05,9.57636666666667e-05,0.000720536,0.000254908,0.0,0.000288961,0.0003011633333333
0.0015651423333333,0.003929297,0.000348885,3.46443333333333e-05,0.000808938,0.000322209,0.0038102476666666,0.0021801813333333,8.479e-06,0.0014801156666666,0.001666746
0.000146765,0.0023025936666666,0.0010501916666666,0.000535482,0.0040334913333333,0.0014320356666666,0.0006368143333333,0.0007435846666666,0.0001552076666666,0.000143237,0.001076232
0.0029224816666666,0.0088853116666666,0.0012816773333333,0.0007582893333333,0.0028995683333333,0.0010113323333333,0.001243207,0.005000614,0.000840886,0.0034767586666666,0.013933136
0.0027949456666666,0.0035426163333333,0.00288988,0.0008944073333333,0.0028751463333333,0.0006514733333333,0.009320396,0.0119884953333333,0.0002302126666666,0.001867944,0.005146079
1.11463333333333e-05,2.47793333333333e-05,0.000969214,3.90183333333333e-05,0.0001145953333333,1e-05,0.005494216,2.68213333333333e-05,0.000849519,0.0027931896666666,1.9578e-05
0.001038236,0.0016360793333333,0.000193457,0.000342933,0.0005481473333333,0.0001496003333333,0.0020446326666666,0.0007742523333333,0.0002253153333333,0.0002440946666666,0.0004064776666666
0.014055363,0.005920605,0.0110499533333333,0.0016145586666666,0.0039487186666666,0.003144689,0.013670157,0.0191170033333333,1.77683333333333e-05,0.0037014326666666,0.0156332683333333
