0.0026932696666666,0.0010628143333333,0.0003548966666666,0.0006361526666666,0.0014881566666666,9.54346666666667e-05,0.0016828936666666,0.000822309,4.457e-06,0.0004140406666666,0.003144709
0.000958993,0.0084533423333333,0.002677427,0.0005857116666666,0.002629263,0.000759457,0.004355839,0.000288553,2.25186666666667e-05,0.0006359356666666,0.0013473913333333
0.0012412233333333,0.0041003153333333,0.0015618366666666,0.0021565606666666,0.003563433,0.0024767443333333,0.0023763473333333,0.0017793993333333,0.0015542193333333,0.0021957063333333,0.0054397593333333
0.0004663546666666,0.001394378,6.08886666666667e-05,0.0003621496666666,7.65156666666667e-05,0.0001594573333333,0.000724865,0.0003357466666666,0.0,3.39113333333333e-05,0.0002429466666666
0.001599205,0.00588043,0.0007112216666666,0.0005806243333333,0.0018680896666666,0.000193491,0.0010604166666666,0.003160275,1.21303333333333e-05,0.0014621506666666,0.0011983436666666
0.000112411,0.00232047,0.0012429606666666,0.000557834,0.0017810636666666,0.001434402,0.000547589,0.0001491483333333,0.0001985773333333,0.000267086,0.0010433506666666
0.0015795176666666,0.0083753573333333,0.0017896103333333,0.0011070486666666,0.0031363773333333,0.00058591,0.0015744236666666,0.002535016,0.0009419326666666,0.0031939263333333,0.0035684336666666
0.0018543463333333,0.0016721463333333,0.002663961,0.0005567046666666,0.002172505,0.0013952086666666,0.0060263466666666,0.0072048896666666,0.0001165543333333,0.0022825506666666,0.0037861396666666
1.33403333333333e-05,2.76946666666667e-05,4.65233333333333e-05,3.33333333333333e-06,2.5354e-05,3.33333333333333e-06,0.003110471,2.08823333333333e-05,0.000539701,0.003276146,2.41883333333333e-05
0.0007498716666666,0.001817357,0.000941954,0.000180723,0.0009807736666666,0.0003089523333333,0.0056421183333333,0.0011916406666666,0.0003364026666666,0.000491803,0.000742014
0.014698624,0.0077594083333333,0.0067573986666666,0.0013131636666666,0.0051177883333333,0.001255125,0.0057490176666666,0.0144275256666667,0.0002877716666666,0.0033875056666666,0.0272173033333333
