0.0034576023333333,0.0063667006666666,2.4938e-05,0.0115852443333333,0.0061621946666666,0.0007136173333333,1.7437e-05,0.003379988,1.40933333333333e-05,0.000119958,0.0103664316666667
0.009054581,0.0162161376666667,0.003548777,0.636600066666667,0.01233897,0.0026684536666666,8.3811e-05,0.007155867,1.092e-05,0.000122096,0.0077972333333333
0.0014593843333333,0.0064482906666666,0.0014320843333333,0.0057022926666666,0.0047214363333333,0.002904427,7.20166666666667e-06,0.0030875336666666,0.0010374926666666,0.0001331436666666,0.005440331
0.0062519986666666,0.0002912753333333,3.33333333333333e-06,0.0210606346666667,3.33333333333333e-06,0.0,0.0,0.001201714,1e-05,1.66666666666667e-05,0.0131931143333333
0.0032326146666666,0.0175827403333333,0.0024115263333333,0.0142734896666667,0.0072838743333333,0.00256789,5.3641e-05,0.0114546256666667,3.95883333333333e-05,0.000361568,0.0069301803333333
0.000840542,0.0043606473333333,0.0014027976666666,0.0025867526666666,0.001509351,0.0009856966666666,5.9619e-05,0.0014867306666666,3.33333333333333e-06,4.2572e-05,0.00230819
0.004239949,0.0022125713333333,0.0047312783333333,0.0271633313333333,8.5107e-05,1.61033333333333e-05,0.0020513436666666,0.0132010876666667,0.0035412423333333,0.0048154373333333,0.0111961756666667
0.007392761,0.0110542726666667,0.0064657153333333,0.0246511043333333,0.014781851,0.0047118413333333,3.50196666666667e-05,0.0329540316666667,6.66666666666667e-06,0.001218977,0.0214009526666667
0.0003027603333333,1.60743333333333e-05,0.0005328926666666,0.0023043923333333,0.0,0.0003344766666666,0.005497096,0.0007449526666666,0.0021031126666666,0.006419872,0.00055486
0.0019268893333333,0.000310017,0.001055938,0.0065256966666666,1.1781e-05,0.0007492653333333,0.004656215,0.0021791006666666,0.0008228386666666,0.0001584433333333,0.003425105
0.0182915826666667,0.0144431076666667,0.0001633366666666,0.03597894,0.0130633933333333,0.005329459,4.51466666666667e-05,0.021678935,3.86553333333333e-05,0.00163118,0.023889706
