0.003939194,0.0059851453333333,0.0,0.0076730116666666,0.004547285,0.0008050916666666,1.66666666666667e-06,0.003002189,5e-06,0.0001183853333333,0.0091337236666666
0.0043200383333333,0.0144779166666667,0.0041829426666666,0.018960969,0.0081121363333333,0.0026618006666666,3.33333333333333e-06,0.0064189236666666,9.41333333333333e-06,0.0002903633333333,0.0067524586666666
0.0009421603333333,0.0086589606666666,0.0020189713333333,0.0054180596666666,0.0037685613333333,0.0030527423333333,0.000145965,0.0029300343333333,0.001694543,5.6483e-05,0.005987245
0.0040704456666666,0.00012551,3.33333333333333e-06,0.0175985316666667,4.89333333333333e-06,0.0,0.0,0.001063499,0.0,5.36326666666667e-05,0.0132190753333333
0.003776991,0.0193240736666667,0.0014482066666666,0.020927913,0.0042806246666666,0.0033881403333333,6.66666666666667e-06,0.0094961076666666,2.96726666666667e-05,0.000233733,0.0059086953333333
0.0008494293333333,0.0038965153333333,0.0011372576666666,0.0030440266666666,0.0020989943333333,0.0018458,3.33333333333333e-06,0.001740263,0.0,1e-05,0.0019271873333333
0.0032788206666666,0.0015288406666666,0.0042417926666666,0.0231497163333333,7.2313e-05,2.54626666666667e-05,0.0028893076666666,0.0116481006666667,0.0014851693333333,0.003862952,0.012201388
0.005833879,0.0163861023333333,0.0060425666666666,0.023336397,0.0076969263333333,0.0029684686666666,3.67346666666667e-05,0.0271516653333333,9.0336e-05,0.0005373573333333,0.0167208833333333
7.92463333333333e-05,1.18873333333333e-05,0.0007598333333333,0.0015451063333333,0.0,0.0001616646666666,0.0046016503333333,0.0005863616666666,0.0011554373333333,0.0064047446666666,0.0002214133333333
0.002325314,0.000427071,0.0010263533333333,0.0049127506666666,1.514e-05,0.0005702796666666,0.0035960706666666,0.0021828396666666,0.0007122963333333,0.0020923616666666,0.001874277
0.0126540696666667,0.0184298566666667,3.33333333333333e-06,0.0320516056666667,0.004062604,0.002824245,1.78466666666667e-05,0.021816752,3.33333333333333e-06,0.000785308,0.0292333646666667
