0.00324332,0.0001984583333333,0.0007390623333333,5.0275e-05,0.0028309033333333,7.9323e-05,0.0013819076666666,0.0002947733333333,5.288e-06,0.000522345,0.0019523353333333
0.000490039,0.004041871,0.0003949063333333,0.0010052996666666,0.0029371333333333,0.0003885766666666,0.0036378716666666,0.00104008,2.04053333333333e-05,0.000382762,0.001696354
0.000404916,0.006588044,0.000847845,0.0021816556666666,0.0023359923333333,0.0030304033333333,0.0010149043333333,0.0010466983333333,0.0009497856666666,0.001218825,0.0043917853333333
0.000232726,0.000620818,0.000131204,0.0016811206666666,7.4301e-05,0.0001084446666666,0.0007790763333333,0.0003028356666666,0.0,0.0002450833333333,0.00024428
0.0008573673333333,0.0024654053333333,0.001407514,0.0027303046666666,0.0005165636666666,0.0002771666666666,0.0013977446666666,0.0010037123333333,1.4383e-05,0.0019115366666666,0.0006948796666666
0.0001547233333333,0.0011440236666666,0.0009404826666666,0.0004256776666666,0.0014010476666666,0.0016139053333333,0.0002570263333333,0.0001263,0.0002477706666666,0.0003258493333333,0.001336064
0.00095036,0.0068021876666666,0.0010920733333333,0.000268772,0.000485701,0.00110616,0.0018391656666666,0.0036029436666666,0.0017855176666666,0.0034763086666666,0.0012158993333333
0.0026286243333333,0.0024752423333333,0.0029892576666666,0.000509366,0.001483998,0.0004204956666666,0.0086752323333333,0.006910071,4.806e-05,0.001528063,0.003885831
3.33333333333333e-06,0.0,0.000132984,4.928e-06,3.79413333333333e-05,0.0,0.0036904673333333,3.13906666666667e-05,0.0005831736666666,0.0036660203333333,3.33333333333333e-06
0.0008504113333333,0.0039643176666666,0.000267479,0.0003100273333333,0.0010006356666666,0.0002834653333333,0.0020049483333333,0.0014219363333333,0.000836048,0.000813829,0.0003780696666666
0.0121183873333333,0.00589884,0.0064585143333333,0.0016533326666666,0.0046335086666666,0.0016797316666666,0.0054351193333333,0.0145276763333333,0.0004536146666666,0.0032897206666666,0.0211394973333333
