0.002746833,0.002580202,0.000378157,6.42923333333333e-05,0.0015720453333333,0.0001496686666666,0.0024880155,0.001774552,1.34818333333333e-05,0.000364536,0.0038035586666666
0.001796157,0.0098527903333333,0.0013107416666666,0.000786974,0.0025977136666666,0.001493943,0.0062878213333333,0.001997268,4.55416666666667e-05,0.0009584383333333,0.00230147
0.0020642703333333,0.0043216943333333,0.0015339933333333,0.0036034066666666,0.0033640626666666,0.003511099,0.0035454813333333,0.0023808986666666,0.0019449533333333,0.002033158,0.0045332036666666
0.0007845166666666,0.0006934973333333,0.0002834486666666,0.0015111453333333,0.000423709,0.000191668,0.0010512996666666,0.000283307,0.0,0.000160085,0.0005133336666666
0.003961305,0.006230993,0.002241478,0.0002736026666666,0.0046058856666666,0.0002995286666666,0.0028635533333333,0.003372687,0.0005772836666666,0.000518852,0.0014062516666666
0.000292062,0.0011394876666666,0.0017269673333333,0.0004774513333333,0.001400242,0.0014020393333333,0.0007957153333333,0.0004075423333333,0.0002919626666666,0.0004749216666666,0.000988593
0.0037912216666666,0.011298403,0.001596828,0.0009211563333333,0.0027834583333333,0.0005155066666666,0.003016122,0.0038929856666666,0.002319019,0.002962845,0.003089744
0.002658094,0.0014418483333333,0.0038057376666666,0.0014250316666666,0.0022966416666666,0.0008862136666666,0.0092126103333333,0.0091630776666666,0.0001855543333333,0.0024735316666666,0.0058809656666666
6.6676e-05,1e-05,0.000721517,3.824e-06,3.95096666666667e-05,1e-05,0.0046043836666666,4.57946666666667e-05,0.001004707,0.0038185926666666,3.33333333333333e-06
0.0008439373333333,0.0010790563333333,0.0002165873333333,0.0002320876666666,0.0008564656666666,0.0004190553333333,0.0025093546666666,0.0014371476666666,0.0004038893333333,0.003387771,0.0100481846666667
0.0100322586666667,0.0119917706666667,0.0079288376666666,0.0032410266666666,0.0054221223333333,0.0031133063333333,0.0091837516666666,0.0151122656666667,0.00021713,0.0043819886666666,0.023448806
