0.0054780343333333,0.0033082113333333,0.0008373933333333,0.0007890053333333,0.0024038443333333,0.0006231163333333,0.0027102971666666,0.0009659613333333,0.0001804361666666,0.00057712,0.0071069136666666
0.0038733396666666,0.0131399056666667,0.0028676466666666,0.0011085913333333,0.0050923603333333,0.0019716466666666,0.007926667,0.0010954533333333,0.0001378563333333,0.0016963523333333,0.0044453426666666
0.0035677953333333,0.0056420346666666,0.001821127,0.0046993466666666,0.0038921166666666,0.0019922363333333,0.0020198546666666,0.00170278,0.0015730666666666,0.002345864,0.0042907176666666
0.0012677133333333,0.0030975876666666,0.0002881936666666,0.0011771016666666,0.0003662423333333,0.0002833056666666,0.0008148816666666,0.0010173796666666,8.7261e-05,0.0005441443333333,0.0004342756666666
0.002082774,0.0088879366666666,0.0020004066666666,0.0013947306666666,0.006764903,0.0010399516666666,0.0071963213333333,0.0031805756666666,0.0002688213333333,0.0020115806666666,0.003663502
0.002754472,0.0046811283333333,0.0014998316666666,0.002358174,0.0021564863333333,0.0010568486666666,0.001526058,0.0013424256666666,7.96286666666667e-05,0.0002930846666666,0.0012602276666666
0.0047431143333333,0.0121456526666667,0.0035028106666666,0.0021303646666666,0.0077030846666666,0.0014150533333333,0.0018873556666666,0.010478946,0.002003525,0.005882073,0.017182569
0.0079363463333333,0.0066233926666666,0.0165214206666667,0.002212677,0.0050278696666666,0.003864469,0.012708746,0.014009638,0.000883328,0.0031578573333333,0.0118368303333333
1.1516e-05,0.0003545166666666,0.0007056143333333,0.0001876536666666,0.0001686583333333,6.66666666666667e-06,0.005735751,0.0001390473333333,0.001188373,0.0048509203333333,1.33333333333333e-05
0.00222314,0.0024194566666666,0.000774085,0.0009347933333333,0.0017253956666666,0.001003543,0.0048490873333333,0.0013389316666666,0.001380132,0.000892128,0.002223446
0.0132712613333333,0.01144701,0.0094107993333333,0.0040766253333333,0.0114383963333333,0.0054200556666666,0.016151928,0.0197000196666667,0.0007294643333333,0.005377533,0.0419466166666667
