0.0041008243333333,0.0030952426666666,0.0,0.007149075,0.0051838236666666,0.0025681846666666,5e-06,0.001587389,3.33333333333333e-06,6.90183333333333e-05,0.0064044956666666
0.0036702383333333,0.0119222643333333,0.002711952,0.0164994243333333,0.0096470313333333,0.0029719286666666,3.44306666666667e-05,0.005096407,9.6342e-05,0.000254292,0.005144895
0.0009381473333333,0.0068128683333333,0.0015732976666666,0.0056275803333333,0.0041734786666666,0.002281549,0.000289248,0.0026945813333333,0.0011350443333333,0.0001748553333333,0.005060806
0.0049870013333333,0.000127541,0.0,0.0175808803333333,3.33333333333333e-06,6.66666666666667e-06,0.0,0.0016551563333333,6.66666666666667e-06,3.7984e-05,0.0141157983333333
0.0027464803333333,0.013091687,0.001402715,0.012409167,0.005263146,0.002705777,8.66666666666667e-06,0.0096988783333333,3.14756666666667e-05,0.0001661806666666,0.0033609753333333
0.000833029,0.0037602456666666,0.000869909,0.0018709283333333,0.0019807326666666,0.001156831,0.0,0.0034981473333333,0.0,4.31263333333333e-05,0.0023846943333333
0.0039749813333333,0.002102833,0.0038836783333333,0.0225689473333333,3.08683333333333e-05,7.34703333333333e-05,0.00252333,0.0093159023333333,0.0014409523333333,0.003626911,0.012375117
0.0069634286666666,0.0146120923333333,0.0048222073333333,0.023031354,0.0094401556666666,0.0025188206666666,4.6836e-05,0.0278782443333333,6.66666666666667e-06,0.0005807596666666,0.014162352
6.6078e-05,2.36573333333333e-05,0.000554644,0.0013458963333333,3.33333333333333e-06,8.79036666666667e-05,0.0047209443333333,0.0004685936666666,0.0034616683333333,0.005816106,0.000305194
0.0013413803333333,0.000698363,0.000877803,0.004476188,0.0,0.0005250283333333,0.0039931993333333,0.0025307726666666,0.0008263706666666,0.0005689893333333,0.001779881
0.0185083796666667,0.0110402923333333,0.0,0.0327296466666667,0.009152926,0.004860204,6.66666666666667e-06,0.0204102623333333,2.4721e-05,0.000621933,0.0248646966666667
