0.0058284593333333,0.002736095,0.000384769,0.005961799,0.003639932,0.0007541413333333,0.002716673,0.0012572136666666,0.0001899353333333,0.0043114483333333,0.0083935913333333
0.0035221696666666,0.0097586336666666,0.0014372773333333,0.0012984526666666,0.004181275,0.001334154,0.0129035663333333,0.0022180533333333,0.000428921,0.005693653,0.0035994343333333
0.0025475056666666,0.006355838,0.0015934643333333,0.0028984626666666,0.001889578,0.0029873436666666,0.002564285,0.0011521266666666,0.002667918,0.004771978,0.0036722053333333
0.0014856546666666,0.0032878746666666,0.000229857,0.0017010803333333,0.0006132166666666,0.0011345316666666,0.0004924683333333,0.0002694633333333,9.15733333333333e-05,0.002701996,0.0011025023333333
0.0030282576666666,0.0096002743333333,0.001298212,0.000844804,0.0066942563333333,0.001390987,0.001457577,0.0018276506666666,0.000304906,0.005414522,0.0038095986666666
0.000686021,0.0057896333333333,0.0014513403333333,0.0006913513333333,0.004931971,0.0010966253333333,0.0007419063333333,0.0012877206666666,0.000326742,0.0024297016666666,0.0026892076666666
0.0023048086666666,0.0156542416666667,0.0015614156666666,0.002725499,0.0022851656666666,0.0026032513333333,0.00173296,0.0049012893333333,0.0023184966666666,0.0119189556666667,0.006602505
0.0061238526666666,0.0049681896666666,0.0021065216666666,0.0017175573333333,0.0038420483333333,0.0063237483333333,0.007833871,0.027810206,0.0004381753333333,0.003335086,0.0140676956666667
6.66666666666667e-06,1.60316666666667e-05,0.0012992796666666,1.33333333333333e-05,0.000105171,2.37046666666667e-05,0.0009909536666666,0.0003285523333333,0.0008776483333333,0.0030178616666666,0.0004874953333333
0.0071783226666666,0.013822394,0.0044270696666666,0.0041665976666666,0.0113713826666667,0.007289897,0.0026235573333333,0.0037791456666666,0.0017170033333333,0.0048774716666666,0.0113706723333333
0.0164707303333333,0.0142803973333333,0.0099513183333333,0.002957872,0.007937517,0.005352288,0.0083304506666666,0.0260511883333333,0.000744476,0.008422425,0.04052084
