0.0027923046666666,0.0017126163333333,0.0006409823333333,0.001374417,0.002152653,0.0002664463333333,0.0020803756666666,0.0004590676666666,5.42283333333333e-05,0.000636483,0.0026900893333333
0.001515529,0.0175942473333333,0.0023166326666666,0.001207876,0.002597909,0.0014200046666666,0.004887476,0.0018503023333333,0.000246891,0.001159691,0.0069316903333333
0.0031868603333333,0.009026226,0.0014190046666666,0.003490025,0.00522711,0.0046228153333333,0.0047657066666666,0.0011223143333333,0.0024073406666666,0.0033933266666666,0.0047522476666666
0.0008145063333333,0.001169485,0.0002566643333333,0.00536012,0.000615728,0.000821436,0.000587371,0.0003205766666666,0.0002786773333333,0.0012686913333333,0.0006753996666666
0.0011706076666666,0.0080454983333333,0.001190267,0.0008391016666666,0.008277824,0.0015317883333333,0.0025890126666666,0.0028459086666666,0.0012258006666666,0.001935374,0.00522849
0.000303986,0.0025128063333333,0.003305244,0.000754116,0.0018834706666666,0.0015550513333333,0.0012361436666666,0.0003458273333333,0.0003372183333333,0.0006156356666666,0.001266418
0.00564845,0.0156281523333333,0.0012683573333333,0.0012825056666666,0.0034825556666666,0.000604332,0.001109347,0.004597912,0.0030813833333333,0.00287911,0.013044999
0.0027158,0.0039912733333333,0.0046634783333333,0.000930223,0.0043289466666666,0.001388126,0.0090383583333333,0.0219183303333333,0.0012326383333333,0.002353135,0.0169079233333333
3.33333333333333e-06,6.85e-05,0.000457397,3.36416666666667e-05,3.66126666666667e-05,6.66666666666667e-06,0.0041633253333333,1.09196666666667e-05,0.0012838193333333,0.0047570106666666,1.85123333333333e-05
0.0015296406666666,0.0037146096666666,0.0023435523333333,0.000625643,0.0010939246666666,0.00122811,0.0025019856666666,0.0031164243333333,0.0013788983333333,0.0009802283333333,0.001366308
0.0241754753333333,0.0205592406666667,0.0076324446666666,0.005011735,0.008778404,0.0056063643333333,0.0068952,0.023604205,0.0006646596666666,0.0048107196666666,0.0519392766666667
