0.0033079286666666,0.0039301583333333,6.66666666666667e-06,0.005719222,0.0037749313333333,0.0003689703333333,0.0,0.001670627,7.18266666666667e-06,5.01486666666667e-05,0.007684859
0.004027802,0.0118916213333333,0.002910991,0.0146494293333333,0.0084791673333333,0.0023375616666666,1e-05,0.0059978356666666,1.35713333333333e-05,7.8892e-05,0.0047247606666666
0.000905996,0.0065420556666666,0.0036470183333333,0.006557007,0.006992217,0.0029175213333333,0.0,0.0023021336666666,0.0013585956666666,4.42626666666667e-05,0.0053103366666666
0.0043630046666666,0.000118537,0.0,0.018596257,3.33333333333333e-06,0.0,0.0,0.0012237703333333,0.0,1.33333333333333e-05,0.012729648
0.0018669723333333,0.015063882,0.0018848483333333,0.008953435,0.0065843266666666,0.0029250356666666,3.33333333333333e-06,0.0082509906666666,1.5289e-05,0.000446261,0.0059582806666666
0.0011022626666666,0.002386555,0.00186475,0.0018282546666666,0.002543446,0.0007706966666666,0.0,0.0017628676666666,3.33333333333333e-06,9.988e-06,0.0025314173333333
0.0038373523333333,0.0009948026666666,0.0040260986666666,0.016974647,5.19566666666667e-05,3.96943333333333e-05,0.0013399156666666,0.0089649176666666,0.0038584253333333,0.0033651436666666,0.012515028
0.0053745406666666,0.0083106353333333,0.0052280026666666,0.0227617883333333,0.0110161176666667,0.002632003,1.33333333333333e-05,0.030549831,0.0,0.000348132,0.0157712833333333
2.83383333333333e-05,0.0001516666666666,0.0035726963333333,0.0005302856666666,0.0,3.4395e-05,0.0043543986666666,0.0008140313333333,0.001572464,0.006387255,7.99333333333333e-05
0.0011068446666666,0.0002986613333333,0.0019414403333333,0.005290629,1.06706666666667e-05,0.0007492376666666,0.0056668303333333,0.0023797443333333,0.0011616613333333,0.0004504136666666,0.0015049376666666
0.0149071866666667,0.0121604596666667,1.712e-05,0.0380543033333333,0.0103858133333333,0.005613468,6.66666666666667e-06,0.02570361,4.06606666666667e-05,0.0006206606666666,0.0257353003333333
