0.006093864,0.0010542346666666,0.000362856,0.0004337303333333,0.0016778943333333,0.0004457873333333,0.0016685773333333,0.000337729,5.25966666666667e-06,0.0004059473333333,0.0023015953333333
0.0026334726666666,0.0064215553333333,0.001602132,0.0019133893333333,0.0050070976666666,0.0010632793333333,0.0077771796666666,0.001197292,0.0001111126666666,0.00065049,0.0014159823333333
0.0007316536666666,0.0050782423333333,0.001458023,0.0018545923333333,0.0031220103333333,0.002380921,0.000747775,0.002194094,0.000758765,0.0016919413333333,0.003709698
0.0018552993333333,0.0009485996666666,0.0001331206666666,0.000888695,0.0001876336666666,0.0001891293333333,0.0019576856666666,0.000316829,0.0,0.00019819,0.0002277046666666
0.0040691276666666,0.0055037166666666,0.00054373,0.000265435,0.0037729703333333,0.000368228,0.0061251416666666,0.002763287,9.79436666666667e-05,0.0008369696666666,0.0008209626666666
0.000271341,0.0020907003333333,0.0012091493333333,0.000603688,0.0012906133333333,0.0007431006666666,0.0007044276666666,0.0002282566666666,0.0001472566666666,0.000585578,0.00102884
0.0050035736666666,0.0108290886666667,0.001282057,0.004169555,0.0046379933333333,0.0007130416666666,0.0018456193333333,0.0055118606666666,0.0012695433333333,0.0039015093333333,0.010038811
0.0034548066666666,0.0041104913333333,0.0030490093333333,0.0021602406666666,0.0036815943333333,0.000798569,0.0104023816666667,0.0121524246666667,0.0002582876666666,0.0018097966666666,0.008286887
3.44443333333333e-05,5.29286666666667e-05,0.00063848,1.21733333333333e-05,0.001221504,0.0,0.0044211196666666,3.29543333333333e-05,0.0011391176666666,0.003166868,0.0
0.001597726,0.001278853,0.0005324743333333,0.000434222,0.0010702826666666,0.000290102,0.003601586,0.0008985963333333,0.0012768756666666,0.0006015173333333,0.000633046
0.0100388756666667,0.0079288483333333,0.0079892636666666,0.002446187,0.0060182603333333,0.002641146,0.0120069663333333,0.0106743453333333,0.0003450866666666,0.0021260043333333,0.0172361503333333
