0.0020055793333333,0.0015675,0.001143706,0.003683228,0.0010216943333333,9.26946666666667e-05,0.0019819078333333,0.0006563506666666,3.61755e-05,0.0004770206666666,0.0043664963333333
0.002568357,0.0123463383333333,0.0046818,0.0031015663333333,0.0063412356666666,0.0017498426666666,0.013012312,0.0020826743333333,0.0002926436666666,0.0010257813333333,0.0031727486666666
0.0007960796666666,0.0158836293333333,0.001523223,0.0025112223333333,0.003080892,0.0009938313333333,0.0036595766666666,0.0020258986666666,0.0023506746666666,0.0037766483333333,0.005445185
0.0012299406666666,0.005037675,0.0003635226666666,0.00097094,0.000607947,0.0005156193333333,0.00153213,0.000689759,1e-05,0.0003287773333333,0.000491457
0.001912528,0.0092662996666666,0.0018705336666666,0.0006302293333333,0.0014725553333333,0.0008060283333333,0.0040751226666666,0.0035083193333333,0.0001963006666666,0.001621972,0.004180352
0.0001651106666666,0.0034655466666666,0.0014159186666666,0.000381959,0.0022694033333333,0.000567383,0.001433843,0.0004104283333333,6.91023333333333e-05,0.000467262,0.002340133
0.0024738183333333,0.019081169,0.0027603643333333,0.002170046,0.0057287736666666,0.0015563176666666,0.0014225363333333,0.0113608053333333,0.0029963803333333,0.0045219133333333,0.0156277523333333
0.0057430076666666,0.0052812986666666,0.0054436053333333,0.00167973,0.0073851603333333,0.0016781893333333,0.014860812,0.0234913833333333,0.001543595,0.0039726456666666,0.0154173006666667
2.5143e-05,0.000259588,0.0008479666666666,0.001156412,5.8127e-05,0.000212846,0.0047705316666666,0.0080108813333333,0.0032793513333333,0.0050703423333333,0.0001498596666666
0.0023266193333333,0.0021202886666666,0.001185137,0.0009640606666666,0.0014897986666666,0.000510362,0.005254847,0.002030972,0.0006407786666666,0.0007879446666666,0.004328412
0.0101888386666667,0.0085277936666666,0.0054330076666666,0.002267183,0.0086125846666666,0.003480106,0.0181366153333333,0.0181433536666667,0.0008846,0.005529059,0.0329734153333333
