0.0034311443333333,0.003989438,0.000572269,0.0005899296666666,0.006552987,0.0005762543333333,0.0031297926666666,0.00148894,0.0001827723333333,0.000908509,0.009013355
0.003369704,0.022818835,0.0042273793333333,0.002339634,0.0091790736666666,0.0021944663333333,0.608443833333333,0.0038475916666666,0.0004768546666666,0.0020617303333333,0.0063948473333333
0.0013272366666666,0.0085520806666666,0.001321194,0.0027812616666666,0.0035202713333333,0.0022469866666666,0.0019987443333333,0.0021743996666666,0.001419922,0.001982179,0.0058357516666666
0.000710493,0.0042353493333333,0.00065065,0.001293241,0.0014388403333333,0.0005484716666666,0.001300679,0.0009118913333333,0.000241332,0.0003777853333333,0.0012930293333333
0.0046201213333333,0.0182108503333333,0.0017025166666666,0.0015661156666666,0.003435173,0.0024987026666666,0.0048920026666666,0.0079353466666666,0.0006201606666666,0.0025093286666666,0.0088411
0.0007304496666666,0.0043487306666666,0.0009820306666666,0.0005811723333333,0.0018703143333333,0.0010487426666666,0.0011697326666666,0.000922157,0.0001422946666666,0.000316766,0.002551193
0.0035449186666666,0.421400566666667,0.0013355086666666,0.0049750953333333,0.010233827,0.0033789763333333,0.0017470126666666,0.0109999483333333,0.002301099,0.0036554403333333,0.014388283
0.0063291676666666,0.013446591,0.0057811026666666,0.0030827243333333,0.0075880403333333,0.0027723856666666,0.0086028123333333,0.0328498193333333,0.0006607866666666,0.0046953553333333,0.0280441036666667
0.000137049,0.0002600716666666,0.0017019326666666,7.0795e-05,0.000211503,0.0002908673333333,0.0054314706666666,0.0003889013333333,0.001492085,0.0051286876666666,0.000269175
0.0017724856666666,0.0044533123333333,0.000662764,0.00095058,0.0033219116666666,0.000601605,0.0038132356666666,0.0015226223333333,0.0009553056666666,0.0004519153333333,0.0024652816666666
0.017205888,0.0171123003333333,0.0086160806666666,0.0038492476666666,0.0092929653333333,0.0044422756666666,0.014642273,0.0292954193333333,0.0006006343333333,0.0060428443333333,0.05192537
