0.0019191226666666,0.000299104,0.0003587886666666,0.0023723616666666,0.0013463993333333,0.0008768123333333,0.0023073108333333,0.000642892,3.40011666666667e-05,0.0005230706666666,0.0068509266666666
0.000642653,0.0132105106666667,0.0028070363333333,0.0009505636666666,0.0028142993333333,0.0005622226666666,0.005231442,0.000667532,4.07613333333333e-05,0.0021718283333333,0.001250569
0.0001726273333333,0.006033783,0.0010571506666666,0.0014081716666666,0.0033757946666666,0.00109457,0.0004211666666666,0.001165939,0.0007090446666666,0.001645349,0.003886267
0.00115485,0.002041673,9.7633e-05,0.0002308283333333,0.0004240033333333,0.0001325413333333,0.0002907116666666,0.0005322683333333,3.33333333333333e-06,0.0003283793333333,0.0002407123333333
0.001548692,0.0080215973333333,0.000786185,0.000206691,0.0016812386666666,0.0004761486666666,0.0027168833333333,0.0019930283333333,4.48036666666667e-05,0.001204872,0.0018080976666666
0.000154877,0.0022162993333333,0.001908484,0.000403155,0.000952711,0.0005360986666666,0.0004696553333333,0.000275494,0.0002376343333333,0.000496095,0.0007156413333333
0.0014017423333333,0.05402794,0.0006117923333333,0.0021144603333333,0.0014871223333333,0.0005481116666666,0.0015931556666666,0.0046696746666666,0.00099116,0.0026656876666666,0.011582779
0.0026985896666666,0.0017467626666666,0.0028772913333333,0.0005601193333333,0.003701112,0.0005297783333333,0.0049733403333333,0.0093528333333333,0.000464534,0.0031263053333333,0.0051070473333333
1.45466666666667e-05,4.23336666666667e-05,0.000204692,8.248e-06,3.35646666666667e-05,0.0,0.004071495,1.67026666666667e-05,0.0007331936666666,0.0035396966666666,6.66666666666667e-06
0.000841747,0.003029848,0.0001293493333333,0.0001023833333333,0.0002837543333333,0.0007838743333333,0.0029433523333333,0.001536834,0.000170591,0.0001041,0.000456725
0.0096113463333333,0.0041452153333333,0.005030871,0.003468357,0.006289263,0.0005888906666666,0.0168827053333333,0.016533448,0.000117407,0.004445952,0.03349448
