0.0032866806666666,0.003046536,0.0011101676666666,0.0016664223333333,0.0019111166666666,0.000378022,0.0020825318333333,0.001288415,6.89325e-05,0.000640391,0.0055710666666666
0.0034265263333333,0.009682946,0.0045298146666666,0.002037666,0.0040071083333333,0.002661172,0.007865479,0.0009694196666666,0.0004651976666666,0.0008721193333333,0.0045568003333333
0.002882363,0.007611165,0.001805597,0.0028825463333333,0.0053561146666666,0.003151469,0.00317713,0.001496131,0.0031220856666666,0.00280052,0.005279074
0.0008299933333333,0.0022092783333333,0.000209904,0.0019466393333333,0.002189468,0.000388905,0.0018378096666666,0.0004152533333333,4.01406666666667e-05,0.0002442213333333,0.0009888493333333
0.0022437576666666,0.012207575,0.00234668,0.0008239893333333,0.0029882163333333,0.002232565,0.002797331,0.0056680956666666,0.0005386186666666,0.0015786366666666,0.006171639
0.0004645016666666,0.0024395213333333,0.0015375676666666,0.001145246,0.0024282063333333,0.000741214,0.000704225,0.0006051646666666,0.0003316486666666,0.000639291,0.0029588536666666
0.0034867243333333,0.0118676576666667,0.0044188256666666,0.0041480983333333,0.0038522153333333,0.0012130586666666,0.0088852576666666,0.0055238593333333,0.00296737,0.004576745,0.0066917796666666
0.0051961843333333,0.0046730353333333,0.0042266093333333,0.0013065036666666,0.0042680823333333,0.0023969913333333,0.007085804,0.0180311366666667,0.001287216,0.002855714,0.0145333663333333
3.71093333333333e-05,3.82086666666667e-05,0.003881155,4.85876666666667e-05,9.48503333333333e-05,2.59196666666667e-05,0.005833956,4.19133333333333e-05,0.0007156296666666,0.0031637266666666,2.38866666666667e-05
0.0015859386666666,0.002591519,0.0016896996666666,0.0007199486666666,0.0018592726666666,0.0006795633333333,0.002786205,0.0022242036666666,0.000913316,0.000561355,0.0021770313333333
0.0210162563333333,0.0122248036666667,0.0146138983333333,0.0046408843333333,0.0066110303333333,0.0028005036666666,0.0086671203333333,0.0149981176666667,0.00089688,0.0053506646666666,0.0377715233333333
