0.0052806266666666,0.004421251,0.0008464376666666,0.0004934973333333,0.0033688243333333,0.0005991303333333,0.0022251405,0.001010622,7.30138333333333e-05,0.00105498,0.005232113
0.0021163116666666,0.0119135946666667,0.001944702,0.0029590073333333,0.0083546666666666,0.0042347333333333,0.030566995,0.0030047786666666,0.0003823333333333,0.001998181,0.0049402653333333
0.000886438,0.006949788,0.0002520783333333,0.0021952193333333,0.0037251446666666,0.000858233,0.0030033413333333,0.002567288,0.0009972913333333,0.0008799736666666,0.0048283826666666
0.001890693,0.0026528696666666,0.000290463,0.000976052,0.000756795,0.000678566,0.002178558,0.000723189,0.0,0.000292657,0.0006611343333333
0.002268812,0.0134564866666667,0.0030997216666666,0.0010214033333333,0.003166842,0.000904844,0.0065236806666666,0.0057840376666666,0.0008203523333333,0.0010186406666666,0.0059932613333333
0.0005536186666666,0.0036615426666666,0.0015546216666666,0.0007245786666666,0.0018704226666666,0.0009839013333333,0.000973468,0.0009553896666666,0.0002240393333333,0.0006161646666666,0.0019700963333333
0.0019330786666666,0.014293596,0.002581253,0.003465355,0.0070959833333333,0.0020621763333333,0.0024038493333333,0.011585725,0.0022171633333333,0.0048091456666666,0.0167843983333333
0.0032241673333333,0.007541313,0.0034781066666666,0.001929255,0.0089305826666666,0.0022691623333333,0.0146517533333333,0.028626525,0.000920889,0.0046113536666666,0.025204942
2.33126666666667e-05,0.0002013903333333,0.0010490606666666,8.06493333333333e-05,0.0001507146666666,1.33333333333333e-05,0.006431278,0.0005296893333333,0.0017243326666666,0.0074488583333333,0.0005788516666666
0.0011198383333333,0.0032110513333333,0.0009492416666666,0.000627125,0.0010779916666666,0.0004882456666666,0.003243196,0.0012747363333333,0.0004613933333333,0.000168965,0.0011526206666666
0.0083224926666666,0.013151457,0.008240701,0.0044229356666666,0.0094757376666666,0.0031481426666666,0.0189339573333333,0.0271017506666667,0.0005833933333333,0.0056889236666666,0.0260690476666667
