0.003880062,0.0014088913333333,0.0004556803333333,0.0008683813333333,0.0009138476666666,4.0727e-05,0.0025321901666666,0.0010592286666666,7.70561666666667e-05,0.0005677476666666,0.0052542316666666
0.0016423186666666,0.0133902916666667,0.0018549856666666,0.000880663,0.0034950283333333,0.0002952123333333,0.0075638376666666,0.0013813963333333,3.3864e-05,0.00153114,0.0019780646666666
0.000707815,0.0101153886666667,0.000756108,0.0016418966666666,0.0026900303333333,0.0024909016666666,0.0006171153333333,0.0022832373333333,0.001197396,0.0007542443333333,0.0051424133333333
0.0003736606666666,0.0016227043333333,0.000165106,0.0007329466666666,0.000239196,5.23063333333333e-05,0.0018163386666666,0.0011898466666666,0.0,0.000795991,0.0003535056666666
0.001764563,0.005108032,0.0004098546666666,7.57573333333333e-05,0.0007349056666666,0.000239053,0.0080722013333333,0.0016722983333333,7.16713333333333e-05,0.00171474,0.0007931383333333
0.0001544613333333,0.0018968663333333,0.0013942133333333,0.0004964243333333,0.0008982016666666,0.000934626,0.001361359,0.000223472,3.47866666666667e-06,0.000145823,0.0009139526666666
0.0019812846666666,0.0164315966666667,0.0009340253333333,0.0007925223333333,0.0027354396666666,0.0011498916666666,0.0028546433333333,0.0081334636666666,0.0008073886666666,0.005022484,0.010072193
0.00204731,0.0033658333333333,0.0029324846666666,0.0006212723333333,0.002645015,0.001015757,0.0122723963333333,0.012597584,0.00030379,0.0032234163333333,0.012458751
1e-05,6.26076666666667e-05,0.0001987246666666,4.008e-06,0.000558063,0.0,0.004014274,2.07186666666667e-05,0.002347418,0.002844623,1.33333333333333e-05
0.0012758793333333,0.0035021156666666,0.0003025216666666,0.0002658353333333,0.0008466,0.000528933,0.003244488,0.001835987,0.0004008496666666,0.0005634573333333,0.0012356963333333
0.0104535333333333,0.007563829,0.0073593456666666,0.0009583003333333,0.0045038203333333,0.0042535773333333,0.0181458806666667,0.014147314,0.0001021363333333,0.007273649,0.0218387853333333
