0.0018314706666666,0.001728693,0.000809005,0.0003994983333333,0.001368914,0.0005614626666666,0.001503335,0.000876166,0.0003186403333333,0.0008232933333333,0.005642038
0.000882867,0.0074672553333333,0.001037067,0.001254771,0.0033895923333333,0.0012189153333333,0.0045827666666666,0.000962668,0.0004396473333333,0.0012317986666666,0.0013766203333333
0.0006874733333333,0.0083596346666666,0.0028048463333333,0.002540088,0.0038841496666666,0.002163729,0.0007157063333333,0.002641369,0.0015162816666666,0.001400141,0.0066714273333333
0.0005451786666666,0.0049959213333333,0.0003219846666666,0.0009637616666666,0.000965458,0.0007501173333333,0.0010758383333333,0.000767934,0.0002340353333333,0.000405464,0.0005152946666666
0.0008623673333333,0.013992209,0.001400097,0.000658286,0.0022429753333333,0.001631416,0.0031617283333333,0.0042171386666666,0.0003703,0.001746325,0.0018898556666666
0.0007910363333333,0.0040522536666666,0.0013892313333333,0.000604187,0.002399225,0.0017644843333333,0.0010227056666666,0.001204927,0.000280404,0.000752604,0.0010320626666666
0.000977252,0.013076951,0.0014091036666666,0.001059574,0.0026513983333333,0.0012216523333333,0.0016297853333333,0.0048873026666666,0.0011045203333333,0.0040188076666666,0.006163166
0.0021280553333333,0.0143023683333333,0.0045263246666666,0.0022828373333333,0.0043296463333333,0.002277622,0.0093273666666666,0.0182417993333333,0.0010562023333333,0.004426395,0.006238126
1.60123333333333e-05,0.0004010306666666,0.0003800163333333,7.6786e-05,0.0002962496666666,0.0001341676666666,0.00482547,0.000199845,0.0017115283333333,0.009673925,4.099e-05
0.0007267303333333,0.0068558553333333,0.000824928,0.0004564593333333,0.001839254,0.0011959466666666,0.004384163,0.0021885996666666,0.0025286856666666,0.0004332786666666,0.0010641516666666
0.0164623963333333,0.008908884,0.0050286063333333,0.001854608,0.0044553936666666,0.0040390746666666,0.0104957996666667,0.016562579,0.0002205483333333,0.0037462513333333,0.0315514066666667
