0.0038438263333333,0.0012783136666666,0.001639583,0.0008863853333333,0.0026011876666666,0.000326353,0.0016679996666666,0.0027202586666666,9.87303333333333e-05,0.0010124143333333,0.0085323033333333
0.003264335,0.0143726443333333,0.0017096383333333,0.000865939,0.0105747543333333,0.0009211006666666,0.006635393,0.001146666,5.21176666666667e-05,0.0008660736666666,0.0049071606666666
0.0006776203333333,0.0070650466666666,0.0022640673333333,0.002778741,0.0031138443333333,0.004424308,0.003242904,0.0017011986666666,0.002317774,0.0020119003333333,0.0044572936666666
0.001927108,0.0041231196666666,0.001013004,0.0006712293333333,0.000565355,0.000461112,0.0011233603333333,0.0006173456666666,2.80846666666667e-05,0.0001057853333333,0.000871971
0.004240129,0.013588291,0.002006095,0.0007819446666666,0.0046747036666666,0.000798634,0.0031838763333333,0.0052267746666666,0.0002356613333333,0.001028059,0.0044971133333333
0.0004724566666666,0.003142406,0.001287151,0.0013756626666666,0.002232962,0.001118551,0.000549364,0.0006244586666666,6.66666666666667e-06,0.0001427393333333,0.0017708553333333
0.0033771403333333,0.151544546666667,0.0053814453333333,0.0014237406666666,0.007564413,0.0015385506666666,0.0019183756666666,0.0087219163333333,0.0025828093333333,0.0050572516666666,0.0137253206666667
0.006523844,0.0085358946666666,0.0030552313333333,0.001684434,0.0078768273333333,0.0029979353333333,0.007896812,0.0223110156666667,0.000677236,0.0032600543333333,0.0114388323333333
6.78933333333333e-06,0.0002493903333333,0.000439927,3.48266666666667e-06,0.0001625376666666,8.7106e-05,0.0031622213333333,4.64833333333333e-05,0.001162184,0.0022793416666666,0.0001727663333333
0.0014590336666666,0.005656818,0.0004552813333333,0.0006184836666666,0.0021381916666666,0.0007757993333333,0.0094786563333333,0.0018343303333333,0.0007811373333333,0.000910745,0.0020747946666666
0.0168585076666667,0.0115542113333333,0.0060324363333333,0.0039527953333333,0.0124433926666667,0.0031480413333333,0.0150355213333333,0.0200727503333333,0.0010368616666666,0.004716564,0.0456691666666667
