0.0028722313333333,0.0026604496666666,0.0006545403333333,0.000816064,0.002326418,0.0009764256666666,0.0018302471666666,0.0014563906666666,0.0003681871666666,0.0010684253333333,0.014504732
0.003142969,0.0170773556666667,0.004016018,0.0023589826666666,0.0071844913333333,0.0036727836666666,0.0087318183333333,0.0038763106666666,0.0022023513333333,0.001672502,0.0053877736666666
0.0008561956666666,0.0091203313333333,0.0021175566666666,0.0031714406666666,0.00481059,0.002055652,0.0015749413333333,0.002499441,0.0013763436666666,0.0012403746666666,0.008054243
0.0004282153333333,0.0036886826666666,0.0006795296666666,0.002161371,0.0019042936666666,0.00039875,0.0125362943333333,0.0010437716666666,0.0003801806666666,0.0003011533333333,0.0005666173333333
0.002015189,0.012832676,0.0030044756666666,0.0011682846666666,0.005341234,0.0041848126666666,0.0033110336666666,0.0021686143333333,0.0012705976666666,0.0016872433333333,0.0029827773333333
0.0008417346666666,0.0050811433333333,0.0013346033333333,0.0008202043333333,0.0023735726666666,0.0021547616666666,0.0010789043333333,0.0012633143333333,0.0007274673333333,0.0008074886666666,0.0011465386666666
0.0039477746666666,0.0154099106666667,0.0025578796666666,0.00817683,0.0063261616666666,0.0015392326666666,0.0024531263333333,0.0072912573333333,0.0014705016666666,0.00372151,0.008284427
0.0051462873333333,0.0131602976666667,0.0043197733333333,0.003700641,0.0061435463333333,0.0031636856666666,0.0097956176666666,0.0205123496666667,0.0023415613333333,0.004514193,0.0144971816666667
0.000256479,0.000756054,0.0006695123333333,8.8417e-05,0.000373733,0.0001516733333333,0.004502311,0.000428651,0.0014694586666666,0.0066485596666666,0.0002244106666666
0.0010840346666666,0.008117383,0.0007627036666666,0.000593967,0.0031867393333333,0.0006640303333333,0.0043657163333333,0.002078476,0.001395361,0.0006511366666666,0.0022920546666666
0.015691967,0.01401231,0.0095091733333333,0.00477794,0.006063827,0.002544657,0.0128837643333333,0.0275829766666667,0.0010737933333333,0.0068761746666666,0.0298836026666667
