0.0062250293333333,0.0007402586666666,0.0003644286666666,0.0001639193333333,0.0019796933333333,0.0002746593333333,0.0040154913333333,0.0005741473333333,0.0009856558333333,0.0008344836666666,0.0030135293333333
0.0012399203333333,0.0096217153333333,0.000686008,0.0011202326666666,0.0017987243333333,0.002232766,0.0029687963333333,0.0010914456666666,0.0001587966666666,0.000869451,0.0016749786666666
0.000832115,0.0082064833333333,0.0002706886666666,0.0022846913333333,0.0029086873333333,0.0009661163333333,0.0021183726666666,0.001170197,0.0005305893333333,0.0027425956666666,0.0046657753333333
0.001201788,0.0013328103333333,0.0001806623333333,0.002171237,0.000165632,0.0001124543333333,0.0054643996666666,0.0004288166666666,3.33333333333333e-06,0.0001180843333333,0.0002244406666666
0.0010624116666666,0.0075107056666666,0.0021591446666666,8.6473e-05,0.002160203,0.0002124106666666,0.0024029746666666,0.0023233023333333,1.3418e-05,0.0011376926666666,0.0099476373333333
0.0002844586666666,0.0022601633333333,0.002158674,0.000513446,0.0010978233333333,0.000641158,0.001544988,0.000266104,0.000221854,0.0002731593333333,0.000709403
0.004247553,0.0507431166666667,0.0011917996666666,0.0006347533333333,0.0006462756666666,0.000199413,0.00115903,0.0034391193333333,0.002583566,0.003000828,0.0079619986666666
0.0024323263333333,0.0037904886666666,0.002717635,0.0004461653333333,0.0014765303333333,0.0002416913333333,0.0067285333333333,0.0083409726666666,0.000145586,0.001944029,0.006773379
0.0,3.33333333333333e-06,4.2203e-05,0.0,6.53953333333333e-05,0.0,0.003523252,1e-05,0.0011990756666666,0.0047581503333333,0.0
0.00091051,0.0032067076666666,0.0002137956666666,0.0002011066666666,0.000431599,0.0002122746666666,0.001839812,0.000884635,0.0009684873333333,0.000183736,0.0007733543333333
0.0096473346666666,0.0165270233333333,0.0036488406666666,0.001780561,0.0020231026666666,0.0009668373333333,0.0058347393333333,0.0156750563333333,0.0002037416666666,0.003757733,0.023025044
