0.00376539,0.00407218,0.0011812473333333,0.0011681123333333,0.0040188536666666,0.0012114993333333,0.0024436866666666,0.0023692646666666,0.0004158143333333,0.0011046233333333,0.0060667433333333
0.0020866363333333,0.0056630616666666,0.0016179776666666,0.0010763736666666,0.004763345,0.0012205736666666,0.0044695843333333,0.0012015463333333,0.0007246593333333,0.001586549,0.0027105833333333
0.0025948736666666,0.007636495,0.0019770663333333,0.001921505,0.0052032533333333,0.002597241,0.0020435096666666,0.002335212,0.001502512,0.002296929,0.0073683953333333
0.001504369,0.0051724526666666,0.000652614,0.002024274,0.001458279,0.0009055086666666,0.0127998873333333,0.0016927466666666,0.0003070836666666,0.0003679016666666,0.0029261806666666
0.0035399236666666,0.015161838,0.002979962,0.0020949343333333,0.0069023296666666,0.0020038103333333,0.0036108546666666,0.0052171556666666,0.000520029,0.001561085,0.0052022953333333
0.0004767173333333,0.003933459,0.0018698586666666,0.0006095906666666,0.0018110636666666,0.001190258,0.0012583443333333,0.0011242636666666,0.0003935513333333,0.0005769043333333,0.001627194
0.0026561836666666,0.0160859006666667,0.001080036,0.0071651043333333,0.0041619126666666,0.0012170966666666,0.0017836523333333,0.0072135373333333,0.00107285,0.0031818836666666,0.007232833
0.0060418623333333,0.0087133803333333,0.0054836966666666,0.004321134,0.008579808,0.003645987,0.0101837626666667,0.0218127126666667,0.0013175046666666,0.005312408,0.0188254176666667
8.61103333333333e-05,0.0007762583333333,0.0041909216666666,0.0001706116666666,0.0002343643333333,0.0001784636666666,0.0040246493333333,0.0002882113333333,0.0019485143333333,0.007649173,0.00027411
0.0020678953333333,0.0060928813333333,0.0009111013333333,0.0007450403333333,0.0014175216666666,0.0005373286666666,0.003642534,0.0020303503333333,0.0021184766666666,0.0006889526666666,0.0024048503333333
0.0138913273333333,0.017186396,0.0071775273333333,0.006107634,0.0093273803333333,0.0028827506666666,0.0130048443333333,0.0315768366666667,0.000679835,0.0069410136666666,0.032672299
