0.0030420246666666,0.001293419,0.0009107403333333,0.0046589453333333,0.0019212556666666,0.0004892876666666,0.0025027975,0.0006568823333333,9.81735e-05,0.0006952893333333,0.0061381526666666
0.0029979406666666,0.0144012676666667,0.001628334,0.002149534,0.009202707,0.001848008,0.0032839133333333,0.0017843846666666,0.0003624966666666,0.0019719783333333,0.0038429433333333
0.0013005123333333,0.0070195286666666,0.0015663276666666,0.0026273203333333,0.0035262786666666,0.0032095276666666,0.0012477153333333,0.0024860923333333,0.002027749,0.0028139306666666,0.005166089
0.0019452373333333,0.0031180633333333,0.000118736,0.0043184186666666,0.0002771726666666,0.0003278176666666,0.0005918756666666,0.0007739946666666,2.4171e-05,0.0005938096666666,0.000854739
0.001096548,0.0073436413333333,0.0011849113333333,0.0002229333333333,0.00682713,0.0009368963333333,0.002547465,0.0038930996666666,0.000610985,0.0013251603333333,0.003443143
0.0005031946666666,0.001793318,0.000595273,0.0005161576666666,0.002085324,0.002056506,0.000529942,0.0008714523333333,0.0003014373333333,0.0005486916666666,0.0014243256666666
0.0023115306666666,0.0124168616666667,0.0010931326666666,0.0010645796666666,0.0026225163333333,0.0004914153333333,0.001860007,0.0046293446666666,0.0028557066666666,0.0037565,0.010512621
0.0040666413333333,0.0048023593333333,0.0038572746666666,0.0029736746666666,0.0036760803333333,0.001180115,0.009387107,0.0154712476666667,0.0011001676666666,0.001804656,0.006783872
1.56713333333333e-05,1.05866666666667e-05,0.0009133026666666,1.73216666666667e-05,3.68876666666667e-05,1e-05,0.003896468,6.66666666666667e-06,0.00112287,0.0045589003333333,1.33333333333333e-05
0.001525223,0.0032532936666666,0.001727631,0.0006577216666666,0.001053094,0.0006352326666666,0.0036993793333333,0.001823945,0.0013331036666666,0.001178439,0.0022475113333333
0.0148467636666667,0.021716378,0.0068814546666666,0.004474343,0.0062343873333333,0.002652902,0.014362674,0.020106815,0.0005448096666666,0.0038833136666666,0.0274556073333333
