0.0038329653333333,0.0011606023333333,0.000525483,0.0009146666666666,0.0013865136666666,5.05143333333333e-05,0.001835742,0.0006244586666666,6.10466666666667e-06,0.0004480896666666,0.0029971063333333
0.0017063853333333,0.0072266683333333,0.0016367516666666,0.0003933703333333,0.0044911303333333,0.000401736,0.0082015263333333,0.0013470246666666,7.70713333333333e-05,0.0015000813333333,0.0015058683333333
0.0004673513333333,0.0047307836666666,0.0014762396666666,0.0018651506666666,0.0038752073333333,0.002314527,0.0024777143333333,0.002610041,0.0005248773333333,0.0019101593333333,0.0055239373333333
0.0007128746666666,0.000993827,0.000193609,0.000766334,0.0006274606666666,5.83816666666667e-05,0.001977728,0.0004244336666666,3.33333333333333e-06,0.0001360533333333,0.0012242653333333
0.0025722856666666,0.005716065,0.00146276,0.000281385,0.0006149056666666,0.000651104,0.0066970103333333,0.0018780236666666,0.000127865,0.002233048,0.0010378253333333
0.0007083906666666,0.0017032133333333,0.0017983856666666,0.0004833553333333,0.001146046,0.0009168093333333,0.000670883,0.000185595,0.0,0.00049751,0.0007422706666666
0.001018265,0.009809791,0.0032033563333333,0.001990063,0.004713672,0.0006454876666666,0.002079072,0.0071787923333333,0.0027973706666666,0.005325445,0.0100187803333333
0.0023898116666666,0.0054475663333333,0.003956532,0.0011761813333333,0.003706381,0.0007957056666666,0.0112330546666667,0.0101767443333333,0.0001729886666666,0.003565859,0.0076135093333333
3.33333333333333e-06,9.42653333333333e-05,0.0005325913333333,6.66666666666667e-06,0.000729119,3.33333333333333e-06,0.0056717836666666,1.76346666666667e-05,0.001363423,0.00457089,6.66666666666667e-06
0.0009377313333333,0.0019305706666666,0.0005234863333333,0.0001976013333333,0.0012217263333333,0.0002063183333333,0.0229790023333333,0.0012277516666666,0.000407107,0.0007640893333333,0.0010503706666666
0.0068683666666666,0.0084222146666666,0.0051565626666666,0.003862914,0.005425317,0.0023872593333333,0.0154094463333333,0.011375583,0.0004326853333333,0.007005865,0.032758062
