0.004095755,0.001218099,0.0005467836666666,0.004616224,0.001338823,0.000140532,0.001654867,0.000632241,0.0,0.0011997693333333,0.0016883493333333
0.002207703,0.0059932906666666,0.000619568,0.0012100036666666,0.0032296486666666,0.000818192,0.003946124,0.0014973366666666,2.43426666666667e-05,0.0009052146666666,0.0024879423333333
0.0011577213333333,0.0064754676666666,0.0015070216666666,0.0032106336666666,0.0033151936666666,0.0050465716666666,0.0031961536666666,0.0013591223333333,0.0009778756666666,0.0016500763333333,0.006115475
0.001047051,0.00246855,0.0001142026666666,0.0016718986666666,0.0002636646666666,0.0001339673333333,0.0009344953333333,0.000242296,0.0,0.0001688573333333,0.0003594706666666
0.0010303916666666,0.005715869,0.0008218456666666,0.0001298013333333,0.0003328286666666,0.0004055093333333,0.001924969,0.0010784683333333,4.0176e-05,0.0014466686666666,0.000697526
0.00022322,0.0015389383333333,0.0005496846666666,0.000423662,0.0022558503333333,0.0023831726666666,0.0004811776666666,0.0004489456666666,0.000254562,0.0003482213333333,0.000807287
0.0018583286666666,0.0069733776666666,0.001608549,0.0025004066666666,0.0013712153333333,0.00014044,0.0026975776666666,0.0035743266666666,0.0028611216666666,0.003353663,0.002917136
0.001648099,0.003687804,0.0027712616666666,0.000827235,0.001890068,0.000871594,0.0080012473333333,0.0097914016666666,5.8631e-05,0.002595293,0.005579168
6.14523333333333e-05,0.0,0.0003456456666666,3.33333333333333e-06,2.69643333333333e-05,0.0,0.0054899773333333,0.0,0.0010354083333333,0.0047701946666666,0.0
0.0009126533333333,0.0023410566666666,0.000694092,0.0001091486666666,0.000892337,0.0003559633333333,0.010589222,0.0012058653333333,0.000725663,0.0001325256666666,0.0007401946666666
0.0076906543333333,0.0073232473333333,0.005651824,0.0027479076666666,0.0043586536666666,0.0011198316666666,0.004943067,0.022409066,0.0002437823333333,0.0037524186666666,0.0206639506666667
