0.003866515,0.001565963,0.0011505663333333,0.003071404,0.002659421,0.0007814526666666,0.0033104475,0.0013722866666666,4.12285e-05,0.000714125,0.0064256106666666
0.0033293226666666,0.0131840756666667,0.0039872616666666,0.0007573126666666,0.004357363,0.0022504306666666,0.007962512,0.0030532523333333,4.93396666666667e-05,0.0004037803333333,0.004917684
0.0021301263333333,0.006118616,0.001898295,0.0010807673333333,0.0077774426666666,0.0026113946666666,0.0020479603333333,0.001717208,0.0009640333333333,0.0019442506666666,0.0070728796666666
0.000652569,0.0019273573333333,0.0001836403333333,0.000597743,0.0001987446666666,0.0009306703333333,0.0008169,0.0004252473333333,2.08826666666667e-05,0.0002159706666666,0.0007748126666666
0.0063718006666666,0.0130545253333333,0.0017815776666666,0.0007005756666666,0.0038674943333333,0.001025237,0.002330238,0.001842354,8.14023333333333e-05,0.0025894743333333,0.0046826073333333
0.0002881496666666,0.0037967096666666,0.0016292473333333,0.000461322,0.0015254813333333,0.001329191,0.0011242246666666,0.0005130106666666,0.0002224483333333,0.000428411,0.001109925
0.0038720793333333,0.0174476553333333,0.004932635,0.0012817623333333,0.0051653456666666,0.0008354433333333,0.0032865923333333,0.0068887043333333,0.0016873133333333,0.0049596303333333,0.0078568916666666
0.0067430053333333,0.007197829,0.0043880623333333,0.0014107746666666,0.004603838,0.002435801,0.0079832963333333,0.0137551236666667,0.0001946276666666,0.002877284,0.0096411906666666
1.3542e-05,3.19606666666667e-05,0.0021682733333333,1e-05,5.37906666666667e-05,3.94233333333333e-05,0.005779981,2.24586666666667e-05,0.0007198933333333,0.0033634573333333,3.83653333333333e-05
0.0016204146666666,0.0031952536666666,0.000515068,0.0005164786666666,0.0018911816666666,0.001025827,0.0033694586666666,0.001193636,0.001130974,0.0006585973333333,0.002033022
0.0162801086666667,0.0144520353333333,0.0082781553333333,0.0029346736666666,0.011277096,0.0031090576666666,0.007444237,0.0200437126666667,0.0002170103333333,0.0047060333333333,0.04538342
