0.006830903,0.0027040143333333,0.000792091,0.0006235086666666,0.0015737263333333,0.000832493,0.0026319091666666,0.0010253843333333,0.0001388148333333,0.000528081,0.005325904
0.0031567763333333,0.0106728923333333,0.00167451,0.0013279196666666,0.0085417896666666,0.0018992596666666,0.0064178646666666,0.0020690456666666,0.000764875,0.000869607,0.0045446103333333
0.0010725386666666,0.0079727056666666,0.0011690403333333,0.002334633,0.0054089156666666,0.0036033343333333,0.0025027503333333,0.0030916733333333,0.0029225396666666,0.0035267023333333,0.0058976346666666
0.0005630973333333,0.001830358,0.0014046496666666,0.0017489913333333,0.0005859483333333,0.000341183,0.0003239116666666,0.0007885046666666,4.53826666666667e-05,0.0002156373333333,0.00178372
0.0048186343333333,0.0102848863333333,0.002109634,0.0034450486666666,0.0014348163333333,0.0010967696666666,0.0016272796666666,0.0020890493333333,0.0003460833333333,0.003069435,0.0031662733333333
0.000489474,0.0019129303333333,0.00141976,0.0005488846666666,0.002303407,0.000482954,0.0002965913333333,0.0004889006666666,0.0003427106666666,0.000459469,0.0014157986666666
0.0045036323333333,0.013882847,0.0039867046666666,0.0014526266666666,0.0059114546666666,0.0010052263333333,0.0019349076666666,0.007291102,0.0037050393333333,0.0032234156666666,0.006738024
0.0057638923333333,0.0053591956666666,0.0049727113333333,0.0020219956666666,0.005299359,0.0021807556666666,0.010900381,0.0145281573333333,0.0006648513333333,0.0026214353333333,0.0216812843333333
1.22403333333333e-05,4.98753333333333e-05,0.0022407423333333,2.32733333333333e-05,0.0001070323333333,3.33333333333333e-06,0.0043491883333333,4.13873333333333e-05,0.001358034,0.0047295143333333,1.28573333333333e-05
0.0020082086666666,0.005849074,0.001111538,0.000485139,0.0016262536666666,0.000816431,0.0023388736666666,0.002470064,0.0007485133333333,0.000786274,0.0023423493333333
0.0131524093333333,0.0153303223333333,0.0087188716666666,0.003819794,0.008000951,0.0028084713333333,0.0121811936666667,0.021470965,0.0016618453333333,0.008585859,0.04142
