0.0025658503333333,0.002077307,0.0008109246666666,0.0006088543333333,0.0025063606666666,0.0003496223333333,0.0015523186666666,0.0021203856666666,0.0001716523333333,0.000663819,0.0129914446666667
0.0026138603333333,0.019141174,0.003209378,0.003387551,0.005870149,0.0042235496666666,0.0097122913333333,0.0037005126666666,0.0010911923333333,0.0020497963333333,0.0043898486666666
0.000987316,0.008470814,0.0023606603333333,0.0032461216666666,0.0038540673333333,0.0035323903333333,0.00153967,0.0027392743333333,0.0013956386666666,0.0012587083333333,0.008301647
0.0007252356666666,0.0026896786666666,0.000701814,0.0012158653333333,0.0018642993333333,0.0004773016666666,0.0009496476666666,0.0012296906666666,0.0005564323333333,0.000507669,0.000677965
0.0013249056666666,0.0168091126666667,0.0020845693333333,0.0009543226666666,0.004764684,0.0014733583333333,0.0032688353333333,0.003207425,0.0008773183333333,0.0019027396666666,0.002684396
0.000877264,0.0042592946666666,0.0019186146666666,0.000875123,0.002021243,0.0017384696666666,0.0010087583333333,0.0010313366666666,0.0003895,0.000719482,0.0017649863333333
0.0018426136666666,0.01185311,0.0021273363333333,0.0013914053333333,0.0043179036666666,0.0013724073333333,0.0043032103333333,0.008515296,0.001428084,0.0039427773333333,0.0082589993333333
0.0053187333333333,0.0110070793333333,0.0053875486666666,0.003841246,0.0055345683333333,0.0035542613333333,0.0099258676666666,0.022646239,0.001518336,0.0048463593333333,0.0214917916666667
5.97176666666667e-05,0.0005989503333333,0.0017930766666666,0.000150523,0.0005202266666666,0.0001699973333333,0.004605213,0.0005305853333333,0.0016418376666666,0.0071461476666666,0.000259882
0.0010258316666666,0.0048049506666666,0.0006811623333333,0.000746051,0.001473276,0.000935111,0.0037537036666666,0.002497965,0.000907686,0.0008619636666666,0.0012452453333333
0.0164728366666667,0.0127067953333333,0.0100133913333333,0.0027279396666666,0.0050988563333333,0.0031150883333333,0.011178631,0.026540551,0.0011287673333333,0.0065078306666666,0.0307372456666667
