0.0021960903333333,0.0014176356666666,0.000716736,0.000244379,0.0016905243333333,0.0003041106666666,0.001549199,0.000968264,9.1593e-05,0.000780868,0.0072219673333333
0.0017547676666666,0.015855916,0.002341849,0.001283421,0.0063488356666666,0.0027204,0.005304482,0.001922047,0.0007753843333333,0.0023950586666666,0.003271676
0.0006025943333333,0.010513565,0.0030316926666666,0.0032635113333333,0.0032900886666666,0.0018070543333333,0.002035738,0.0023926133333333,0.001356067,0.0017919733333333,0.0100965223333333
0.000262121,0.003338856,0.000619867,0.0013234753333333,0.0013129026666666,0.000609261,0.0006039323333333,0.0004324946666666,0.0002481953333333,0.0004164476666666,0.0004671866666666
0.001258873,0.018143467,0.0030656273333333,0.0004676053333333,0.0021064806666666,0.001679309,0.0026134213333333,0.0046404786666666,0.0005828566666666,0.001097669,0.0021545516666666
0.0002315696666666,0.004987583,0.0013266923333333,0.0005542123333333,0.0009946646666666,0.000882059,0.0019540666666666,0.0008125036666666,0.0002346946666666,0.000550925,0.000651611
0.001232038,0.0164152396666667,0.001163869,0.0006199583333333,0.0042820413333333,0.000778224,0.00285112,0.0034882716666666,0.0009959343333333,0.0027511306666666,0.0046111976666666
0.0032195506666666,0.0067362016666666,0.004245427,0.001617442,0.0051593266666666,0.0024328513333333,0.0084617156666666,0.020317128,0.0014631283333333,0.0038751406666666,0.0124110243333333
2.6003e-05,0.000937055,0.0002528486666666,7.7963e-05,0.0001366416666666,4.0528e-05,0.0041020496666666,0.0013861443333333,0.001924549,0.0075228123333333,4.1109e-05
0.0009144186666666,0.0078663046666666,0.0007838923333333,0.0004805476666666,0.0010544186666666,0.000525283,0.00351883,0.0015014566666666,0.0007137823333333,0.0008918233333333,0.0009218456666666
0.0168879393333333,0.0091050436666666,0.0087057436666666,0.003230029,0.0059453276666666,0.003157615,0.009809497,0.0268883463333333,0.0003536503333333,0.0054916216666666,0.0544084033333333
