0.005082467,0.0016041803333333,0.0005205066666666,0.0003012453333333,0.0015406696666666,0.000103573,0.0018149106666666,0.000408066,1.70646666666667e-05,0.0004978466666666,0.0105744563333333
0.0014875383333333,0.002288707,0.001036316,0.0018115146666666,0.0052356203333333,0.0022784336666666,0.0093057836666666,0.0151449916666667,0.00017863,0.0008724256666666,0.0040043276666666
0.0008438246666666,0.004253881,0.00044658,0.0021347486666666,0.003468549,0.0004853873333333,0.0008505683333333,0.003800942,0.0006742743333333,0.000780866,0.0043898943333333
0.0028492773333333,0.0011449323333333,0.0001815783333333,0.000871758,0.000283846,0.0001983186666666,0.0006599493333333,0.000873353,0.0003338,0.000488291,0.001431054
0.0031266723333333,0.0031745296666666,0.0007907293333333,0.0003755143333333,0.0022810536666666,0.0009211883333333,0.0023887323333333,0.0078852473333333,7.00983333333333e-05,0.0009278346666666,0.0038621123333333
0.0003508933333333,0.0014340456666666,0.0003402453333333,0.000357175,0.0006784436666666,0.0005667046666666,0.0006431486666666,0.0016905606666666,1.92476666666667e-05,0.0003025746666666,0.0015303583333333
0.0028709303333333,0.0068630236666666,0.0032697423333333,0.0017545556666666,0.0032672103333333,0.001011045,0.001218512,0.0156936493333333,0.001637169,0.0055657756666666,0.010455331
0.0030505183333333,0.0067571766666666,0.0036389593333333,0.0014604053333333,0.0068942733333333,0.0009939673333333,0.0098262633333333,0.0254921283333333,0.0004370786666666,0.0021385536666666,0.015102488
0.0010378526666666,3.79423333333333e-05,5.7863e-05,0.000625543,4.30096666666667e-05,6.57686666666667e-05,0.004289482,0.0001294453333333,0.001208803,0.0058270563333333,4.57473333333333e-05
0.000852773,0.0011339866666666,0.0003394976666666,0.000325717,0.007944919,0.0004763693333333,0.002299656,0.0020082103333333,0.000430888,8.71263333333333e-05,0.000899819
0.0108206763333333,0.0052689303333333,0.0060518013333333,0.0031450976666666,0.0032054343333333,0.0019893326666666,0.0142512523333333,0.015792067,0.0001733233333333,0.0025816636666666,0.0206458793333333
