0.0030003413333333,0.0003942833333333,0.0008174813333333,9.62713333333333e-05,0.0016239136666666,0.0002820486666666,0.0028160343333333,0.000437321,0.000543039,0.0002042003333333,0.004123551
0.0006995513333333,0.0067343096666666,0.0012564146666666,0.0025578386666666,0.0049077853333333,0.0003905953333333,0.007575769,0.0020309673333333,0.000378599,0.000968244,0.004372893
0.000597909,0.0052547203333333,0.0002969006666666,0.0023909486666666,0.0031674733333333,0.0002933336666666,0.000693576,0.0017360843333333,0.0010428963333333,0.0012141623333333,0.0046789183333333
0.000210119,0.000765237,0.0001504043333333,0.0015357323333333,4.40326666666667e-05,0.0008998843333333,0.0007370973333333,0.0002246726666666,3.33333333333333e-06,5.90706666666667e-05,0.0002875246666666
0.0025063403333333,0.0053840723333333,0.002289065,0.0005061233333333,0.0022330066666666,0.000423949,0.001412684,0.0019334556666666,3.6855e-05,0.000435236,0.0018475226666666
0.0002516333333333,0.001377863,0.0006437913333333,0.0003019226666666,0.0013812556666666,0.000598064,0.0006453553333333,8.806e-05,0.000262388,0.00033196,0.0014436663333333
0.0015288963333333,0.0078820446666666,0.0014231213333333,0.0006643986666666,0.0008510723333333,0.0007140543333333,0.000888001,0.0033818906666666,0.002719837,0.003172751,0.0070759063333333
0.00185153,0.002598799,0.002871501,0.0009009526666666,0.001274449,0.0004616426666666,0.0072778143333333,0.0128878816666667,7.09193333333333e-05,0.0015104046666666,0.0069981493333333
0.0,0.0,0.000826285,0.0,2.1696e-05,0.0,0.003981107,6.66666666666667e-06,0.000937144,0.005233054,3.33333333333333e-06
0.0007077896666666,0.006085107,0.000302245,0.000283689,0.000716898,8.76576666666667e-05,0.0011020696666666,0.000587125,0.001158181,0.000118663,0.0006907656666666
0.0083326506666666,0.007957592,0.0063328383333333,0.001983348,0.0037297003333333,0.0058472136666666,0.010653939,0.0135267603333333,0.0006246196666666,0.0037285636666666,0.019233896
