0.0038633543333333,0.0005250116666666,0.0004478216666666,0.002395864,0.0012731033333333,5.64686666666667e-05,0.0016182295,0.000250851,1.20381666666667e-05,0.0006136563333333,0.0032255736666666
0.0009820243333333,0.0061531623333333,0.0038987116666666,0.000675616,0.0046737736666666,0.0003363303333333,0.0044915013333333,0.0006703666666666,0.0002542596666666,0.001225606,0.0018730653333333
0.0002765436666666,0.006310354,0.001711034,0.0025152266666666,0.004751902,0.0040537803333333,0.0014591303333333,0.001612961,0.0010777176666666,0.002320103,0.005931162
0.0005155463333333,0.0010895556666666,0.0001068913333333,0.0018967643333333,0.0001103553333333,0.000203819,0.0020227893333333,0.0002532286666666,3.33333333333333e-06,0.0001083903333333,0.0010122763333333
0.0013184873333333,0.0058624646666666,0.002195494,0.0001002553333333,0.0012146273333333,0.000653358,0.0014151273333333,0.0032463586666666,0.000344969,0.0014098073333333,0.003750902
0.000167347,0.0010655343333333,0.00103753,0.0004166936666666,0.001356885,0.0007940593333333,0.001197719,0.0004595033333333,0.00029626,0.0004236666666666,0.0011426406666666
0.0017045476666666,0.0228161343333333,0.0015398143333333,0.0019743843333333,0.0025219553333333,0.0018471346666666,0.0018421776666666,0.0037332136666666,0.0015801533333333,0.0039731366666666,0.0113707253333333
0.001734547,0.0015086813333333,0.0030433903333333,0.000955354,0.002140907,0.0007599663333333,0.0070110916666666,0.007988801,0.0004824353333333,0.0030392033333333,0.007516788
6.75266666666667e-06,6.312e-06,0.0018000346666666,3.33333333333333e-06,3.12233333333333e-05,3.33333333333333e-06,0.004828629,1.64533333333333e-05,0.0011507643333333,0.0045232926666666,3.33333333333333e-06
0.000718724,0.001155953,0.0003480366666666,7.24383333333333e-05,0.0008226903333333,0.0002058763333333,0.003447991,0.0009261933333333,0.0002574193333333,0.0007826946666666,0.00119202
0.011213857,0.009767026,0.0121074543333333,0.0024440616666666,0.006520015,0.001551428,0.0157394083333333,0.0161967983333333,0.0001702873333333,0.00350877,0.0207800336666667
