0.0069206956666666,0.003184466,0.001283538,0.0064016463333333,0.0033691863333333,0.0004798576666666,0.003526519,0.0020925326666666,9.98213333333333e-05,0.000615113,0.01334603
0.005538471,0.0189801433333333,0.0042688526666666,0.0033592993333333,0.0106433393333333,0.0025086353333333,0.011682464,0.0029550706666666,0.0010852206666666,0.0020087136666666,0.0065072043333333
0.0024072613333333,0.006607298,0.0046863953333333,0.0033313513333333,0.0038387693333333,0.0049765076666666,0.003060079,0.0051667453333333,0.0023092483333333,0.0042826653333333,0.0057591173333333
0.0049246403333333,0.0014862713333333,0.000423926,0.001435439,0.0003999963333333,0.0003576193333333,0.0014348256666666,0.0008817623333333,6.90903333333333e-05,0.0008126373333333,0.0010207263333333
0.0028348916666666,0.0142644036666667,0.0015405563333333,0.0008741016666666,0.004371739,0.0010455926666666,0.0054213733333333,0.007441516,0.0003878836666666,0.0029805693333333,0.0058473236666666
0.0020296586666666,0.0053223596666666,0.0028265283333333,0.0005827873333333,0.002161082,0.000806078,0.0011226583333333,0.001663504,7.19286666666667e-05,0.001440465,0.0029792026666666
0.0054904333333333,0.0198176663333333,0.003188969,0.0024375113333333,0.009422974,0.002958215,0.0026159306666666,0.0137265596666667,0.0016936053333333,0.0061551583333333,0.017188731
0.0080591493333333,0.0105172473333333,0.0073669716666666,0.003143453,0.010555659,0.0028399993333333,0.017021137,0.0309429113333333,0.0010897056666666,0.0040689933333333,0.0139907546666667
9.28603333333333e-05,0.0002658366666666,0.0013327606666666,0.000800813,0.0011234706666666,6.66666666666667e-06,0.00521258,0.0001089006666666,0.0022684503333333,0.007242926,0.0002561673333333
0.001439302,0.004308446,0.0019733386666666,0.0007568756666666,0.0027168033333333,0.0006961866666666,0.005777842,0.0014347256666666,0.0015127353333333,0.0007761823333333,0.001271385
0.0199868413333333,0.0157467146666667,0.0117511233333333,0.0054375456666666,0.0115135266666667,0.0039217943333333,0.0198907056666667,0.0161934766666667,0.000749378,0.0051119566666666,0.031307348
