0.0028811516666666,0.0018321403333333,0.0005879256666666,0.001146925,0.0013915886666666,0.0003255106666666,0.09163358,0.000592457,0.000692386,0.0002876386666666,0.0039682313333333
0.0007186423333333,0.0044889136666666,0.0060797233333333,0.002082206,0.007950161,0.0014084663333333,0.004422717,0.0012594263333333,0.003803265,0.0010674333333333,0.001738528
0.002574128,0.0050635136666666,0.0013985226666666,0.001609681,0.004841971,0.001581624,0.0026276643333333,0.0017701363333333,0.0019756153333333,0.002410897,0.0038615576666666
0.0006129326666666,0.001295972,0.0002835493333333,0.0021463593333333,0.0002173533333333,0.0002036083333333,0.0010371793333333,0.0005150076666666,1.42383333333333e-05,0.0002710903333333,0.0025381096666666
0.001874347,0.009931041,0.0016845966666666,0.00055339,0.0021224586666666,0.0006103916666666,0.0020993996666666,0.002999056,0.0033009826666666,0.0014461503333333,0.0024735653333333
0.0005689603333333,0.0023460466666666,0.0010486703333333,0.0006835223333333,0.00133373,0.00051609,0.0004921096666666,0.000208365,0.000965853,0.0004560143333333,0.0011295306666666
0.0047327973333333,0.0106640093333333,0.004089599,0.0025961726666666,0.003207307,0.0012859983333333,0.0029350476666666,0.003239988,0.0024567353333333,0.00603391,0.0046243636666666
0.0026447,0.0020002926666666,0.0037285073333333,0.0009084983333333,0.0051190053333333,0.0011029183333333,0.0044473903333333,0.006981093,0.0032402323333333,0.0023152776666666,0.0074557046666666
1.38363333333333e-05,0.0001006266666666,0.0029079276666666,3.33333333333333e-06,4.73236666666667e-05,6.66666666666667e-06,0.0012970966666666,2.6882e-05,0.004745784,0.00320468,3.54866666666667e-05
0.001095224,0.001978975,0.000943017,0.000534478,0.0015494913333333,0.000295113,0.003082953,0.001985847,0.002738306,0.002410195,0.0009726876666666
0.0132519933333333,0.0072475843333333,0.0088332446666666,0.0046969593333333,0.0079093896666666,0.0017318876666666,0.006584886,0.0194508706666667,0.003928824,0.003594765,0.0268997636666667
