0.0029110026666666,0.0011365073333333,0.000604602,5.33823333333333e-05,0.0013247723333333,3.7911e-05,0.0025110848333333,0.001888198,1.03835e-05,0.000379215,0.0070942456666666
0.0012282806666666,0.0160403243333333,0.001943344,0.0004475503333333,0.0018429963333333,0.0002975843333333,0.0055388773333333,0.000396844,5.28036666666667e-05,0.0007134956666666,0.0025086896666666
0.0001041486666666,0.0110654776666667,0.0016200476666666,0.0017701573333333,0.0025368826666666,0.0021600166666666,0.0015309066666666,0.002778773,0.001491146,0.0012344596666666,0.004287457
0.0023379146666666,0.002706875,8.72036666666667e-05,0.0002032123333333,6.968e-06,0.0001963953333333,0.0032184773333333,0.000245405,0.0,0.0002609233333333,0.0005433056666666
0.001335142,0.0086494553333333,0.000423904,2.55196666666667e-05,0.0009804123333333,0.000362171,0.0044413933333333,0.0011635956666666,2.7837e-05,0.0007906333333333,0.0044148153333333
0.0001398106666666,0.00310857,0.0011426473333333,0.0006292953333333,0.0011897773333333,0.0006611186666666,0.000861635,0.0001600326666666,4.04533333333333e-06,9.1192e-05,0.0007979706666666
0.0008498876666666,0.0192804986666667,0.0009938693333333,0.000526385,0.0020211016666666,0.0004154006666666,0.002381009,0.0061706196666666,0.0010733096666666,0.0043752776666666,0.007114439
0.0020640466666666,0.004252676,0.0031069906666666,0.0008247113333333,0.0037755433333333,0.001086375,0.0111785256666667,0.0128276506666667,0.0001679616666666,0.0027703933333333,0.0112738263333333
1.0112e-05,3.40966666666667e-05,0.0011232513333333,3.83733333333333e-06,4.5495e-05,1.84433333333333e-05,0.0033276566666666,1.38906666666667e-05,0.0010863106666666,0.0025594736666666,2.57173333333333e-05
0.0009232036666666,0.0047966393333333,0.000339914,0.0001967743333333,0.0008707496666666,0.0001237996666666,0.0027369416666666,0.0016437086666666,0.0003013143333333,0.000586451,0.0006332193333333
0.0135851526666667,0.0100451526666667,0.009919805,0.0010018456666666,0.00503376,0.003490486,0.0137856606666667,0.021633651,0.0002826756666666,0.003456462,0.03420203
