0.0030879646666666,0.002204072,0.0011630806666666,0.0006044543333333,0.0029344946666666,0.001044107,0.0016875861666666,0.0013679683333333,0.0002485145,0.000611093,0.019315296
0.002925806,0.019253968,0.0031945616666666,0.0028957903333333,0.0093750153333333,0.0019577783333333,0.0064980346666666,0.0037706343333333,0.002067458,0.0023387953333333,0.0051674053333333
0.0012361846666666,0.0072037806666666,0.0028717996666666,0.003179041,0.0036578893333333,0.003476525,0.0030191363333333,0.002513104,0.0020580403333333,0.001505227,0.0083966183333333
0.0005497836666666,0.0045888306666666,0.000644776,0.0010368886666666,0.00123406,0.0004724853333333,0.0082915616666666,0.0010573576666666,0.000390958,0.0002246263333333,0.000504616
0.002333809,0.0121759576666667,0.0018598026666666,0.0007641876666666,0.0030305666666666,0.002558624,0.0034380846666666,0.004224216,0.0007525806666666,0.0010159746666666,0.0022994406666666
0.000566393,0.0042132566666666,0.0013490383333333,0.0005615356666666,0.001344065,0.0008254203333333,0.0015129966666666,0.0009111603333333,0.0002032713333333,0.0005239753333333,0.0018533466666666
0.0019252673333333,0.0148379703333333,0.0023165333333333,0.007316247,0.0050134866666666,0.0013478286666666,0.003759332,0.0065387703333333,0.00147566,0.0041270076666666,0.0076890533333333
0.0052028523333333,0.008975399,0.0052859116666666,0.004010443,0.0097931336666666,0.0036945506666666,0.0095319116666666,0.0252943586666667,0.002193055,0.0053666723333333,0.0196053113333333
5.89413333333333e-05,0.000744795,0.001411049,5.9599e-05,0.0002009426666666,0.000117424,0.005203912,0.0002832146666666,0.0020537533333333,0.00656056,0.0001596556666666
0.0009053236666666,0.004671275,0.0009204483333333,0.0010825826666666,0.0014527456666666,0.000707303,0.0040530343333333,0.0014553483333333,0.0007507706666666,0.000757697,0.0016815383333333
0.016712971,0.0083795283333333,0.00820924,0.001712216,0.0117802603333333,0.0022860333333333,0.0127738803333333,0.0207617996666667,0.000805494,0.0066651573333333,0.024367653
