0.0041146903333333,0.001457676,0.000100387,0.0005200043333333,0.0019682033333333,0.000260405,0.0027621513333333,0.000587345,4.44733333333333e-05,0.0012430556666666,0.006046122
0.001277269,0.030377729,0.0009573493333333,0.001679426,0.0065254096666666,0.0027208123333333,0.0132899253333333,0.0011736636666666,0.0003878706666666,0.0015955573333333,0.002198611
0.000288048,0.0042889153333333,0.0006941793333333,0.001489469,0.001450235,0.001155964,0.00091931,0.0013132623333333,0.0010639966666666,0.001660459,0.0028893543333333
0.000167642,0.0025364613333333,0.0001147836666666,0.000494149,0.000300442,0.0008389293333333,0.0007305183333333,0.000311139,9.56066666666667e-06,0.000440705,0.0004395533333333
0.000852271,0.008769394,0.0005776513333333,0.00028768,0.0008026046666666,0.0009846376666666,0.004371126,0.0018935673333333,3.5237e-05,0.0021591626666666,0.0034452536666666
0.0004871013333333,0.0037044726666666,0.0010572356666666,0.000354487,0.0014094716666666,0.0015371183333333,0.0007316273333333,0.000546929,0.000305934,0.0007095053333333,0.000945929
0.000712988,0.0135259543333333,0.002319452,0.000334279,0.0009297923333333,0.0008359923333333,0.003117127,0.0038178913333333,0.0041681826666666,0.0070679116666666,0.0052426346666666
0.002204503,0.0034139196666666,0.0025808576666666,0.000455023,0.0019472593333333,0.0009138906666666,0.0072049986666666,0.0115561503333333,0.00010232,0.0020315686666666,0.00639287
0.0,3.33333333333333e-06,0.0006241116666666,1.11766666666667e-05,4.5284e-05,0.0,0.0010621016666666,8.14366666666667e-06,0.00104357,0.002942552,8.3452e-05
0.0021512616666666,0.0039801156666666,0.0002645803333333,0.0004928373333333,0.001922258,0.0007124483333333,0.0042595476666666,0.001603821,0.000183362,0.0019302006666666,0.0038416446666666
0.0181957973333333,0.0084449683333333,0.0050859246666666,0.002218957,0.0027551273333333,0.0022543076666666,0.0074849883333333,0.014534618,0.000146962,0.0042129253333333,0.0370837833333333
