0.004632862,0.0018057366666666,0.0005166686666666,0.001501877,0.0027716333333333,0.0004647946666666,0.0020519355,0.001641421,0.0001483575,0.000786166,0.0080598576666666
0.0025555363333333,0.012256005,0.0060265353333333,0.0016155353333333,0.0076069036666666,0.002908589,0.0036629806666666,0.0056240506666666,0.0001417016666666,0.000501458,0.0040111036666666
0.000710176,0.0093104246666666,0.0015498866666666,0.0022367363333333,0.004926071,0.0020312786666666,0.001438787,0.001733421,0.0022568303333333,0.0010317636666666,0.006068302
0.0024569753333333,0.0016958513333333,0.0004610283333333,0.0018583246666666,0.001111781,0.002480358,0.0007375396666666,0.0006987336666666,5.94326666666667e-05,0.000118361,0.0005467603333333
0.0021421366666666,0.0083082106666666,0.0012062976666666,0.0032171976666666,0.0065838313333333,0.0015489256666666,0.001303617,0.0036741886666666,0.0007239456666666,0.000715296,0.007677321
0.0005189746666666,0.002796499,0.0016557876666666,0.0005335733333333,0.0024578446666666,0.0012872443333333,0.0004404183333333,0.000659069,0.000247022,0.000376523,0.003325195
0.0027450823333333,0.0138707193333333,0.001376591,0.0006723753333333,0.00332962,0.000566155,0.001651762,0.007497756,0.004502874,0.0017875333333333,0.0029447246666666
0.0039976583333333,0.004692437,0.0040611193333333,0.0012032433333333,0.0055365936666666,0.0029572466666666,0.0089782513333333,0.0194979053333333,0.0002252593333333,0.002159931,0.0180719633333333
3.8764e-05,1e-05,0.0011790393333333,3.7516e-05,4.76426666666667e-05,6.66666666666667e-06,0.003838125,4.07006666666667e-05,0.000957545,0.004338456,0.00011958
0.0015424786666666,0.006581968,0.000287416,0.000987639,0.002009639,0.000699009,0.001175701,0.001926154,0.000639299,0.0005350633333333,0.002178793
0.0168190453333333,0.0118870256666667,0.0069260893333333,0.0030037476666666,0.012429968,0.0041473003333333,0.0061311543333333,0.0194086446666667,0.0007844006666666,0.0032475446666666,0.04086374
