0.0045587263333333,0.001954787,0.0007984613333333,0.0008751423333333,0.003466786,0.0006550453333333,0.002989781,0.001973089,0.000178362,0.001924859,0.00609507
0.006972223,0.0140818663333333,0.0031212523333333,0.0021537156666666,0.0075340866666666,0.003264414,0.004662726,0.0031587256666666,0.0009320153333333,0.0050587833333333,0.012792834
0.001456757,0.0048379796666666,0.0009536816666666,0.0020116713333333,0.001951931,0.00193276,0.0009503576666666,0.0015791213333333,0.0008540736666666,0.0023370046666666,0.0033458593333333
0.0008275226666666,0.002052408,0.000366403,0.0020844636666666,0.001505052,0.0012724573333333,0.0021843616666666,0.000843299,3.33333333333333e-06,0.0010773183333333,0.0011335606666666
0.001861563,0.0106857743333333,0.0012478286666666,0.0010546456666666,0.004891765,0.001300522,0.0069848513333333,0.0050618583333333,0.0005391863333333,0.0036479023333333,0.003593709
0.0007499856666666,0.0041518383333333,0.001193351,0.0005743006666666,0.0024468863333333,0.000989158,0.00059999,0.0013352993333333,0.0003224713333333,0.0014485303333333,0.001764495
0.0022820596666666,0.0134592396666667,0.0028017486666666,0.0009169986666666,0.00311743,0.00102472,0.0024718463333333,0.0063469436666666,0.0047767256666666,0.0101368506666667,0.013807866
0.0071985083333333,0.00556846,0.0024984743333333,0.0021727506666666,0.006104494,0.0020952753333333,0.009138526,0.0337104933333333,0.000754822,0.0046858763333333,0.0162440246666667
1.1691e-05,1.3481e-05,0.000621875,0.0,0.0001190086666666,3.33333333333333e-06,0.0022768626666666,7.92933333333333e-06,0.000899427,0.0023647823333333,2.3456e-05
0.0042795116666666,0.009107704,0.0046464396666666,0.0029761246666666,0.0075561373333333,0.0040439036666666,0.007893819,0.003028728,0.000864454,0.0060191353333333,0.0059404406666666
0.0113451643333333,0.0141937653333333,0.0092590443333333,0.003658135,0.00730702,0.002527456,0.0143662056666667,0.030078138,0.0006045223333333,0.0077478403333333,0.0311918316666667
