0.004833451,0.0005931116666666,0.0006605146666666,7.63666666666667e-05,0.0014195376666666,7.34033333333333e-05,0.0044810646666666,0.00081527,3.82241666666667e-05,0.0006303003333333,0.002457647
0.002495688,0.0213584776666667,0.0013965533333333,0.000715866,0.0090717773333333,0.001334778,0.008409261,0.001308699,0.0002198146666666,0.0008008976666666,0.0016732916666666
0.0014950753333333,0.0050591233333333,0.0041405133333333,0.0034501613333333,0.00243253,0.0033152033333333,0.001731934,0.0033891143333333,0.002067899,0.0023918383333333,0.004453586
0.0004907093333333,0.0010214846666666,0.0002813503333333,0.000427202,0.000116466,0.0001421923333333,0.0018051936666666,0.0005341746666666,0.0,0.000226321,0.0011914133333333
0.0016691336666666,0.0069218493333333,0.0005644363333333,5.1108e-05,0.006309767,0.0003264173333333,0.0073012826666666,0.0027981686666666,0.000217709,0.0015075776666666,0.0022790686666666
0.0003436783333333,0.0035287726666666,0.002354867,0.0008039476666666,0.001451412,0.0010691936666666,0.0012369316666666,0.0003466143333333,1.26933333333333e-05,0.0003163443333333,0.0019179416666666
0.002085198,0.012417113,0.0012845566666666,0.001270386,0.0059542253333333,0.001070717,0.0025669816666666,0.0119130853333333,0.001211847,0.0094573886666666,0.0116185316666667
0.0043643873333333,0.0068431436666666,0.014825296,0.0013945043333333,0.005324938,0.0009544736666666,0.011982884,0.009097376,0.000113577,0.0036935993333333,0.0063633733333333
3.33333333333333e-06,3.6308e-05,0.0019579593333333,0.000184145,3.0324e-05,0.002338961,0.0053564053333333,2.79493333333333e-05,0.0012230696666666,0.0035535993333333,8.08e-06
0.001556612,0.0015965426666666,0.0004488876666666,0.0003513416666666,0.0010068713333333,0.0005985223333333,0.004418768,0.0009928086666666,0.0004287416666666,0.000799481,0.0008878873333333
0.013643968,0.009169349,0.0073080176666666,0.003699657,0.0081771403333333,0.0026950843333333,0.0174556626666667,0.0192734263333333,0.0005717966666666,0.0049799043333333,0.026527505
