0.007996877,0.0078206603333333,0.000946107,0.000420979,0.0029237246666666,0.001394433,0.0016170976666666,0.002288989,0.0003102773333333,0.0009070013333333,0.010940672
0.0030488773333333,0.0193321713333333,0.0019092296666666,0.0047906346666666,0.0076335566666666,0.0024688986666666,0.0026805823333333,0.0041821463333333,0.000472133,0.001900525,0.005368202
0.000977944,0.0112993973333333,0.001460403,0.0032433926666666,0.0071081403333333,0.002615174,0.0012977003333333,0.0021265843333333,0.0020625996666666,0.0010237736666666,0.006311465
0.0018898766666666,0.0068755313333333,0.0021806313333333,0.0020955273333333,0.0022505393333333,0.0004258143333333,0.0006239003333333,0.0016605193333333,0.0004056173333333,0.0002543886666666,0.000615145
0.0024267696666666,0.0181718183333333,0.0013154293333333,0.0010734823333333,0.0056404833333333,0.0023730863333333,0.001727596,0.0039294373333333,0.0003891936666666,0.0010327033333333,0.0040681646666666
0.0005139103333333,0.0059146526666666,0.001083695,0.0009177246666666,0.0028339243333333,0.00098841,0.0003589953333333,0.0012451076666666,0.000263639,0.0002595006666666,0.0014916236666666
0.0025440326666666,0.021065482,0.0016540586666666,0.0015055753333333,0.0052757316666666,0.0011721893333333,0.001223259,0.0064699906666666,0.0010610086666666,0.002044533,0.0066194313333333
0.006893213,0.0084376563333333,0.0036882786666666,0.0031981276666666,0.0088702493333333,0.002835373,0.006124911,0.0333031966666667,0.0005712126666666,0.0036365946666666,0.0114384233333333
7.69293333333333e-05,0.000451542,0.0009095226666666,0.0002426566666666,0.0010819576666666,0.0001010553333333,0.0034483616666666,0.000287669,0.0014890733333333,0.0048142586666666,0.0001846653333333
0.0019829786666666,0.0105746993333333,0.0010482096666666,0.0007866696666666,0.002077876,0.000732309,0.002402856,0.0029718286666666,0.001191634,0.000451891,0.0022310246666666
0.0155613173333333,0.0143558436666667,0.0113977063333333,0.0031268856666666,0.0114952303333333,0.004376925,0.00926155,0.0309438466666667,0.0010036566666666,0.003577966,0.0444337566666667
