0.0027683883333333,0.0009909713333333,0.000485242,0.0038883913333333,0.0015835776666666,0.000224422,0.0017939471666666,0.0002188753333333,4.0355e-06,0.0004274233333333,0.0027236226666666
0.0009527876666666,0.007049437,0.0024081786666666,0.0011284106666666,0.0020726423333333,0.000822405,0.0040942253333333,0.0006998613333333,3.60503333333333e-05,0.000456777,0.001415931
0.0005071773333333,0.0042981543333333,0.00176855,0.0018264633333333,0.0035601066666666,0.0029828836666666,0.001548324,0.0019482513333333,0.0019774026666666,0.0028234186666666,0.0045637853333333
0.0002108453333333,0.0020979623333333,0.0001207863333333,0.0003638356666666,0.0005588683333333,0.000129389,0.0004652273333333,0.000514827,3.33333333333333e-06,0.000131076,0.000432473
0.0020468926666666,0.0045854116666666,0.0008276223333333,0.0003773773333333,0.0034143503333333,0.0004670286666666,0.0014460123333333,0.0031004733333333,4.10946666666667e-05,0.0014951246666666,0.001829325
0.0001635536666666,0.0015560646666666,0.001639157,0.000533996,0.0014885093333333,0.001162173,0.0005792616666666,0.000302887,0.000457376,0.00027663,0.001273326
0.0126749413333333,0.006809993,0.0013778633333333,0.001340768,0.0043257496666666,0.000612391,0.0015222303333333,0.005691915,0.0016121776666666,0.0031757903333333,0.005139432
0.0022706683333333,0.0086995006666666,0.003124401,0.00205228,0.002943117,0.000952595,0.005097662,0.006816541,0.000510934,0.0016112016666666,0.0077288583333333
3.33333333333333e-06,3.33333333333333e-06,0.002808758,3.496e-06,2.6962e-05,9.97533333333333e-06,0.0046758463333333,0.0010305026666666,0.000531334,0.0033413666666666,0.0
0.0008368963333333,0.001286063,0.0005509003333333,0.00044738,0.00049487,0.000497853,0.0040169963333333,0.000806884,0.0003733993333333,0.0009614183333333,0.0007042453333333
0.0168873783333333,0.0056199526666666,0.0064296473333333,0.0021776866666666,0.0041065406666666,0.0011441376666666,0.0063307226666666,0.0123164656666667,0.0008280073333333,0.0028956476666666,0.04436042
