0.002744153,0.0016617783333333,0.0003446133333333,0.0028270766666666,0.0014372206666666,5.1025e-05,0.0017125515,0.0002883126666666,0.0001906861666666,0.0005693163333333,0.0061622676666666
0.0004406303333333,0.0102560303333333,0.0030408536666666,0.0005254416666666,0.0014790593333333,0.0022591073333333,0.0065731243333333,0.0009138636666666,3.06666666666667e-05,0.000712999,0.0019265456666666
0.0001135476666666,0.0060842926666666,0.001446934,0.0018543423333333,0.004465381,0.0024803753333333,0.0010407833333333,0.0023470213333333,0.0010114186666666,0.0029540916666666,0.0043995456666666
0.0004780096666666,0.0013437103333333,8.85136666666667e-05,0.0003569473333333,4.97683333333333e-05,6.893e-05,0.000670382,0.0005680656666666,0.0,0.0001442446666666,0.0002102526666666
0.001394361,0.0087927663333333,0.0007465163333333,0.0003357896666666,0.00083923,0.000210352,0.0028502256666666,0.0023154853333333,2.88746666666667e-05,0.0010584426666666,0.0009611913333333
0.0001509133333333,0.0027375623333333,0.0017222133333333,0.0005817456666666,0.0010768273333333,0.000796897,0.0006801436666666,0.0003065616666666,0.0001923186666666,0.0009070446666666,0.0018367626666666
0.0010160386666666,0.0166775906666667,0.0019654986666666,0.001162152,0.001346923,0.0004816996666666,0.0020809136666666,0.005372587,0.0013108053333333,0.006431004,0.0032088813333333
0.0021301076666666,0.0037527783333333,0.0028423136666666,0.0004435063333333,0.003533293,0.0005467606666666,0.0082128273333333,0.011002509,0.0001505653333333,0.0034854383333333,0.00644841
2.87933333333333e-05,3.13196666666667e-05,0.0011773213333333,6.66666666666667e-06,3.9613e-05,6.66666666666667e-06,0.0032506173333333,2.49333333333333e-05,0.000726409,0.0036472856666666,3.33333333333333e-06
0.0008258166666666,0.0031946296666666,0.0007090116666666,0.0002941713333333,0.0003855516666666,0.000207892,0.0028903156666666,0.001070779,0.0009002743333333,0.0006892046666666,0.000435961
0.0163263233333333,0.0078928913333333,0.005812736,0.007127116,0.003086083,0.0014560383333333,0.006999945,0.0130723486666667,0.000274257,0.0048109143333333,0.03832634
