0.0040563183333333,0.0028062336666666,0.0007939966666666,0.000575291,0.0029402526666666,0.0003153923333333,0.002451588,0.0001665846666666,5.75046666666667e-05,0.0005508856666666,0.0066668656666666
0.003144029,0.0104031103333333,0.003740512,0.0067475506666666,0.010653614,0.002738669,0.257096946666667,0.0015751026666666,0.0004087933333333,0.001966037,0.0032114266666666
0.000620679,0.0073501506666666,0.002639755,0.0021166296666666,0.0049394216666666,0.0022474363333333,0.002748859,0.001189373,0.0013918616666666,0.001620483,0.005895634
0.000811579,0.0017980463333333,0.0004242483333333,0.0007838586666666,0.0008861906666666,0.0005857603333333,0.0012680676666666,0.0001952276666666,0.000142588,0.000437143,0.0011321393333333
0.001906438,0.019273188,0.003789314,0.0008389556666666,0.0039012156666666,0.001423927,0.008543522,0.002107711,0.0004694013333333,0.0019539976666666,0.0026430966666666
0.000274626,0.0023387856666666,0.0009891223333333,0.0005033716666666,0.001714781,0.0010862033333333,0.0011353393333333,0.0002354943333333,4.97916666666667e-05,0.000309433,0.0013767706666666
0.0019681076666666,0.135360826666667,0.001391042,0.0043493876666666,0.0075943596666666,0.0016520746666666,0.0016145016666666,0.00322595,0.001086071,0.0031721613333333,0.0108696523333333
0.0,0.0,0.0,0.0,0.0,0.0,0.0,0.0,0.0,0.0,0.0
1.2798e-05,9.28076666666667e-05,0.002602005,3.402e-05,0.00059975,0.0004783753333333,0.005099097,0.000124072,0.002800261,0.0069848533333333,5.14686666666667e-05
0.0019340823333333,0.0032975126666666,0.0004624546666666,0.0011811993333333,0.001111368,0.000354221,0.003292867,0.0008297763333333,0.000513104,0.0011223493333333,0.0013312916666666
0.0147430706666667,0.008130533,0.0056422706666666,0.0053454113333333,0.0071452973333333,0.002115943,0.0140542923333333,0.0118030436666667,0.000778494,0.0045572553333333,0.0468006
