0.0027881366666666,0.0007070323333333,0.001066842,0.001057484,0.001621869,0.0001784356666666,0.0010706623333333,0.000278752,0.0006577866666666,0.0005360633333333,0.0025299473333333
0.001011494,0.0071652503333333,0.000412387,0.000835424,0.0035737806666666,0.0004691466666666,0.0032184776666666,0.001925651,0.000270204,0.0011341973333333,0.0018302733333333
0.000204033,0.005811723,0.0002658203333333,0.001346142,0.002981415,0.0009562266666666,0.000485006,0.0011509496666666,0.0004553006666666,0.000597639,0.0051148826666666
0.0008103986666666,0.000908473,7.86803333333333e-05,0.0013913086666666,7.96176666666667e-05,9.92376666666667e-05,0.000475143,0.0001720103333333,3.39233333333333e-06,0.0001315126666666,0.0003503996666666
0.0011518073333333,0.00578269,0.0010097516666666,0.0027591613333333,0.0018860403333333,0.000293914,0.000639076,0.00231679,5.08223333333333e-05,0.001303958,0.001242495
0.000108258,0.002818376,0.001056984,0.0002773886666666,0.0008345223333333,0.000585981,0.0002200573333333,0.0001416346666666,0.000250556,0.0004051153333333,0.0010403993333333
0.000745804,0.004860625,0.0006180043333333,0.000570448,0.0006200026666666,0.000396996,0.0023959813333333,0.005836988,0.0007621343333333,0.0018358773333333,0.0022601473333333
0.0011762693333333,0.002960194,0.0039945273333333,0.000715146,0.0015984763333333,0.0028867313333333,0.0074484356666666,0.0064870936666666,0.0002548323333333,0.0025609036666666,0.0167187466666667
3.33333333333333e-06,3.33333333333333e-06,0.0003750206666666,3.718e-06,2.50033333333333e-05,8.10933333333333e-06,0.003620986,3.288e-05,0.000413835,0.0029535543333333,3.33333333333333e-06
0.0007950913333333,0.003872439,0.0002070763333333,0.00024829,0.000723655,0.000115935,0.0011958933333333,0.000811623,0.0002296976666666,0.000124674,0.000525119
0.006875054,0.0053079886666666,0.0065562193333333,0.0014960453333333,0.0026339833333333,0.001316108,0.0033858733333333,0.0147910383333333,0.0013425033333333,0.006552513,0.024433488
