0.0022898746666666,0.000488752,0.0003059443333333,0.0001037916666666,0.0019369446666666,0.0003710676666666,0.0036313236666666,0.000738796,6.66666666666667e-06,0.0005063586666666,0.0030238886666666
0.0012253463333333,0.0048636266666666,0.0022402863333333,0.000307907,0.0020112776666666,0.0014204233333333,0.0074314436666666,0.002523963,1.86033333333333e-05,0.0003789563333333,0.0021336083333333
0.0006102376666666,0.004515195,0.0014345333333333,0.00162895,0.0056867236666666,0.0010661306666666,0.0008286186666666,0.00201732,0.0001966996666666,0.0014419356666666,0.003516697
0.0007168393333333,0.0015601933333333,0.0001008936666666,0.0006887836666666,4.1824e-05,8.81416666666667e-05,0.0002351536666666,0.0001464536666666,0.0,4.2939e-05,0.0002041253333333
0.0016464446666666,0.0085153023333333,0.001235964,0.0004085066666666,0.0003412283333333,0.0004308103333333,0.0038895836666666,0.004564928,4.12233333333333e-05,0.0005857096666666,0.0035124733333333
0.0002906656666666,0.0014435806666666,0.000417063,0.0006965696666666,0.0011572356666666,0.0008433186666666,0.0006071076666666,0.000354932,0.0002788746666666,0.0005834073333333,0.0017595876666666
0.001591093,0.01168984,0.0014775523333333,0.0005594223333333,0.003531352,0.000577448,0.0015304376666666,0.005942201,0.0014194326666666,0.0043832716666666,0.0057805746666666
0.003631576,0.0025680943333333,0.0029676846666666,0.0009531736666666,0.0023305643333333,0.001402015,0.007852025,0.0107873703333333,3.96223333333333e-05,0.002892935,0.0107250433333333
1.20673333333333e-05,4.18573333333333e-05,0.001789993,8.912e-06,0.000683191,0.0,0.0022695726666666,2.5888e-05,0.0004774116666666,0.0031834113333333,2.174e-05
0.0010432553333333,0.0013325746666666,0.0002720486666666,0.000551946,0.000933929,0.000360696,0.0024880983333333,0.0008881463333333,0.000218437,0.000152256,0.0008256263333333
0.0127681023333333,0.005140013,0.0064483356666666,0.00186259,0.0053803306666666,0.0025644563333333,0.005907449,0.0122287376666667,0.0002003896666666,0.0026335443333333,0.0200786446666667
