0.0033289856666666,0.0011728033333333,0.000375815,0.001025915,0.0013850466666666,0.0003819253333333,0.002264793,0.0003027246666666,3.33333333333333e-06,0.0008362916666666,0.0024423493333333
0.0019446526666666,0.0061617473333333,0.0017899646666666,0.0005997053333333,0.004010914,0.0019472273333333,0.0092553806666666,0.0015976633333333,0.0001693206666666,0.0009534713333333,0.002393042
0.0006010116666666,0.004111792,0.0016723203333333,0.001994802,0.003671446,0.0029715826666666,0.002249903,0.0027807916666666,0.000383253,0.0019030516666666,0.004875683
0.000722431,0.000822455,0.0001928063333333,0.0005875603333333,0.0007437636666666,0.00027942,0.001263545,0.0004852296666666,0.0,0.000216738,0.0001850853333333
0.0019606716666666,0.0058675883333333,0.0005809646666666,0.0002263103333333,0.002326899,0.000551124,0.006239793,0.0016043026666666,0.00016743,0.001868411,0.0015361513333333
0.0002771836666666,0.00125426,0.0016895713333333,0.0005066106666666,0.001119232,0.0009815116666666,0.0006790253333333,0.000226684,3.26133333333333e-05,0.0006245836666666,0.000724337
0.001744247,0.011285219,0.0028974323333333,0.0038354913333333,0.003764165,0.001037394,0.0017483396666666,0.0083078273333333,0.001531146,0.0068789586666666,0.0317664236666667
0.0045510456666666,0.005540158,0.00355556,0.0014211606666666,0.0032285646666666,0.0008220786666666,0.0111368256666667,0.0092292106666666,0.0002310556666666,0.0035853376666666,0.0064601803333333
2.58333333333333e-05,3.67693333333333e-05,0.001155761,3.65333333333333e-06,4.5515e-05,9.0805e-05,0.0051998283333333,6.53136666666667e-05,0.0012217773333333,0.004773576,0.0
0.0009413573333333,0.0018576326666666,0.00045002,0.0001357016666666,0.000956215,0.000236412,0.05047286,0.0010228426666666,0.000384209,0.0009098743333333,0.00060568
0.0116716133333333,0.0078427746666666,0.0068576856666666,0.0030706773333333,0.004620077,0.0029816186666666,0.015383317,0.011363037,0.0001086123333333,0.0033218033333333,0.0179970433333333
