0.0005277603333333,0.0023550826666666,0.0005996066666666,0.0050406926666666,0.001218383,0.001164017,0.0011788855,0.0018053976666666,0.0004702795,0.000122972,0.0034361846666666
0.0020363563333333,0.01286129,0.0023711386666666,0.0014093743333333,0.0058443593333333,0.0030894256666666,0.0079324676666666,0.002241242,9.00906666666667e-05,0.0014879786666666,0.00511973
0.0006432,0.0065067343333333,0.0020870476666666,0.0029633053333333,0.004097258,0.001814071,0.0062778293333333,0.0026816913333333,0.0011662823333333,0.0014288393333333,0.0065757693333333
0.0006385706666666,0.0046325496666666,0.0004614956666666,0.0016817083333333,0.0007243636666666,0.000229283,0.0007197893333333,0.00034954,0.0,0.0002015436666666,0.001060343
0.0015442356666666,0.011200632,0.001631682,0.0005800043333333,0.001528056,0.00033582,0.003217313,0.0038194726666666,0.0004057863333333,0.001486109,0.006142003
0.00018555,0.0030118283333333,0.0005703366666666,0.0006049673333333,0.0015433706666666,0.0008152293333333,0.0005040173333333,0.0005105006666666,7.10053333333333e-05,0.00022295,0.001414304
0.001721266,0.0123766833333333,0.0066105476666666,0.0032781673333333,0.002349923,0.0012780456666666,0.0012950916666666,0.0115805643333333,0.0010314773333333,0.002313131,0.0140571643333333
0.0029721443333333,0.0067686813333333,0.0038049883333333,0.0019891926666666,0.0066186473333333,0.001324141,0.0110671353333333,0.0305493143333333,0.000738644,0.002489546,0.016239563
0.0014528713333333,0.0001944376666666,0.0005701223333333,7.62533333333333e-06,8.35343333333333e-05,2.62116666666667e-05,0.004376221,0.003316187,0.0013514276666666,0.005280144,0.0001456816666666
0.0011251696666666,0.0023139603333333,0.0002691773333333,0.0003516073333333,0.0011080726666666,0.0002978106666666,0.002173028,0.0010620726666666,0.0004325146666666,0.0005869023333333,0.001065165
0.0101380303333333,0.0123891313333333,0.0059711976666666,0.0021055766666666,0.0083305453333333,0.0018458563333333,0.0153277473333333,0.0185246056666667,0.0002322003333333,0.003032374,0.0386278866666667
