0.0045876223333333,0.002826083,0.0010548106666666,0.0032686543333333,0.0017197503333333,0.000292354,0.0030307701666666,0.001074183,5.48483333333333e-06,0.000359864,0.0041233363333333
0.0015907783333333,0.010043897,0.0017451293333333,0.002548961,0.0037707766666666,0.0014491436666666,0.0084199916666666,0.001914282,0.0008859806666666,0.0012640643333333,0.0044291256666666
0.002958997,0.006081745,0.0012803193333333,0.0022134013333333,0.0032362286666666,0.0017677656666666,0.005096665,0.0039731213333333,0.001746903,0.001503617,0.0044343143333333
0.000157203,0.0014801433333333,0.000123057,0.0010406173333333,0.000568047,0.000150786,0.0011407486666666,0.0006541096666666,0.0,0.0001880823333333,0.000154684
0.0014139916666666,0.0075933703333333,0.000350639,0.0001696756666666,0.000736818,0.0002742933333333,0.0041867136666666,0.0031225443333333,0.000125329,0.0009732113333333,0.0012230923333333
0.000106911,0.003673953,0.000663134,0.0005497886666666,0.0014537303333333,0.0004683266666666,0.001354952,0.0005963423333333,7.06503333333333e-05,0.000137661,0.0017605163333333
0.001869289,0.014579429,0.002970768,0.0026692796666666,0.004816906,0.001072339,0.0035866776666666,0.0120596803333333,0.0012023983333333,0.0042497393333333,0.0123296213333333
0.0021044466666666,0.010849369,0.003710302,0.0021691636666666,0.0056573763333333,0.0005377996666666,0.0136423633333333,0.0181337836666667,0.0003285916666666,0.005087943,0.007278408
3.52433333333333e-06,0.0001860773333333,0.0016432453333333,7.096e-06,4.03466666666667e-05,0.0009410843333333,0.0039622996666666,8.4124e-05,0.001680174,0.0051568796666666,1.60973333333333e-05
0.0009422286666666,0.001916742,0.000411929,0.000241344,0.0008410253333333,0.0002637086666666,0.0040975593333333,0.0014358446666666,0.000502797,0.000617359,0.0008732433333333
0.0099281926666666,0.01016106,0.0071882273333333,0.0028596926666666,0.0065150503333333,0.0024802906666666,0.018054724,0.017720008,0.000101476,0.0074996566666666,0.028992216
