0.004776884,0.0007935993333333,0.0004841406666666,0.001255142,0.0014109496666666,9.4266e-05,0.0030984008333333,0.0003638536666666,7.51083333333333e-06,0.0005528033333333,0.003160123
0.0025798,0.0062412416666666,0.0032313856666666,0.0006519413333333,0.002407088,0.000317011,0.008773511,0.0008352883333333,0.0005444263333333,0.001167037,0.0026492303333333
0.0007467573333333,0.0036843716666666,0.000400536,0.001510297,0.003816916,0.0012653883333333,0.0015119563333333,0.003994208,0.0005314453333333,0.000503159,0.004249172
0.002038353,0.0012737963333333,0.0002834906666666,0.000764893,0.000168005,0.0001468023333333,0.0008579093333333,0.000308837,0.0,7.1402e-05,0.000319057
0.0028141593333333,0.005108835,0.000271117,0.0005087026666666,0.0032887366666666,0.0004308346666666,0.007907217,0.002421778,6.6573e-05,0.001237155,0.0014606976666666
0.000201994,0.001937405,0.0019440623333333,0.0005921236666666,0.00152544,0.0004429936666666,0.000632624,0.0001898513333333,0.0003081866666666,0.0003553203333333,0.0012873516666666
0.0023287166666666,0.0117673873333333,0.001793751,0.0035847663333333,0.003657854,0.000684078,0.0022877116666666,0.009019497,0.0013975803333333,0.0053428243333333,0.0092683043333333
0.005572517,0.0043058283333333,0.003362316,0.0021111163333333,0.0033680533333333,0.000629793,0.0126458166666667,0.0113276846666667,7.99013333333333e-05,0.004862573,0.0062086303333333
0.0001277706666666,3.1747e-05,0.0009050083333333,0.000495136,0.001134324,0.0,0.0054897726666666,2.18746666666667e-05,0.001341675,0.0035546993333333,6.66666666666667e-06
0.0015040613333333,0.001162986,0.0001987946666666,0.00025337,0.0010348686666666,0.0001988436666666,0.0188525593333333,0.0011262133333333,0.0007601453333333,0.000149572,0.0011780006666666
0.0140496683333333,0.009618698,0.0049487586666666,0.003981848,0.003028569,0.0008979363333333,0.016685936,0.0097069893333333,0.0003894686666666,0.0029410953333333,0.0327049076666667
