0.0042713363333333,0.0007950803333333,0.0005708086666666,0.001054566,0.0013063013333333,7.8025e-05,0.0006886113333333,0.0003115113333333,0.0,0.0013989613333333,0.003965695
0.0017981553333333,0.0059804726666666,0.0008849756666666,0.0012289826666666,0.0095785733333333,0.0011058336666666,0.001961803,0.001374067,2.08336666666667e-05,0.0004946503333333,0.003850934
0.000486653,0.0062917593333333,0.0014995023333333,0.002526456,0.0036203803333333,0.002204246,0.0016994973333333,0.001182683,0.002033802,0.001245671,0.0043727316666666
0.0022730403333333,0.001198557,0.0008181383333333,0.0016684223333333,0.0002959626666666,8.6495e-05,0.0005188393333333,0.000194969,3.33333333333333e-06,7.46663333333333e-05,0.0003440746666666
0.0009030503333333,0.0048662836666666,0.0009566193333333,0.0001867413333333,0.0015455986666666,0.0003694666666666,0.0018533006666666,0.0024454356666666,4.62956666666667e-05,0.001737281,0.0033326653333333
0.0002560046666666,0.0008936156666666,0.0004449,0.0003762936666666,0.0023136816666666,0.002160759,0.003093777,0.0002125773333333,0.000202339,0.000264617,0.000809196
0.0014465106666666,0.006169538,0.001037695,0.0005979456666666,0.0023174483333333,0.0002406496666666,0.0008485633333333,0.0027800976666666,0.002343718,0.0018816433333333,0.0022062383333333
0.001519506,0.0037703893333333,0.0037537423333333,0.000793847,0.003725741,0.0005681293333333,0.0059092896666666,0.0135378953333333,0.0001733613333333,0.0011476146666666,0.0108677516666667
6.66666666666667e-06,6.66666666666667e-06,0.0001481493333333,0.0,0.0001072863333333,0.0,0.0024116833333333,0.0,0.0009725536666666,0.005032689,0.0
0.001035636,0.0017696406666666,0.0005720196666666,0.000378721,0.00126839,0.0002381096666666,0.0013571993333333,0.0009213226666666,0.00055777,0.0003253843333333,0.000794758
0.012243257,0.0090770083333333,0.0068235896666666,0.002129784,0.0041350973333333,0.0007776093333333,0.0030931313333333,0.020608064,0.0001222406666666,0.002083631,0.0155834263333333
