0.0056725276666666,0.006652363,3.33333333333333e-06,0.0068605336666666,0.0048396956666666,0.0005460306666666,1.11666666666667e-05,0.0022340713333333,1.33333333333333e-05,0.0003439246666666,0.0064056586666666
0.0046645586666666,0.0119817006666667,0.0019887216666666,0.0150088656666667,0.009349755,0.001942694,1e-05,0.0053419293333333,1.39933333333333e-05,8.57783333333333e-05,0.0042759093333333
0.0009068336666666,0.0081657196666666,0.0008147676666666,0.0095982993333333,0.004872268,0.0012055883333333,6.66666666666667e-06,0.002478674,0.0018484856666666,0.000163752,0.0059886233333333
0.0034076123333333,0.000324304,6.66666666666667e-06,0.0215098856666667,3.33333333333333e-06,1.04466666666667e-05,0.0,0.0010449576666666,1e-05,4.5192e-05,0.0150564123333333
0.0031655236666666,0.0211576773333333,0.002249735,0.0095762866666666,0.003231659,0.0030823166666666,0.000129132,0.014072134,1.26383333333333e-05,5.0399e-05,0.0050124883333333
0.0008849883333333,0.0040240963333333,0.002988283,0.0030929136666666,0.0016701643333333,0.00097782,3.33333333333333e-06,0.0013743843333333,1.62983333333333e-05,1.23163333333333e-05,0.0018401423333333
0.0029306633333333,0.0009368656666666,0.0035363953333333,0.0225448763333333,6.50016666666667e-05,4.2861e-05,0.0019585446666666,0.0046047386666666,0.0021381226666666,0.002442034,0.0131882696666667
0.0068092663333333,0.0112795346666667,0.0056600726666666,0.019323995,0.0103075293333333,0.003212631,1.46666666666667e-05,0.0332694083333333,2.28426666666667e-05,0.000330815,0.019877915
0.0002099876666666,1.66666666666667e-05,0.0011541173333333,0.00103782,0.0,0.0002070873333333,0.0054829866666666,0.000667407,0.002476267,0.008793197,0.000263132
0.001334572,0.0027483533333333,0.0012126536666666,0.0051994796666666,1.67866666666667e-05,0.0008627156666666,0.003821964,0.0018727613333333,0.001190726,0.000530548,0.0044984123333333
0.0175349343333333,0.011730542,0.0004509406666666,0.0450284833333333,0.0080329596666666,0.0019342776666666,4.45e-05,0.027822072,0.000479147,0.0003985496666666,0.03697499
