0.004372759,0.0027115243333333,0.0005629866666666,0.005915392,0.003459566,0.0003329666666666,0.0014995706666666,0.000929498,9.4042e-05,0.0005003583333333,0.0074449596666666
0.002301965,0.0071688916666666,0.0025486716666666,0.0009798533333333,0.0037079323333333,0.0025212226666666,0.0052116873333333,0.0020880416666666,0.0001255896666666,0.000515892,0.0029890983333333
0.002855997,0.016422013,0.0012385723333333,0.0020753313333333,0.0030435163333333,0.0030608313333333,0.002109543,0.0013045673333333,0.0022892403333333,0.0021898803333333,0.0047867976666666
0.0005396616666666,0.0052628673333333,9.48393333333333e-05,0.002087905,0.0002505166666666,0.0002336023333333,0.00096308,0.0005534896666666,4.5375e-05,0.0001373556666666,0.000919803
0.0031366206666666,0.0112048986666667,0.0008018393333333,0.0004313783333333,0.0013451763333333,0.0009729066666666,0.0029185613333333,0.002061987,0.000184471,0.0006907983333333,0.006238798
0.000353017,0.0029756523333333,0.001735293,0.000850108,0.0015378863333333,0.00099365,0.0005242776666666,0.0008229933333333,0.000247945,0.0004109073333333,0.001540268
0.0027492556666666,0.0165339003333333,0.001546916,0.001115353,0.0038149006666666,0.0006247623333333,0.0024990403333333,0.0037106133333333,0.0011952773333333,0.0030688273333333,0.0043118586666666
0.0047306456666666,0.0047224583333333,0.004356415,0.001062955,0.0029286526666666,0.001420178,0.007133553,0.0124578863333333,0.0001133826666666,0.0025627136666666,0.0124717753333333
6.98666666666667e-06,2.28093333333333e-05,0.0002741783333333,3.33633333333333e-05,9.2943e-05,0.0001182176666666,0.003633513,0.0001026023333333,0.0005452113333333,0.0025538993333333,1e-05
0.0011277283333333,0.0038426593333333,0.000394258,0.0002759696666666,0.001335811,0.000470068,0.0028388783333333,0.0016404523333333,0.000578085,0.0005633856666666,0.0022127493333333
0.0162886366666667,0.0104816253333333,0.0083194783333333,0.004944893,0.0086763596666666,0.002731002,0.0063532776666666,0.0176830253333333,0.0002076603333333,0.0049750623333333,0.04512888
