0.0019759103333333,0.0056194686666666,0.0003556596666666,0.0005160613333333,0.0066308816666666,0.0006934873333333,0.0008452566666666,0.0016742326666666,0.0003333446666666,0.000617083,0.0157079873333333
0.001756213,0.007704758,0.0010551856666666,0.000796206,0.0013683716666666,0.0007700386666666,0.0017176473333333,0.00059612,0.0001547166666666,0.000621016,0.0018118083333333
0.002254971,0.0071694686666666,0.00224589,0.001759627,0.0040778756666666,0.0031561873333333,0.000714418,0.002195249,0.001577296,0.0041938423333333,0.0074698006666666
0.0005286216666666,0.00559995,0.0002467446666666,0.0008046543333333,0.0008305273333333,0.0003489353333333,0.0234552073333333,0.0004978306666666,0.00012713,0.0001895173333333,0.0021025786666666
0.0046858266666666,0.0147698156666667,0.001771205,0.0012982103333333,0.0035966156666666,0.002253025,0.008407629,0.0037631583333333,0.000260046,0.000842889,0.0048130823333333
0.0012664056666666,0.0048097096666666,0.0010735633333333,0.000522855,0.001912775,0.0013708716666666,0.0006549936666666,0.001046665,9.7169e-05,0.000350208,0.001441642
0.0025511843333333,0.0147511586666667,0.000767563,0.0009370796666666,0.0040597193333333,0.0012411933333333,0.0012001076666666,0.0062177203333333,0.000889493,0.003205762,0.0087381966666666
0.00360825,0.0115757726666667,0.0031588836666666,0.002175894,0.0045055716666666,0.0020484966666666,0.0058603016666666,0.0204235083333333,0.0004999876666666,0.0032984686666666,0.0158640816666667
6.10853333333333e-05,0.000452837,0.0004751656666666,0.000109217,0.000238551,0.000106671,0.0036211746666666,0.000234739,0.0016292676666666,0.0074587286666666,0.0002492303333333
0.001564369,0.0114299183333333,0.0003370353333333,0.0005919233333333,0.002107955,0.0005931986666666,0.002922051,0.002046873,0.000671757,0.0006149833333333,0.001801142
0.01918115,0.016504743,0.006984241,0.0027060353333333,0.007582899,0.0023651916666666,0.0102406133333333,0.020562068,0.0010950893333333,0.004665451,0.0456957333333333
