0.0035012893333333,0.0009197636666666,0.0003518793333333,8.69136666666667e-05,0.0022585923333333,0.000263061,0.0014349173333333,0.000564077,0.0001025853333333,0.0003675173333333,0.0051273106666666
0.000750299,0.0097663866666666,0.000405056,0.0007201696666666,0.0034982066666666,0.0005421966666666,0.0036565903333333,0.0050468646666666,0.000508794,0.0007061113333333,0.002945082
0.0004950613333333,0.0078090463333333,0.000258524,0.0017328086666666,0.00337024,0.0015825556666666,0.0008069716666666,0.0012095483333333,0.0005360126666666,0.001023722,0.004010744
0.0002947173333333,0.0014286393333333,0.000119261,0.0016630793333333,0.0001538233333333,0.0003727983333333,0.0004717266666666,0.0003188903333333,1.52566666666667e-05,7.53173333333333e-05,0.0002135736666666
0.00210955,0.0069498103333333,0.000659223,0.0028677496666666,0.0038420706666666,0.0044947303333333,0.001699729,0.001634926,0.0007712386666666,0.0015280773333333,0.002916952
0.000369095,0.001954193,0.0008495103333333,0.0002726026666666,0.000832222,0.0003499343333333,0.0003763196666666,0.0006021033333333,0.000220367,0.0004810126666666,0.002424815
0.0021350346666666,0.0109937676666667,0.000636397,0.0011724456666666,0.0014985153333333,0.000298953,0.0025636276666666,0.0069800106666666,0.0038399896666666,0.0037317626666666,0.0027312113333333
0.002389052,0.0021028786666666,0.004360747,0.00137463,0.002769225,0.001372194,0.0085749206666666,0.01159253,0.0001248653333333,0.0018425523333333,0.0100232383333333
3.33333333333333e-06,2.20133333333333e-05,0.0001553216666666,2.13593333333333e-05,3.36996666666667e-05,3.33333333333333e-06,0.0037971066666666,3.8632e-05,0.0009025616666666,0.0044109613333333,0.0001265573333333
0.0012949026666666,0.007104916,0.00016555,0.0001063286666666,0.0004784153333333,0.0004151933333333,0.0012887996666666,0.001152464,0.0001745706666666,7.5004e-05,0.0011753753333333
0.0107827213333333,0.0068847783333333,0.0047815946666666,0.0024950586666666,0.0046387266666666,0.0030450673333333,0.006844209,0.0200662276666667,0.000548917,0.003408539,0.0460292
