0.0004977956666666,0.0011000376666666,0.000652563,8.5337e-05,0.0017869363333333,0.000243326,0.0008489436666666,0.0004969316666666,3.35463333333333e-05,0.0003982353333333,0.003532207
0.0010099736666666,0.0046800546666666,0.0010938103333333,0.001469727,0.0043523766666666,0.000826519,0.0071911896666666,0.000976195,2.8672e-05,0.0008011333333333,0.005365511
0.000707558,0.0045928316666666,0.0012222153333333,0.001929363,0.004231243,0.0022117866666666,0.0026238526666666,0.0028198863333333,0.0004879616666666,0.0011775193333333,0.00410815
0.0004261113333333,0.000719494,0.0001090036666666,0.002347659,0.0001910263333333,0.000132653,0.0017787166666666,0.0002308173333333,0.0,2.66666666666667e-05,0.0004486313333333
0.0017088983333333,0.010335609,0.002586238,0.0002320596666666,0.0027022213333333,0.0002979776666666,0.0027320443333333,0.0032148083333333,9.20986666666667e-05,0.0008901003333333,0.000827368
0.0001411646666666,0.0020091953333333,0.002390892,0.0003521586666666,0.0015284933333333,0.0006781893333333,0.000889006,0.0002233363333333,4.05236666666667e-05,0.0004685953333333,0.0010844313333333
0.0038189553333333,0.01081529,0.002355222,0.000555084,0.002516887,0.000315244,0.0018718213333333,0.0039303396666666,0.0020187586666666,0.002665966,0.0022376823333333
0.001828959,0.006325255,0.0032804793333333,0.0007236303333333,0.0019130683333333,0.001222379,0.0093805996666666,0.00766764,0.0002646193333333,0.0018965996666666,0.0176969916666667
3.33333333333333e-06,6.66666666666667e-06,0.0018046316666666,3.91733333333333e-06,7.51426666666667e-05,0.0,0.005400418,4.0604e-05,0.0010015076666666,0.0045752266666666,3.33333333333333e-06
0.002101223,0.0010813003333333,0.0019780553333333,0.000200384,0.0009580856666666,0.0001406513333333,0.0031683636666666,0.0010942093333333,0.0017018346666666,0.000519662,0.00138922
0.0117220176666667,0.005399534,0.0089942146666666,0.0029785496666666,0.006368373,0.001921321,0.01106228,0.021227616,0.00086745,0.003137101,0.0215421813333333
