0.006770948,0.0015569536666666,0.0003529543333333,0.0001949256666666,0.003493069,0.0004147873333333,0.0029994888333333,0.0004268976666666,8.26605e-05,0.001027684,0.006973859
0.002039682,0.0123297573333333,0.0016570026666666,0.001031169,0.0048065676666666,0.0023848943333333,0.0112834006666667,0.0014521966666666,0.0005418133333333,0.0016902363333333,0.0028210146666666
0.001369671,0.0060944836666666,0.0013529126666666,0.0017380296666666,0.001649888,0.0027298243333333,0.0021605853333333,0.0015003293333333,0.0013115246666666,0.0020152126666666,0.002276777
0.0003395156666666,0.0025381223333333,0.0002130373333333,0.000973628,0.0003035593333333,0.00109484,0.000746327,0.0002432563333333,9.34933333333333e-06,0.0004351226666666,0.0003335156666666
0.000827102,0.0064992296666666,0.000930297,0.000119673,0.0010228393333333,0.0007546333333333,0.00073538,0.0026420306666666,8.73933333333333e-05,0.0026575726666666,0.0027967583333333
0.0006917333333333,0.0033257986666666,0.0012300223333333,0.0004663383333333,0.0017172883333333,0.0007567763333333,0.0009024496666666,0.000498158,0.0003463913333333,0.0007319273333333,0.001346355
0.001730368,0.0132550783333333,0.002554324,0.0005029323333333,0.0020667426666666,0.0007947396666666,0.0029215736666666,0.0041101523333333,0.002500117,0.0063216193333333,0.0050887643333333
0.0023249983333333,0.0039345156666666,0.0015522736666666,0.0010907916666666,0.003762799,0.0023869476666666,0.007293894,0.0108793586666667,0.000142239,0.002908357,0.006749236
0.0,3.33333333333333e-06,0.0012958136666666,3.33333333333333e-06,3.2824e-05,7.42966666666667e-06,0.0015193983333333,1.8081e-05,0.000801189,0.002416202,7.908e-05
0.0017795916666666,0.003699496,0.0008509003333333,0.0005227003333333,0.002227528,0.001248438,0.0046904143333333,0.001618072,0.000191651,0.0023068306666666,0.0018912763333333
0.0108238413333333,0.007667461,0.0055965943333333,0.001558239,0.0047839203333333,0.002745287,0.0088324973333333,0.0189784996666667,0.000569131,0.00426519,0.0263188503333333
