0.005605022,0.0007595813333333,0.0006802113333333,0.0001192473333333,0.001413593,7.36443333333333e-05,0.0013319408333333,0.000665182,0.0010064361666666,0.0004481156666666,0.003344392
0.0012379016666666,0.010870627,0.0017494226666666,0.000633419,0.004534571,0.0006723173333333,0.003974269,0.0007867326666666,0.000181653,0.0007043573333333,0.0019398863333333
0.000519137,0.0091662506666666,0.0003355526666666,0.002092645,0.0031665203333333,0.001108404,0.00217416,0.0012896143333333,0.0008430833333333,0.0018334923333333,0.0051936073333333
0.0001646036666666,0.0016719696666666,0.0002677396666666,0.0018543606666666,0.000159443,0.000118374,0.0006454136666666,0.000294996,3.94436666666667e-05,0.000183132,0.001215029
0.000609202,0.007961512,0.0020659103333333,6.59066666666667e-05,0.002582106,0.0005995343333333,0.0028717436666666,0.0023926143333333,3.98303333333333e-05,0.0019097563333333,0.0012119463333333
0.0002176823333333,0.0017018043333333,0.0004807046666666,0.0003750106666666,0.0012628523333333,0.0011239713333333,0.0003781826666666,0.0003450386666666,0.0002029466666666,0.0004597263333333,0.0009876823333333
0.0022352413333333,0.0454189966666667,0.000790368,0.0006338093333333,0.000651326,0.000289675,0.0017504703333333,0.0042841913333333,0.00368864,0.0028443013333333,0.004302316
0.0027998833333333,0.0031363963333333,0.0031460113333333,0.000737978,0.002098607,0.0010157546666666,0.0070931776666666,0.008804746,0.0001292923333333,0.0019912213333333,0.0067843873333333
0.0,6.66666666666667e-06,0.0005657,0.0,2.16903333333333e-05,0.0,0.0037376446666666,3.33333333333333e-06,0.00126666,0.0048015423333333,0.0
0.0007801973333333,0.0026175873333333,0.0002143896666666,0.0001761023333333,0.000441162,0.0004686393333333,0.00160298,0.000884452,0.00106761,0.000149372,0.0005622733333333
0.0086333596666666,0.0078453076666666,0.0058544976666666,0.0037096453333333,0.0052914833333333,0.0011048713333333,0.0108937136666667,0.0178777483333333,0.000127508,0.002870008,0.0262296343333333
