0.003570878,0.000510004,0.000491119,5.29476666666667e-05,0.0026911823333333,0.0002558503333333,0.001608013,0.0008118266666666,1e-05,0.0005568606666666,0.0034109513333333
0.0009875926666666,0.0074709376666666,0.001221939,0.0028898113333333,0.0032602076666666,0.000789215,0.005247322,0.002665399,0.0005794556666666,0.0007614836666666,0.0035640433333333
0.0003976033333333,0.007650598,0.0029665773333333,0.0022537563333333,0.0034101783333333,0.0027540503333333,0.0013379476666666,0.002400241,0.0008052316666666,0.0017143093333333,0.005916996
0.0002012386666666,0.0010000543333333,0.0001686773333333,0.002175741,0.0011045826666666,0.0004342383333333,0.0006031466666666,0.000506479,0.0,0.000182086,0.000201417
0.0012974006666666,0.0039566783333333,0.0008872433333333,0.003096057,0.0033558223333333,0.0017750826666666,0.002113111,0.001956864,1.05706666666667e-05,0.0028566566666666,0.000921117
0.000151895,0.0007667733333333,0.0018528676666666,0.0006520273333333,0.0012795933333333,0.0012709383333333,0.0003271156666666,0.0005223626666666,0.000255685,0.0005555683333333,0.001213701
0.0017135593333333,0.0057143433333333,0.0007116853333333,0.0030695916666666,0.0027875596666666,0.0003660293333333,0.0018940583333333,0.006457168,0.0014005296666666,0.0026532213333333,0.0023817216666666
0.0015682486666666,0.0027431236666666,0.0027488653333333,0.0010674343333333,0.003698986,0.0013951533333333,0.007916121,0.0085842583333333,0.0003658243333333,0.0023746936666666,0.0046346543333333
5.54093333333333e-05,0.0,0.0004951473333333,4.508e-06,2.44993333333333e-05,0.0,0.0046129706666666,3.45543333333333e-05,0.0010015083333333,0.0047161546666666,3.33333333333333e-06
0.0010444056666666,0.0038039456666666,0.000278075,0.0002284,0.000600177,0.0003739543333333,0.0017839123333333,0.0012557923333333,0.0005122313333333,0.0004432533333333,0.001023599
0.0115237486666667,0.0074140186666666,0.00666535,0.002430851,0.0048525686666666,0.0016591316666666,0.0078969293333333,0.0167247376666667,0.0007158243333333,0.0072554476666666,0.0246344013333333
