0.0064626163333333,0.0017065946666666,0.000993268,0.002548733,0.002059482,0.0004404883333333,0.0022812565,0.0005110523333333,4.16031666666667e-05,0.0021297536666666,0.0041749896666666
0.001225895,0.0096814363333333,0.0005970253333333,0.000890158,0.00370114,0.0011378133333333,0.0038900773333333,0.000842303,9.89683333333333e-05,0.0032426386666666,0.003114219
0.0007623503333333,0.006477493,0.00142876,0.002257838,0.0014588336666666,0.0023591623333333,0.0016672226666666,0.0005083246666666,0.0018710793333333,0.0031304223333333,0.0022146773333333
0.000329782,0.001293542,0.000224632,0.0021198746666666,0.000337294,0.000192799,0.0002824396666666,0.000125451,3.84666666666667e-06,0.001125744,0.0006110576666666
0.000645334,0.004679294,0.0008173146666666,0.0003730306666666,0.0029629586666666,0.0015103163333333,0.0023662553333333,0.0011914316666666,6.92943333333333e-05,0.003555829,0.001381622
0.000468221,0.0013604666666666,0.0015646426666666,0.0005359623333333,0.0014924273333333,0.0009701476666666,0.000854199,0.0006640796666666,0.0003149586666666,0.0011244256666666,0.0017874463333333
0.0006333033333333,0.0067490373333333,0.002082213,0.0010984593333333,0.001037248,0.0004318706666666,0.001561728,0.002547731,0.002121678,0.009155997,0.0052572253333333
0.0017274533333333,0.001804437,0.0015246493333333,0.0003986306666666,0.0016086796666666,0.0016961973333333,0.0067241753333333,0.0055209286666666,0.0004892776666666,0.0024287646666666,0.0052545893333333
0.0,0.0,3.3633e-05,0.0,3.297e-05,0.0,0.0018447686666666,1.49073333333333e-05,0.0008106983333333,0.0033037283333333,3.33333333333333e-06
0.001528841,0.0020261823333333,0.000490376,0.000332519,0.0013518153333333,0.000447406,0.0031457996666666,0.0007731216666666,0.0001842166666666,0.004253621,0.0009467326666666
0.0121701613333333,0.0113392406666667,0.00726859,0.0024255343333333,0.00505336,0.00314576,0.003574281,0.0112656776666667,0.0001709296666666,0.0066221083333333,0.0268247816666667
