0.0029192746666666,0.0027221026666666,0.000791502,0.0008169716666666,0.0024060933333333,0.0010402183333333,0.0026917058333333,0.002070362,0.0001262331666666,0.0011031533333333,0.0055315163333333
0.0016046803333333,0.0058079886666666,0.0011630586666666,0.0010008476666666,0.0024933933333333,0.0016271146666666,0.0042297613333333,0.00066556,0.0004674606666666,0.000720237,0.0013816513333333
0.000794942,0.0086474836666666,0.0025204066666666,0.002550402,0.00347889,0.0022842943333333,0.0013158793333333,0.0026132166666666,0.001258811,0.0012298653333333,0.0069826293333333
0.0003655866666666,0.0026087666666666,0.0022036113333333,0.0007968963333333,0.001030338,0.0003678126666666,0.0125251033333333,0.002515334,7.36623333333333e-05,0.0005745146666666,0.0005721843333333
0.001104904,0.013404113,0.0018764643333333,0.000811038,0.0049445493333333,0.0013596486666666,0.0028220173333333,0.003517496,0.0004397693333333,0.002121351,0.0026351503333333
0.000643605,0.0042361276666666,0.0014874673333333,0.0005127513333333,0.0021164453333333,0.0017149513333333,0.0010607616666666,0.0014057926666666,0.0002643553333333,0.000530073,0.0008554966666666
0.001335497,0.0102743403333333,0.0013049446666666,0.0013104593333333,0.00664341,0.0014569606666666,0.001908877,0.0048098666666666,0.0021179006666666,0.0034731633333333,0.0059976886666666
0.003598312,0.0145981473333333,0.004254569,0.0044378103333333,0.0047085723333333,0.0024678653333333,0.0078803313333333,0.0195063676666667,0.0012280416666666,0.005081023,0.006965294
6.15636666666667e-05,0.0004352203333333,0.0029012816666666,7.66123333333333e-05,0.0001911826666666,7.00766666666667e-05,0.005027826,0.000325005,0.0020393726666666,0.0104036816666667,3.1154e-05
0.0007495613333333,0.0085749383333333,0.0007402166666666,0.000542348,0.0023437333333333,0.000862532,0.0035325216666666,0.002236207,0.001169506,0.0004547433333333,0.0013076666666666
0.016045766,0.0151326753333333,0.0070168656666666,0.0011544446666666,0.0040262876666666,0.0031399956666666,0.008199891,0.023453687,0.00014535,0.005041324,0.0275015043333333
