0.0011853426666666,0.0036649273333333,0.000931962,0.0008297653333333,0.0075313726666666,0.0006965416666666,0.0035299473333333,0.0021897766666666,0.000535637,0.0005703526666666,0.0080244623333333
0.0027099646666666,0.0103296673333333,0.00280063,0.0028758823333333,0.0085112506666666,0.0023161793333333,0.0027679966666666,0.002778557,0.0007841776666666,0.0010405196666666,0.002329879
0.0018540506666666,0.0078925133333333,0.0014880576666666,0.002038904,0.0050865696666666,0.0019271266666666,0.0039436456666666,0.0031363296666666,0.0015239986666666,0.004451256,0.005437336
0.0004604903333333,0.0043402426666666,0.0005645586666666,0.0017671043333333,0.000911544,0.0013873383333333,0.007102918,0.0007818803333333,0.0003524863333333,0.000380336,0.0020944943333333
0.0022663243333333,0.0152993376666667,0.0036153433333333,0.0016796366666666,0.009620189,0.00185608,0.0038228086666666,0.0086339103333333,0.0008290636666666,0.0019185066666666,0.0053429766666666
0.0007409983333333,0.0063972306666666,0.0026790276666666,0.0008404453333333,0.002307791,0.0010032476666666,0.0017714946666666,0.0013061626666666,0.0004073883333333,0.0003715613333333,0.0041338996666666
0.0028308813333333,0.0132469523333333,0.001651669,0.0014334936666666,0.005662237,0.0013050293333333,0.001538588,0.00670051,0.001869388,0.0039324766666666,0.0077042756666666
0.0062857686666666,0.0150919916666667,0.0057577483333333,0.0041630893333333,0.0093826656666666,0.0036275523333333,0.012379839,0.021109741,0.0029182326666666,0.00530064,0.01676904
0.00032761,0.0011325436666666,0.0024633723333333,9.14106666666667e-05,0.0003357696666666,0.000194376,0.00608668,0.0003746843333333,0.0038803026666666,0.0083616936666666,0.000478509
0.0015906006666666,0.0085329826666666,0.0008265096666666,0.0009047616666666,0.002184308,0.000679629,0.0044137446666666,0.002609698,0.0021906063333333,0.000361158,0.0027209306666666
0.014904743,0.015550056,0.00697486,0.002979014,0.0049472293333333,0.0040772733333333,0.012300377,0.0228078946666667,0.0023671486666666,0.0041335183333333,0.0301786766666667
