0.0052719183333333,0.0023400463333333,0.001780042,0.0004655206666666,0.00185581,0.0003217763333333,0.0015839916666666,0.0017700036666666,0.000155083,0.0010530236666666,0.0072466713333333
0.0063004913333333,0.0117039436666667,0.0015435326666666,0.001259794,0.0083339313333333,0.0013647573333333,0.0053829623333333,0.0019095203333333,8.21396666666667e-05,0.0021800856666666,0.0047726436666666
0.00033127,0.0054362243333333,0.001313588,0.0012524766666666,0.001743675,0.001970108,0.00280606,0.0016921,3.33333333333333e-06,0.003064241,0.0025788256666666
0.0002642983333333,0.0013905586666666,0.0002024636666666,0.0017057956666666,0.0008537823333333,0.0010026053333333,0.0004162193333333,0.0012811126666666,0.0001417233333333,0.0008252946666666,0.0004715313333333
0.0014547383333333,0.0086552863333333,0.001192936,0.0003045796666666,0.0022125316666666,0.0005519176666666,0.001339579,0.0017381766666666,6.66666666666667e-06,0.0029493696666666,0.003413331
0.000429165,0.0021493686666666,0.001185574,0.000372256,0.0015747783333333,0.0013318913333333,0.001162179,0.0010628156666666,7.97123333333333e-05,0.0008758306666666,0.0014919856666666
0.0015373746666666,0.0104653406666667,0.0008245763333333,0.000341803,0.0015104443333333,0.000754318,0.0014615056666666,0.0047101453333333,0.003001885,0.005708034,0.0108616466666667
0.0028891566666666,0.005326411,0.0014471133333333,0.0009352506666666,0.0036865643333333,0.0015296176666666,0.007511955,0.01181987,0.0006341406666666,0.002579473,0.011761815
0.0,2.12443333333333e-05,0.000534494,0.0,0.000367393,0.0,0.0024288843333333,5.47666666666667e-06,0.000265631,0.0025435463333333,0.0003045
0.0041919606666666,0.0068333376666666,0.002308349,0.003175422,0.007878098,0.003470192,0.0061335303333333,0.0029267483333333,0.000169282,0.0026076366666666,0.00761009
0.0067259896666666,0.0179719043333333,0.0061144033333333,0.0024796683333333,0.0048217633333333,0.0021965043333333,0.013425853,0.016813348,8.40706666666667e-05,0.0039160696666666,0.024959892
