0.001852301,0.0015889903333333,0.0003862603333333,0.000842125,0.0018250973333333,5.46976666666667e-05,0.0007242126666666,0.000233328,3.89073333333333e-05,0.000223638,0.0029181123333333
0.001169748,0.0121157746666667,0.001378884,0.0011471813333333,0.0031642336666666,0.002338388,0.0088623676666666,0.0019604336666666,0.0002290126666666,0.0016461676666666,0.0046345816666666
0.000228788,0.00547918,0.0020125193333333,0.0030382323333333,0.0043740496666666,0.0022198523333333,0.003294792,0.0030634433333333,0.001571534,0.001342036,0.0049503436666666
0.0004337403333333,0.0023913256666666,0.0004088926666666,0.00054504,0.000239739,0.0002785846666666,0.0018469956666666,0.0007287856666666,0.0,0.0002895676666666,0.00016355
0.001577625,0.0063286126666666,0.0013166756666666,0.000280508,0.0005006493333333,0.000185139,0.0068758853333333,0.0017841823333333,5.5471e-05,0.00064302,0.0012156783333333
0.0001516076666666,0.0019927566666666,0.000659423,0.0004003456666666,0.0014175023333333,0.0007652183333333,0.0006601386666666,0.0004107626666666,3.33333333333333e-06,0.0005551653333333,0.0009689066666666
0.0005102483333333,0.0090563886666666,0.005315622,0.00079962,0.0016468393333333,0.000408186,0.0015270423333333,0.007304863,0.0010192653333333,0.0024205676666666,0.0102431346666667
0.0010256936666666,0.0058313016666666,0.0032442946666666,0.0019502043333333,0.0026862353333333,0.000945044,0.0118506746666667,0.0151505266666667,0.0005655603333333,0.002817816,0.011685172
0.0010299786666666,0.000156607,4.76606666666667e-05,1.15806666666667e-05,0.0008291316666666,3.33333333333333e-06,0.0049883936666666,0.0031787926666666,0.0014896986666666,0.0054141433333333,2.83116666666667e-05
0.000801333,0.0023199666666666,0.0002703516666666,0.0003880456666666,0.000618993,0.000256973,0.0028435616666666,0.0006728923333333,0.0004446503333333,0.0008290803333333,0.0006454053333333
0.008852549,0.0123495756666667,0.0085102236666666,0.0006667783333333,0.005467058,0.0029834346666666,0.0162679193333333,0.0197146406666667,0.0003230683333333,0.0044668136666666,0.04572635
