0.0054762316666666,0.0009646886666666,0.0004854243333333,0.000181985,0.0013634873333333,0.0003573663333333,0.0027823996666666,0.0019906706666666,2.8632e-05,0.0003291996666666,0.0036119743333333
0.0011412463333333,0.0096682486666666,0.001065544,0.001512176,0.0051743023333333,0.0011475666666666,0.0071803266666666,0.0065250603333333,0.0004123486666666,0.0012974506666666,0.003695915
0.0001477143333333,0.0070844326666666,0.0017228136666666,0.002290007,0.0033011623333333,0.0015538823333333,0.0017715623333333,0.0010754126666666,0.0022666126666666,0.0009908393333333,0.0050959863333333
0.001320371,0.001363565,0.000254143,0.0022135206666666,0.000358182,0.000404832,0.0010616516666666,0.000931881,8.8538e-05,0.000198944,0.0014620596666666
0.0020649156666666,0.0068064683333333,0.0007059153333333,0.0032147046666666,0.001126696,0.0003029596666666,0.0025658733333333,0.0013986736666666,0.0002147966666666,0.0011757116666666,0.0021592216666666
0.0005522693333333,0.001669097,0.001046395,0.0003566666666666,0.001296323,0.0003147586666666,0.0005288753333333,0.000396246,0.0003192553333333,0.000761871,0.0018177543333333
0.0026931443333333,0.0068047626666666,0.0010203233333333,0.0004691593333333,0.002441618,0.000588417,0.001747803,0.0085754196666666,0.0051920316666666,0.0025562753333333,0.0026387593333333
0.0034847383333333,0.003409206,0.0035110156666666,0.0026600173333333,0.0037078033333333,0.0009993533333333,0.0097117863333333,0.011236789,0.00027547,0.0039227926666666,0.0084272413333333
0.0,6.66666666666667e-06,0.0002963976666666,0.0,3.15466666666667e-05,0.0,0.003959039,3.74106666666667e-05,0.0012919826666666,0.004401445,9.44653333333333e-05
0.0011330173333333,0.0052622776666666,0.000798576,0.0003336233333333,0.0010172496666666,0.0005200853333333,0.002069567,0.0014909436666666,0.0005434783333333,0.0019603143333333,0.0058365176666666
0.0109783046666667,0.0080439626666666,0.006105647,0.0017512593333333,0.007122685,0.000868657,0.008523829,0.0165817063333333,0.000541775,0.0045337726666666,0.021015059
