0.0029814556666666,0.0034795266666666,0.0001022133333333,0.0096927456666666,0.004387638,0.0010119716666666,0.0,0.002996397,6.236e-06,7.34653333333333e-05,0.008451741
0.0053552753333333,0.013356749,0.005459338,0.0159188633333333,0.0072029983333333,0.003215878,3.1778e-05,0.00806245,1e-05,0.0007276233333333,0.004395176
0.000821291,0.0096389193333333,0.0007051843333333,0.0057545793333333,0.0062542593333333,0.0013562113333333,6.66666666666667e-06,0.0027072886666666,0.001230353,3.2766e-05,0.0044697363333333
0.0064078043333333,0.0002108436666666,3.33333333333333e-06,0.0177362743333333,6.66666666666667e-06,3.33333333333333e-06,0.0,0.0009577893333333,3.33333333333333e-06,2.20846666666667e-05,0.0100842183333333
0.0028588206666666,0.03089641,0.0019925933333333,0.022534189,0.0043512266666666,0.002799213,3.33333333333333e-06,0.010968479,4.22053333333333e-05,0.0003419623333333,0.006515813
0.0019711073333333,0.003918313,0.001309136,0.0029034276666666,0.0013970886666666,0.001019012,0.0,0.0010959123333333,1.3917e-05,2.88476666666667e-05,0.002478812
0.005430998,0.0023955203333333,0.0021300783333333,0.0260251533333333,3.8873e-05,5.19643333333333e-05,0.0018858476666666,0.010660442,0.0023246083333333,0.0042707126666666,0.0089819723333333
0.0087549913333333,0.0137863676666667,0.0060949623333333,0.022908987,0.0073417136666666,0.00364391,5.34283333333333e-05,0.0308968086666667,1.07563333333333e-05,0.0006103436666666,0.017139355
9.73826666666667e-05,2.21213333333333e-05,0.001430582,0.001429194,0.0,6.47583333333333e-05,0.005490446,0.0006190273333333,0.001476992,0.0058743936666666,0.0001558943333333
0.0018757,0.0008894793333333,0.000945144,0.0060843673333333,1.88293333333333e-05,0.0006321566666666,0.004630811,0.002123557,0.0008787196666666,0.0031906563333333,0.0024482766666666
0.0148727343333333,0.013714706,3.8163e-05,0.0373445066666667,0.00598211,0.0046116656666666,4.05266666666667e-05,0.0199920416666667,1.12023333333333e-05,0.001318738,0.0247705743333333
