0.0067156963333333,0.0005235086666666,0.000571103,5.9007e-05,0.0008957823333333,0.0001116906666666,0.0016480301666666,0.000661707,3.7035e-06,0.0004283026666666,0.001650096
0.003128866,0.0058419106666666,0.0013103846666666,0.0012504343333333,0.0025603456666666,0.0006021376666666,0.0047884406666666,0.000595991,0.000184308,0.0005266493333333,0.0018222386666666
0.0007216076666666,0.0068449296666666,0.0015596566666666,0.0021883783333333,0.0033508883333333,0.0028911856666666,0.00073039,0.000479966,0.0010863766666666,0.0011010333333333,0.0038234786666666
0.0015574466666666,0.001082303,0.0001307183333333,0.0007760383333333,9.2203e-05,0.000103272,0.0014470013333333,0.000132373,0.0,0.0002087153333333,0.0001179633333333
0.0016497616666666,0.00670368,0.0004449196666666,0.0003016393333333,0.0008078046666666,0.000213177,0.004251978,0.001881757,7.672e-06,0.0008664226666666,0.0015500593333333
0.0002972846666666,0.0012028446666666,0.000934762,0.000971691,0.000947655,0.0006116346666666,0.0005888156666666,0.0002808286666666,9.9328e-05,0.000120929,0.0012702346666666
0.00473506,0.0088349643333333,0.001009481,0.001254879,0.003251906,0.0009998393333333,0.0013392736666666,0.007431333,0.0011848406666666,0.003898463,0.0114041053333333
0.003078639,0.0029863573333333,0.0026380046666666,0.000936191,0.0028069273333333,0.0009436316666666,0.00923823,0.0129935996666667,9.51746666666667e-05,0.00207205,0.0047795253333333
1.64433333333333e-05,2.32733333333333e-05,6.78796666666667e-05,2.86666666666667e-05,0.0007510183333333,3.33333333333333e-06,0.0045366513333333,2.5544e-05,0.0012817446666666,0.0030287476666666,4.50866666666667e-05
0.0010901706666666,0.0012154673333333,0.0003357096666666,0.0003504843333333,0.0006051503333333,0.000243003,0.0024240946666666,0.000715967,0.000141216,0.0001423383333333,0.000487863
0.0135767596666667,0.0068483766666666,0.009724107,0.000971301,0.0058287673333333,0.0021801443333333,0.0116417796666667,0.011527608,4.3562e-05,0.0041829473333333,0.0140385363333333
