0.0034275903333333,0.001399271,0.000418282,0.0001201473333333,0.0012323746666666,7.70036666666667e-05,0.0015222866666666,0.0006783493333333,2.9999e-05,0.0006071603333333,0.0050789146666666
0.0007818783333333,0.05190608,0.000599081,0.0003537293333333,0.0036658293333333,0.002066655,0.0041525866666666,0.001322029,2.21726666666667e-05,0.0012215433333333,0.0020008596666666
0.0004935036666666,0.005168698,0.0007414413333333,0.0023480516666666,0.003428772,0.002434936,0.00158349,0.0014914936666666,0.0007313516666666,0.000459179,0.0051559383333333
8.71023333333333e-05,0.002078544,0.0001106686666666,0.0023760343333333,0.0001263386666666,0.000133638,0.0015625343333333,0.0003134866666666,1.11276666666667e-05,0.000158937,0.0001894303333333
0.000391156,0.007910216,0.000741778,5.2249e-05,0.0007148936666666,0.0001454713333333,0.0029133823333333,0.0023343276666666,0.0005227106666666,0.0019005276666666,0.0020740536666666
0.0002073836666666,0.002113064,0.0006791193333333,0.0003027926666666,0.0011740286666666,0.001448222,0.0004857186666666,0.000177727,0.0002511253333333,8.73756666666667e-05,0.0009054276666666
0.000753022,0.0130459246666667,0.0015658956666666,0.000515756,0.0014821206666666,0.0001522766666666,0.0022870533333333,0.0032333896666666,0.0033649026666666,0.0029470376666666,0.008931
0.0019652773333333,0.0036074436666666,0.0026169543333333,0.0004693536666666,0.0028612196666666,0.0005910916666666,0.0079576946666666,0.012634096,0.0003366986666666,0.0030225606666666,0.004512349
7.7056e-05,3.33333333333333e-06,6.86513333333333e-05,3.33333333333333e-06,3.21753333333333e-05,0.0,0.003533087,0.0064269313333333,0.0009700526666666,0.0049917223333333,6.66666666666667e-06
0.0008312713333333,0.0040102926666666,0.0004207946666666,4.23546666666667e-05,0.000604405,0.000291383,0.001258449,0.001056572,0.00044611,4.23616666666667e-05,0.000591053
0.0094474686666666,0.007915839,0.0080789243333333,0.0020873043333333,0.0047189503333333,0.0006889623333333,0.0132715473333333,0.015754165,9.76803333333333e-05,0.0020205843333333,0.0348158366666667
