0.00361574,0.0006845376666666,0.0003999143333333,0.0001570563333333,0.0023770586666666,0.0002564683333333,0.0019030265,0.0004892476666666,8.89116666666667e-06,0.0005989783333333,0.0028889236666666
0.0019132353333333,0.008138607,0.0008907093333333,0.0036400766666666,0.005471212,0.0011828376666666,0.002925059,0.000910114,0.0004096883333333,0.00037033,0.0027643483333333
0.0005804973333333,0.0060564266666666,0.001220941,0.0025506826666666,0.003340974,0.0011121233333333,0.001756208,0.0013306186666666,0.0010228106666666,0.0020235733333333,0.0053723573333333
0.0001795233333333,0.001814229,0.0001645036666666,0.0019113276666666,0.001469438,0.0011086326666666,0.000327981,0.0005731446666666,0.0,6.0328e-05,0.0008222903333333
0.0007446306666666,0.005167891,0.000601626,0.0002291863333333,0.0015271426666666,0.0008330733333333,0.002661893,0.0004462386666666,4.81906666666667e-05,0.002185967,0.003119692
0.000319003,0.0008651266666666,0.0003404023333333,0.0004685836666666,0.002141525,0.00143233,0.0005194176666666,0.0001609746666666,0.0001836926666666,0.0002902366666666,0.0016476813333333
0.0013994823333333,0.0110687243333333,0.0010936663333333,0.0004019566666666,0.0011381173333333,0.0012385963333333,0.0005540813333333,0.003410952,0.002659974,0.002072396,0.006865223
0.0026984686666666,0.0019583923333333,0.002853325,0.000911332,0.0029194046666666,0.0008926463333333,0.006263519,0.0114362203333333,0.000138414,0.001150736,0.007712159
3.33333333333333e-06,3.33333333333333e-06,0.000702963,5.63766666666667e-06,2.05793333333333e-05,0.0,0.00440308,3.33333333333333e-06,0.000868337,0.0046227493333333,0.0
0.0008220676666666,0.006081046,0.0002634276666666,0.0002973413333333,0.0007626373333333,0.000183379,0.0010168673333333,0.0004052403333333,0.0002374413333333,0.000409435,0.000245964
0.0103107876666667,0.0064441423333333,0.0048829776666666,0.002079034,0.0041247073333333,0.0022262426666666,0.0094100573333333,0.0152124223333333,0.0001128723333333,0.003401814,0.0243651873333333
