0.0042007046666666,0.0031975536666666,0.00088125,0.002415402,0.002801339,0.0009543873333333,0.0024715875,0.0016921083333333,7.89845e-05,0.001868472,0.005391666
0.0031627956666666,0.0315069513333333,0.002945518,0.0024405823333333,0.0113537823333333,0.0021289503333333,0.0040056373333333,0.00339032,0.0004170793333333,0.004090026,0.0049553803333333
0.0012105163333333,0.011925412,0.0018211243333333,0.0018765593333333,0.0027757203333333,0.002489513,0.0024285996666666,0.001586541,0.00270974,0.004942249,0.0048330263333333
0.001538581,0.0023184466666666,0.0003357636666666,0.0024951973333333,0.0013286843333333,0.0010211416666666,0.0017528316666666,0.0022270613333333,2.31876666666667e-05,0.0012481326666666,0.0015636336666666
0.0021736716666666,0.0127238633333333,0.0020672083333333,0.001265687,0.0061097523333333,0.0041697856666666,0.0032582553333333,0.00324114,0.0004547306666666,0.0051365283333333,0.0060329223333333
0.0008380853333333,0.0052899013333333,0.0024243913333333,0.001231471,0.0021104296666666,0.0013660313333333,0.0004333723333333,0.000831699,0.000358613,0.0018098173333333,0.0020663703333333
0.0034780873333333,0.03762205,0.0033208313333333,0.00674973,0.0040239203333333,0.0008769086666666,0.0018332403333333,0.0051426736666666,0.002138323,0.0073205736666666,0.0091225476666666
0.0055612166666666,0.004976598,0.0028592156666666,0.0019688726666666,0.0061321873333333,0.0023909416666666,0.0067253043333333,0.0185563083333333,0.001061023,0.003093911,0.0157980543333333
3.33333333333333e-06,1.4e-05,0.0020613796666666,3.33333333333333e-06,7.61673333333333e-05,3.33333333333333e-06,0.0015966496666666,1.11453333333333e-05,0.0022105483333333,0.0034588656666666,1.3371e-05
0.0082861793333333,0.0187979053333333,0.0074852366666666,0.0046796003333333,0.016111196,0.0105115876666667,0.001902068,0.0058559543333333,0.0023052863333333,0.0050702716666666,0.017723871
0.017588171,0.0161851636666667,0.012506532,0.004796389,0.011413929,0.0028270893333333,0.007680096,0.0351897533333333,0.0007558146666666,0.0068670246666666,0.0386212133333333
