0.000620985,0.0024343503333333,0.0011286426666666,0.000490603,0.0010726756666666,0.000292156,0.0008934956666666,0.0015044463333333,0.000101087,0.0003205676666666,0.0042501146666666
0.0013709323333333,0.0032829323333333,0.001508295,0.00106338,0.0013880936666666,0.0006346716666666,0.0022145103333333,0.000497241,0.0003042366666666,0.0005441856666666,0.0011756383333333
0.0006897206666666,0.008800342,0.0029113536666666,0.0024709063333333,0.0036525416666666,0.0024747166666666,0.000877035,0.0033240436666666,0.0012952843333333,0.0019075456666666,0.0071184123333333
0.0008471756666666,0.0038309276666666,0.0005254693333333,0.000680561,0.0009551956666666,0.000996916,0.012150803,0.0012760363333333,0.00051594,0.0001301233333333,0.0003759753333333
0.0008537533333333,0.0123712636666667,0.0037887013333333,0.0012437043333333,0.0039910266666666,0.0008734663333333,0.004958913,0.0044158483333333,0.0003373453333333,0.001112056,0.0019409363333333
0.000306951,0.003125555,0.001123034,0.0003882286666666,0.001338317,0.0024807666666666,0.0008698773333333,0.0013309773333333,0.000210562,0.0003055333333333,0.0015265823333333
0.0013462586666666,0.0084258036666666,0.0013164623333333,0.0011194176666666,0.002200162,0.0014144226666666,0.0012826123333333,0.004442482,0.0010815156666666,0.0034755273333333,0.005298253
0.0031926646666666,0.006511932,0.0040503596666666,0.0033432716666666,0.0064436106666666,0.0021348513333333,0.006240107,0.0134914523333333,0.0008978323333333,0.0024526,0.0063346773333333
2.11823333333333e-05,0.0003628786666666,0.0013621546666666,7.62536666666667e-05,0.0003503983333333,5.0236e-05,0.0030442973333333,0.000276147,0.0015224706666666,0.0072134086666666,8.26143333333333e-05
0.001312116,0.0057172586666666,0.0009772606666666,0.0003910103333333,0.0019412323333333,0.0004887346666666,0.0026655473333333,0.0022967903333333,0.0011431326666666,0.000870321,0.0010331226666666
0.015717325,0.00813786,0.0077240466666666,0.0010673906666666,0.007295769,0.002111898,0.007708029,0.0171104203333333,0.0004625366666666,0.0027205536666666,0.0294688883333333
