0.003500796,0.002673078,0.0006211086666666,0.0017073416666666,0.0026924853333333,0.003579338,0.0025009535,0.0011395136666666,8.49045e-05,0.0008314393333333,0.0070008093333333
0.004143646,0.0185940733333333,0.0047822893333333,0.0013276376666666,0.011329278,0.0016717376666666,0.0103857013333333,0.003465541,0.0004307306666666,0.001495044,0.006723504
0.0022146783333333,0.0087542283333333,0.0040344836666666,0.0027067763333333,0.0041731796666666,0.0035849046666666,0.0023603253333333,0.0030531846666666,0.0028737753333333,0.0029753533333333,0.005573368
0.0022879256666666,0.0028102486666666,0.0001752156666666,0.0006579686666666,0.000279871,0.0003370393333333,0.000549016,0.0005962043333333,3.02106666666667e-05,0.0006872993333333,0.0009592346666666
0.0025740423333333,0.0118041526666667,0.0030731206666666,0.0006912933333333,0.0015588266666666,0.0008323726666666,0.0027617146666666,0.006129811,0.00136699,0.002010609,0.0053122883333333
0.0010202803333333,0.0031972943333333,0.001118368,0.0008376426666666,0.0013721526666666,0.0009229103333333,0.00110886,0.0005300356666666,0.0003158023333333,0.0005528413333333,0.0017067726666666
0.0027851913333333,0.0673625766666667,0.0028343356666666,0.0018459606666666,0.0035919386666666,0.0006247713333333,0.0009744856666666,0.0075362443333333,0.0027256943333333,0.0038642423333333,0.0061871146666666
0.0076548376666666,0.0112897003333333,0.0033287823333333,0.002013982,0.0054369446666666,0.0023498776666666,0.0114332966666667,0.0122497386666667,0.000331216,0.003853811,0.0111928436666667
4.51313333333333e-05,0.0001011733333333,0.002512091,9.723e-06,7.03303333333333e-05,2.47813333333333e-05,0.0037694,0.0001918873333333,0.0007161773333333,0.003043584,3.82003333333333e-05
0.0024448693333333,0.004448168,0.0010036796666666,0.001302917,0.002929704,0.0012421206666666,0.0033247886666666,0.002344364,0.0005850093333333,0.0007345283333333,0.0027262253333333
0.0193945603333333,0.011377095,0.0080159243333333,0.0102323996666667,0.0064377033333333,0.0039117823333333,0.005869239,0.020945896,0.0006960216666666,0.0058463086666666,0.0353790066666667
