0.0051616013333333,0.0046046426666666,0.0005714956666666,0.0032727746666666,0.0037014613333333,0.0016216976666666,0.002424439,0.002402542,0.0002097153333333,0.0025476946666666,0.00670623
0.01337943,0.0167755636666667,0.001996078,0.0030773286666666,0.0090944146666666,0.0032912333333333,0.0049531626666666,0.0033507586666666,0.0013880696666666,0.0045387963333333,0.0059475626666666
0.002794068,0.0051914586666666,0.0019391596666666,0.0025043013333333,0.002092334,0.0026199746666666,0.0024260636666666,0.0014047456666666,0.0026247996666666,0.0058888533333333,0.0042652676666666
0.0010579223333333,0.0027979443333333,0.0005624526666666,0.002906259,0.001013858,0.0012816253333333,0.0007272223333333,0.0007661106666666,7.32576666666667e-05,0.0015905893333333,0.0030173483333333
0.0027115413333333,0.0093465856666666,0.004015043,0.0018808756666666,0.0023219253333333,0.0027733926666666,0.0022705743333333,0.0012943103333333,0.0004940086666666,0.003215937,0.0059937213333333
0.0010962136666666,0.0040691576666666,0.0012464966666666,0.0005598616666666,0.003752776,0.0024939763333333,0.0008656546666666,0.0015653893333333,0.0004289936666666,0.0020115813333333,0.0022295886666666
0.0049310303333333,0.0121975926666667,0.0070844803333333,0.0026966,0.0063759346666666,0.001892322,0.001232454,0.007619766,0.0023932856666666,0.0061501316666666,0.0098511736666666
0.0053430796666666,0.004550153,0.004257177,0.002603781,0.0051685713333333,0.0022356023333333,0.0076783986666666,0.0154483196666667,0.0006865543333333,0.0032818146666666,0.0163120446666667
5.4376e-05,2.722e-05,0.0020533683333333,5.6276e-05,8.218e-05,2.38253333333333e-05,0.00187493,2.34086666666667e-05,0.0019248533333333,0.0036007093333333,1.34966666666667e-05
0.0096275376666666,0.015818274,0.0078326803333333,0.0053515606666666,0.014067086,0.0097070686666666,0.00146862,0.0039505486666666,0.001156108,0.0062799103333333,0.0142251986666667
0.0174291113333333,0.0149104,0.0126390433333333,0.0057831476666666,0.0122754573333333,0.00325784,0.0116695223333333,0.03372323,0.0014529616666666,0.00690204,0.0385255466666667
