0.006317901,0.0051739896666666,2.5118e-05,0.0074417763333333,0.006024444,0.0007385666666666,1.1096e-05,0.002142164,4.20846666666667e-05,0.0001076546666666,0.0091166576666666
0.0052983146666666,0.0135723576666667,0.003210719,0.0164088476666667,0.0090722983333333,0.0023373136666666,3.33333333333333e-06,0.0068486423333333,1.4489e-05,9.13453333333333e-05,0.0082710916666666
0.0021930173333333,0.0080633136666666,0.0017594496666666,0.0094375303333333,0.0041514316666666,0.0026512723333333,3.33333333333333e-06,0.002446176,0.0026128956666666,3.75473333333333e-05,0.007207146
0.0048508126666666,0.0004338263333333,1.66666666666667e-05,0.026370259,3.68266666666667e-06,1e-05,3.33333333333333e-06,0.001766877,1.38943333333333e-05,3.206e-05,0.0175320533333333
0.0067032006666666,0.011600482,0.0032746203333333,0.0107528296666667,0.006192389,0.0054702343333333,3.33333333333333e-06,0.0066418933333333,0.0006885786666666,3.9147e-05,0.0061320303333333
0.0009050143333333,0.0053339643333333,0.002991377,0.002011365,0.0040443773333333,0.0010968023333333,0.0,0.0017758493333333,2.67393333333333e-05,1.0626e-05,0.0019429233333333
0.0041118883333333,0.0022120156666666,0.003028748,0.0214356836666667,0.0001486316666666,0.0002300876666666,0.0019103493333333,0.008972696,0.002407871,0.0029228563333333,0.014304864
0.007983069,0.0125592626666667,0.0059872743333333,0.0182684313333333,0.0146946116666667,0.0036609226666666,3.18923333333333e-05,0.0333874833333333,2.1295e-05,0.0001831073333333,0.0241991676666667
0.0001800913333333,0.0001456486666666,0.0012336143333333,0.003086916,0.0,0.0001719436666666,0.005084049,0.00114872,0.0021656316666666,0.0069625066666666,0.0002848083333333
0.0019402153333333,0.0029723236666666,0.00120114,0.0082323923333333,7.5304e-05,0.0014231896666666,0.003459273,0.0024203046666666,0.001427969,0.0006493523333333,0.0049490746666666
0.01280023,0.0152054963333333,0.0005335966666666,0.0474356833333333,0.0142640706666667,0.0040767113333333,1.43253333333333e-05,0.0319591976666667,6.38863333333333e-05,0.0005955966666666,0.03898448
