0.0036563986666666,0.0035176966666666,0.0004430886666666,0.00356607,0.001515026,0.0002043326666666,0.0017077013333333,0.0013155143333333,3.18083333333333e-05,0.0019553486666666,0.003210047
0.0037827636666666,0.0052905823333333,0.000697081,0.0011490366666666,0.0038723383333333,0.0005738836666666,0.0041429083333333,0.0018807683333333,0.0001297376666666,0.000726606,0.00191384
0.000866069,0.00707674,0.0007228276666666,0.0030783,0.0033875993333333,0.0024024516666666,0.0024487433333333,0.002047976,0.0014757126666666,0.0015961723333333,0.0059825133333333
0.0006575163333333,0.000902152,0.0001899306666666,0.0019869573333333,0.000336432,0.0001292176666666,0.0009359706666666,0.0002921523333333,0.0,0.0002356566666666,0.0001617383333333
0.0021569113333333,0.006128632,0.0007303193333333,0.0004860953333333,0.0014307983333333,0.0003888443333333,0.001921026,0.0015778926666666,2.09853333333333e-05,0.0021458476666666,0.0019547986666666
0.0002281326666666,0.001644867,0.000723171,0.0007808843333333,0.002470578,0.0026430503333333,0.0008921753333333,0.000467035,0.000341363,0.0004458173333333,0.000963023
0.004372111,0.006274828,0.002922394,0.0003921453333333,0.0020308696666666,0.000737637,0.0034348366666666,0.003380138,0.0044768733333333,0.002872698,0.0045465623333333
0.004152895,0.003788394,0.0030249253333333,0.0010541766666666,0.0016701546666666,0.0005732473333333,0.0083383816666666,0.01173872,0.0002774973333333,0.002890193,0.0068660116666666
0.0,0.0,0.000547572,0.0,3.18623333333333e-05,0.0,0.0042496396666666,9.35616666666667e-05,0.001194049,0.0056390433333333,3.33333333333333e-06
0.001225318,0.0011821253333333,0.0004529473333333,0.000407809,0.0002699176666666,0.000338662,0.0019698156666666,0.0008089943333333,0.0006616786666666,0.0008262103333333,0.0013063416666666
0.0202436546666667,0.009392449,0.0061707153333333,0.0034585766666666,0.0048115703333333,0.0009185343333333,0.014489757,0.0206919686666667,0.000296388,0.0042129266666666,0.0208876186666667
