0.0038680233333333,0.000808333,0.000433727,0.0031161893333333,0.0016099316666666,0.0001832243333333,0.1196367,0.0008644486666666,3.33333333333333e-06,0.000429823,0.0037280836666666
0.0009908056666666,0.0080414296666666,0.0023521403333333,0.0002834686666666,0.0024982126666666,0.00164109,0.0067537463333333,0.0012733253333333,2e-05,0.0007128503333333,0.001478171
0.0006956393333333,0.0045088556666666,0.0012049953333333,0.0016444296666666,0.0038485976666666,0.002000228,0.0007296623333333,0.001571257,0.0014440466666666,0.0021122443333333,0.0041016103333333
0.0004269223333333,0.0014479456666666,0.0002748006666666,0.0014985223333333,0.0015801123333333,0.0009800703333333,0.0052425476666666,0.000220241,0.0,0.0005262176666666,0.0004134363333333
0.001189221,0.004984072,0.0020100213333333,0.000271029,0.0014863383333333,0.001256019,0.0022826423333333,0.002914472,5.80223333333333e-05,0.0008178966666666,0.001924926
0.0002027596666666,0.0013764596666666,0.0010051593333333,0.000664302,0.0012131426666666,0.0006434653333333,0.0013975583333333,0.000254671,0.0002343693333333,0.0002525733333333,0.0011408303333333
0.002457585,0.006751908,0.0006281473333333,0.0035848466666666,0.0017016793333333,0.0002451323333333,0.0021999526666666,0.0021717116666666,0.0014973213333333,0.003317889,0.002404826
0.0019041546666666,0.0027592403333333,0.003378926,0.000930402,0.001694093,0.001507342,0.0075268753333333,0.0114381953333333,0.0001110386666666,0.002914338,0.00590165
6.66666666666667e-06,6.66666666666667e-06,0.003937026,3.84886666666667e-05,2.74603333333333e-05,0.0,0.004409968,3.25413333333333e-05,0.0005752013333333,0.0030417613333333,1e-05
0.0007242553333333,0.0030988443333333,0.0003755226666666,0.0002451633333333,0.001288096,9.07486666666667e-05,0.0061933576666666,0.0013654733333333,0.0003931086666666,0.0007176133333333,0.0031702533333333
0.0096455483333333,0.0078087283333333,0.008010632,0.0014564506666666,0.0041782386666666,0.001972887,0.0062778573333333,0.0126789446666667,0.000275481,0.00719777,0.0311720943333333
