0.00322041,0.0004324763333333,0.0004590616666666,0.0009075013333333,0.002829735,3.05993333333333e-05,0.0014304436666666,0.00036396,1.81436666666667e-05,0.0004890036666666,0.0044746143333333
0.000719181,0.0039608616666666,0.0024192773333333,0.0015142896666666,0.0031900803333333,0.0020217516666666,0.004442167,0.0029215823333333,0.0003798323333333,0.0006403143333333,0.002019323
0.0003593336666666,0.00613533,0.0016613146666666,0.002122649,0.0024270886666666,0.001984294,0.0007427723333333,0.0012076983333333,0.0006307343333333,0.001836563,0.004032121
0.0003064723333333,0.0017220366666666,0.0001655806666666,0.0013731766666666,0.00098358,9.83353333333333e-05,0.000910319,0.0001767586666666,0.0,8.82506666666667e-05,0.0001980233333333
0.001801686,0.0037723556666666,0.0008023563333333,0.000146383,0.000754855,0.0006793743333333,0.005104972,0.0026702843333333,0.000240678,0.001194854,0.0019191636666666
0.0001651693333333,0.00101794,0.001092757,0.0004083363333333,0.000836968,0.0008456133333333,0.000670013,0.0002946746666666,0.0002407343333333,0.000342221,0.0006812716666666
0.0025641893333333,0.0068172433333333,0.0006048496666666,0.0024000423333333,0.0030128983333333,0.0005442163333333,0.0021750326666666,0.0022167083333333,0.0013142916666666,0.0024469083333333,0.0108697873333333
0.0010817126666666,0.0011475613333333,0.0038175216666666,0.0010520153333333,0.0020739336666666,0.001268799,0.005561435,0.0056680566666666,0.0001338626666666,0.002614927,0.0041694296666666
6.66666666666667e-06,0.0,0.0008391953333333,4.20533333333333e-06,2.0608e-05,3.33333333333333e-06,0.004847838,2.90946666666667e-05,0.0004289476666666,0.0029168226666666,0.0
0.000788665,0.0008792396666666,0.000166169,3.00516666666667e-05,0.000194104,7.62613333333333e-05,0.0033357343333333,0.0012672503333333,0.0006162133333333,0.0004751836666666,0.0007856483333333
0.0081707043333333,0.004442003,0.0091111906666666,0.0019579563333333,0.0042422746666666,0.002082159,0.015015165,0.0138684953333333,0.0009263486666666,0.0058209126666666,0.022270651
