0.0029429806666666,0.0002879046666666,0.000538076,0.000162618,0.0013672943333333,0.000248827,0.0017680743333333,0.0013203006666666,3.33333333333333e-06,0.0005357503333333,0.0037412246666666
0.0010215243333333,0.0058252333333333,0.0012062616666666,0.000500094,0.003431309,0.001326193,0.0049009786666666,0.0013885476666666,4.98356666666667e-05,0.0011022786666666,0.0021908766666666
0.0015994576666666,0.0062915606666666,0.001610657,0.0021059963333333,0.003123055,0.002672498,0.0017901036666666,0.0016101716666666,0.0015179076666666,0.0011130973333333,0.0036856636666666
0.0015855666666666,0.0012239293333333,8.49703333333333e-05,0.0012641346666666,0.000421924,0.000217803,0.0016574446666666,0.0003458906666666,0.0,7.0422e-05,0.0004303816666666
0.0011171473333333,0.007483502,0.0018889323333333,0.0001997823333333,0.0012912623333333,0.0003273376666666,0.004061911,0.0016089616666666,0.000362126,0.000486246,0.0011463593333333
0.0001592333333333,0.0019438826666666,0.001309243,0.000618783,0.001187189,0.0005696766666666,0.0011117526666666,0.0002817933333333,0.000274185,0.0003347806666666,0.000966131
0.001010704,0.0094906033333333,0.001166048,0.001083439,0.0019207883333333,0.00041123,0.003214516,0.0048596353333333,0.001615075,0.003156811,0.002633441
0.001479388,0.0016150443333333,0.003641674,0.0011293153333333,0.003778303,0.0009686676666666,0.0081484196666666,0.0063663826666666,0.0001192183333333,0.002857953,0.0061160046666666
3.33333333333333e-06,6.86133333333333e-06,0.0001128703333333,4.17866666666667e-06,3.16643333333333e-05,0.0,0.00473747,3.8232e-05,0.0006093936666666,0.002589152,6.66666666666667e-06
0.0006775953333333,0.0020075806666666,0.000691996,0.000312286,0.0004838243333333,0.0002241473333333,0.0022188176666666,0.0013638786666666,0.0004398323333333,0.0031407023333333,0.0011788426666666
0.0148672953333333,0.0064327713333333,0.0069433913333333,0.0021671333333333,0.0065650896666666,0.001447263,0.0094330816666666,0.013874491,0.0005582536666666,0.0050252806666666,0.0215260246666667
