0.0035669426666666,0.0031684126666666,0.0013722636666666,0.000885205,0.007351372,0.0013622966666666,0.0026181395,0.0026742936666666,0.0003371591666666,0.000888152,0.0114893996666667
0.0018974223333333,0.0079290743333333,0.001361392,0.001220045,0.0041664376666666,0.0008247936666666,0.0043375923333333,0.0011248946666666,0.0004304423333333,0.001291493,0.0016627636666666
0.0024567933333333,0.007069581,0.001097855,0.0022282343333333,0.003753778,0.0012290533333333,0.0051107563333333,0.0022164043333333,0.0009452766666666,0.0017103016666666,0.0059941423333333
0.00100559,0.0052714873333333,0.0004597053333333,0.001501047,0.001493974,0.0004122973333333,0.01255742,0.0013932266666666,0.0001858596666666,0.0004320183333333,0.0019060273333333
0.0079360363333333,0.0211213143333333,0.0029314403333333,0.00134436,0.006366402,0.001570625,0.0044609743333333,0.0048110356666666,0.000921737,0.0017492253333333,0.0050509893333333
0.0007129163333333,0.004953279,0.0037723326666666,0.00071058,0.0019374836666666,0.000860773,0.0010521336666666,0.001740404,0.000464268,0.0006868256666666,0.0021475673333333
0.0021586916666666,0.0120147913333333,0.0021293696666666,0.0024605913333333,0.0043423513333333,0.0008368543333333,0.001989164,0.006903052,0.0022976383333333,0.0037105333333333,0.0071757526666666
0.0065605303333333,0.0104482933333333,0.006705847,0.0037577326666666,0.0120482276666667,0.0041193766666666,0.008542238,0.0214213743333333,0.0021729106666666,0.005756152,0.0227141693333333
8.27303333333333e-05,0.0010415576666666,0.0042162883333333,0.0001528616666666,0.0003693326666666,0.0001267236666666,0.005461686,0.0005572836666666,0.0021941673333333,0.0074926463333333,0.0003247746666666
0.002080326,0.0073846806666666,0.0008174546666666,0.001279095,0.0026095213333333,0.000835548,0.0050164113333333,0.0033638423333333,0.0017162813333333,0.0015161656666666,0.0029973446666666
0.014943007,0.013172855,0.0094921056666666,0.0058758623333333,0.0068247473333333,0.003473582,0.0117172793333333,0.0300850993333333,0.0016791693333333,0.007622361,0.029731235
