0.0035702573333333,0.0016533206666666,0.0003841763333333,0.0027824933333333,0.001831554,0.0007712453333333,0.0021922851666666,0.0006905073333333,1.70165e-05,0.0004153036666666,0.0028058346666666
0.0007439086666666,0.00405392,0.0013180656666666,0.001326143,0.0010212663333333,0.0006604103333333,0.0031884966666666,0.0020531886666666,0.0006132663333333,0.0002582586666666,0.0007090216666666
0.000819343,0.0062558196666666,0.0021821046666666,0.0035717206666666,0.0032459256666666,0.004923854,0.0031609116666666,0.0027525433333333,0.001613759,0.0028628173333333,0.0023609333333333
0.000305853,0.0014584656666666,0.0001811776666666,0.0022379786666666,0.000307323,0.0002297046666666,0.0008395686666666,0.000294067,0.000101092,0.000168332,0.001477396
0.001461773,0.0076050876666666,0.000994542,0.0001941696666666,0.0007226893333333,0.0003416246666666,0.002821178,0.0010684246666666,0.000399223,0.0011520163333333,0.000959523
0.0006810753333333,0.0015462706666666,0.0010131313333333,0.0005638683333333,0.0019489946666666,0.001173719,0.000814311,0.000467653,0.0003114403333333,0.000645706,0.0016988346666666
0.002629244,0.0077556266666666,0.003467208,0.0030913796666666,0.003443989,0.0003889556666666,0.002991153,0.001664282,0.003558379,0.0040288233333333,0.010660546
0.0020333966666666,0.0074274103333333,0.00320938,0.0015015153333333,0.0026258823333333,0.0013952153333333,0.0071955406666666,0.0122674773333333,0.000695283,0.0028204316666666,0.0083455336666666
0.0001845,6.66666666666667e-06,0.0038178506666666,0.0,2.5962e-05,0.0,0.0048554983333333,0.0067095743333333,0.0014629176666666,0.004993632,4.5064e-05
0.001570207,0.0023521933333333,0.0005115826666666,0.0004651013333333,0.000950429,0.000472774,0.0023471616666666,0.0015343326666666,0.0006945346666666,0.0035501713333333,0.0013180576666666
0.009211653,0.0116226593333333,0.007766806,0.0080033346666666,0.0022698906666666,0.0021401343333333,0.014777493,0.028075479,0.0002676306666666,0.006251259,0.026966829
