0.000706686,0.0018605253333333,0.0024280366666666,0.0008993943333333,0.0019546623333333,0.0002229543333333,0.0012362121666666,0.0009954243333333,0.0001371468333333,0.0003415406666666,0.0054716273333333
0.002908207,0.0066316256666666,0.002856513,0.0022475596666666,0.0042535473333333,0.0013783846666666,0.0068972193333333,0.0035463306666666,0.0004302653333333,0.0015155623333333,0.0035829686666666
0.0013372713333333,0.0049114516666666,0.002236922,0.00257762,0.0045726893333333,0.0024197296666666,0.002304784,0.00260364,0.00122247,0.0011071773333333,0.0041338266666666
0.0003129926666666,0.000940337,0.0003052423333333,0.0021005233333333,0.00019452,0.000232241,0.0007620076666666,0.0007041843333333,9.98033333333333e-06,0.000126146,0.000607808
0.0018339546666666,0.0071736166666666,0.003920054,0.0003744143333333,0.0014003673333333,0.000776846,0.0038653523333333,0.005361797,0.0002913496666666,0.001150773,0.0029259913333333
0.0005531436666666,0.0024523766666666,0.001319229,0.0004981736666666,0.0022586843333333,0.0014745003333333,0.0009629946666666,0.0003413146666666,0.0003545796666666,0.0004485333333333,0.001089052
0.00277348,0.01015932,0.0028326183333333,0.0008859826666666,0.002518477,0.000730309,0.0024261013333333,0.0039330906666666,0.0028915226666666,0.0033731996666666,0.003045409
0.0028710266666666,0.001737185,0.0041501183333333,0.0008870526666666,0.003373535,0.0011717826666666,0.010159013,0.0100513416666667,0.0007995193333333,0.002371535,0.018810359
3.95233333333333e-06,3.33333333333333e-06,0.002405865,1.0664e-05,2.8745e-05,3.33333333333333e-06,0.0044958523333333,3.5764e-05,0.0009640213333333,0.0046749473333333,3.33333333333333e-06
0.0009963686666666,0.0017810583333333,0.0006768003333333,0.0003599293333333,0.000690677,0.0006643376666666,0.004933344,0.0009626483333333,0.000582434,0.000513948,0.0011067913333333
0.016274464,0.0058448196666666,0.0096015196666666,0.0031882876666666,0.007667458,0.00241491,0.0076770326666666,0.0201323056666667,0.0006322503333333,0.003856992,0.0353293
