0.0028871506666666,0.0025993856666666,0.0018692436666666,0.0002707686666666,0.001757266,0.0003758623333333,0.0025726336666666,0.0007862666666666,0.0002974553333333,0.001147263,0.0050835683333333
0.0030760186666666,0.0120129173333333,0.002522648,0.0031231066666666,0.007299958,0.0039835866666666,0.575297433333333,0.0026091003333333,0.0003388196666666,0.0018371803333333,0.0040686746666666
0.001791614,0.0075233936666666,0.001320455,0.0017711703333333,0.004107887,0.0023969056666666,0.002814561,0.0021988766666666,0.0013101273333333,0.0016806823333333,0.0049614416666666
0.0017318973333333,0.0029149756666666,0.0003192806666666,0.0012274156666666,0.000599623,0.000486452,0.0014333223333333,0.0011538606666666,0.0001762566666666,0.0006726896666666,0.0011722023333333
0.0018648046666666,0.0106454046666667,0.005649257,0.001179107,0.0054116856666666,0.0025970836666666,0.005579072,0.0062228203333333,0.0006883003333333,0.0015411516666666,0.0057618366666666
0.000373021,0.0045656573333333,0.0018596656666666,0.0006927356666666,0.0014954883333333,0.00099625,0.0012244903333333,0.0009582153333333,0.0001716643333333,0.000783648,0.002309115
0.0025765803333333,0.0141099533333333,0.0025545343333333,0.0033413646666666,0.0063852463333333,0.002469378,0.0019004616666666,0.0111987563333333,0.0025451203333333,0.0063978463333333,0.020091858
0.004235126,0.0062660396666666,0.004489251,0.002991253,0.0077515826666666,0.0023009473333333,0.0179109483333333,0.0278363376666667,0.001556423,0.0039833656666666,0.0166546266666667
3.39786666666667e-05,0.00025673,0.0010585553333333,4.12993333333333e-05,0.0001054733333333,5.89543333333333e-05,0.0076740126666666,0.0009892833333333,0.0015896686666666,0.0074464113333333,0.000101604
0.0012744656666666,0.0029041323333333,0.0013129893333333,0.0008837626666666,0.001282895,0.000419306,0.0046897386666666,0.0016660266666666,0.000778525,0.0005637126666666,0.0015027346666666
0.0099517743333333,0.0160629936666667,0.012043009,0.0029865943333333,0.0067369036666666,0.0023121653333333,0.0217956833333333,0.024347457,0.0004950513333333,0.005626398,0.0256735
