0.0040703253333333,0.001016241,0.0003771236666666,0.0004058246666666,0.001528041,0.00025279,0.0014714281666666,0.0008807676666666,4.04221666666667e-05,0.000459384,0.0075858526666666
0.0016508113333333,0.0105453306666667,0.0034089746666666,0.0014293116666666,0.0037648156666666,0.00287798,0.0055307546666666,0.0012493603333333,2.69836666666667e-05,0.0007784153333333,0.004326146
0.001069753,0.0167120686666667,0.00253153,0.001768857,0.0035269393333333,0.001904891,0.0007221383333333,0.0024526533333333,0.001371044,0.001615718,0.004262867
0.0008152726666666,0.0017851163333333,0.0001046293333333,0.000535274,0.0001533476666666,0.000160481,0.0007556176666666,0.0003241293333333,3.8492e-05,8.75243333333333e-05,0.0007980026666666
0.0029501546666666,0.01077723,0.0010783093333333,0.000337415,0.0017815883333333,0.00057925,0.003048054,0.0030565076666666,0.000133093,0.001184369,0.0046520343333333
0.000473535,0.0034153646666666,0.00096372,0.00062382,0.001204607,0.000532117,0.000461461,0.000445758,0.0002986616666666,0.0005178293333333,0.0022069233333333
0.0025595273333333,0.6070187,0.0039630386666666,0.0012736993333333,0.0059598493333333,0.000851398,0.002469105,0.0046530366666666,0.0008893893333333,0.0035375566666666,0.0046366733333333
0.0043244833333333,0.0070993613333333,0.003149769,0.002037324,0.005810005,0.001645827,0.009913875,0.0142992723333333,7.45246666666667e-05,0.0020776876666666,0.0126256223333333
3.51706666666667e-05,0.000116642,0.000528974,0.000231197,4.9484e-05,3.54886666666667e-05,0.002843594,3.53983333333333e-05,0.0007718463333333,0.002459942,4.10473333333333e-05
0.001256718,0.0030379536666666,0.0007338753333333,0.0005254246666666,0.0015264026666666,0.000813815,0.002567362,0.0016545916666666,0.000337697,0.000267551,0.0016877966666666
0.016692326,0.0104079236666667,0.0098192766666666,0.0029198926666666,0.0074906046666666,0.002875565,0.006093853,0.015417574,0.0008582826666666,0.002985391,0.03545531
