0.0026993583333333,0.002439703,0.0004481046666666,0.0013895026666666,0.0025678123333333,0.0005280403333333,0.0018583735,0.000541675,8.07883333333333e-06,0.0005022773333333,0.0027918936666666
0.0022577346666666,0.0070602973333333,0.003401666,0.00105873,0.0028859803333333,0.0008933313333333,0.0105206683333333,0.0005363723333333,0.0001082436666666,0.000842435,0.003835045
0.0002392523333333,0.0043632906666666,0.0015836256666666,0.002046704,0.0044320853333333,0.0019205666666666,0.0060787826666666,0.0014598233333333,0.0008569683333333,0.002349684,0.0052830006666666
0.0001788973333333,0.000737414,0.000106779,0.0010765386666666,7.1444e-05,5.91443333333333e-05,0.001174889,0.0001430783333333,0.0,0.0006103976666666,0.000324125
0.0023546683333333,0.0052304806666666,0.0016868506666666,0.0004203173333333,0.0030871736666666,0.0011587923333333,0.0065422933333333,0.0016405973333333,0.0001733573333333,0.0023487586666666,0.0017158416666666
0.000246189,0.001919373,0.002538699,0.0006879056666666,0.001406072,0.0014346713333333,0.0005667443333333,0.0001046693333333,0.00034556,0.000608448,0.001452714
0.004426647,0.0129892406666667,0.0044336473333333,0.000873659,0.004908718,0.0005180536666666,0.0024220013333333,0.0071717046666666,0.002434298,0.0063031733333333,0.0089615523333333
0.002394397,0.005160542,0.0038558703333333,0.0015472633333333,0.0017829453333333,0.0008712526666666,0.0107914256666667,0.0109691943333333,0.0002935003333333,0.0045196233333333,0.0071193046666666
3.79333333333333e-05,4.2194e-05,0.0019044016666666,3.61333333333333e-06,4.07763333333333e-05,3.33333333333333e-06,0.0049311653333333,6.5149e-05,0.0005006953333333,0.0031989976666666,2.16546666666667e-05
0.0010265233333333,0.0021261226666666,0.0006108993333333,0.0004929603333333,0.000718589,0.0004460633333333,0.0037138076666666,0.001104348,0.0007456413333333,0.0008864996666666,0.0018584343333333
0.0115483513333333,0.0101251806666667,0.0079803733333333,0.0027087616666666,0.004946966,0.0025603856666666,0.0123388633333333,0.0164809333333333,0.000233958,0.003871049,0.0248236466666667
