0.0025921306666666,0.0019178183333333,0.0007769746666666,0.000649127,0.0022758673333333,0.000299523,0.0022443845,0.0006122536666666,0.0005555401666666,0.0005594356666666,0.0052696266666666
0.001210668,0.014296528,0.002556447,0.0015355306666666,0.004830987,0.001001518,0.0057760156666666,0.0030303643333333,0.00623694,0.001270008,0.002355424
0.0002015056666666,0.0089203223333333,0.0019776603333333,0.0037204246666666,0.0045185566666666,0.0021452736666666,0.001477757,0.00120863,0.0033341246666666,0.0016820956666666,0.0044360856666666
0.0001956646666666,0.005500141,0.000259585,0.0007488336666666,0.000525665,0.0002437286666666,0.0013044103333333,0.0006218783333333,6.68e-06,0.0002160766666666,0.0004743413333333
0.0019958743333333,0.011919767,0.0008854306666666,0.000280666,0.0007690486666666,0.0003242736666666,0.0027521223333333,0.003231456,0.0011983806666666,0.0016226233333333,0.0011029153333333
0.000139776,0.0030207876666666,0.0009198793333333,0.0004341596666666,0.001588411,0.0011250416666666,0.0004572553333333,0.0002900563333333,0.0006901213333333,0.0001570796666666,0.001008307
0.001156494,0.0180105483333333,0.002993864,0.0021116253333333,0.0031503193333333,0.001063803,0.0026584813333333,0.007074536,0.0016456263333333,0.0033960423333333,0.015125117
0.0023074756666666,0.0066537996666666,0.0043153333333333,0.001821615,0.0038522823333333,0.0020013846666666,0.008278922,0.024322035,0.006094377,0.0035826976666666,0.0092596133333333
6.66666666666667e-06,9.0955e-05,0.0014752123333333,0.0002502616666666,5.68233333333333e-05,3.33333333333333e-06,0.0005021346666666,0.0064939853333333,0.0055250466666666,0.004599711,1.66666666666667e-05
0.00109945,0.0030899596666666,0.0007985,0.000931891,0.000759895,0.0003787583333333,0.0025520093333333,0.0010231746666666,0.00372815,0.000790317,0.000799877
0.011101291,0.0177757556666667,0.0075038113333333,0.0044354746666666,0.0053053743333333,0.0034964626666666,0.0144035103333333,0.016835418,0.002040942,0.00478657,0.0353526033333333
