0.002852923,0.003648404,0.0,0.004382786,0.0039117543333333,0.000271929,0.0,0.001776224,1.05933333333333e-05,0.0001529073333333,0.0081512466666666
0.0023933286666666,0.0230687173333333,0.0018965666666666,0.017399493,0.0068451586666666,0.0032247393333333,3.3191e-05,0.004375221,3.33333333333333e-06,0.0001384866666666,0.004702482
0.0002426523333333,0.0079615913333333,0.0028895963333333,0.00438224,0.0033349426666666,0.0017158403333333,0.0,0.0019794526666666,0.0011338066666666,1.85156666666667e-05,0.0027849026666666
0.0028560316666666,0.0002122713333333,0.0,0.0110351733333333,9.35133333333333e-06,0.0,3.33333333333333e-06,0.0008159073333333,0.0,6.66666666666667e-06,0.0108458673333333
0.001362591,0.0180305723333333,0.0009775973333333,0.013636266,0.0053650153333333,0.0009105436666666,0.0,0.0073483106666666,7.90866666666667e-05,0.0003296276666666,0.0028466836666666
0.000618308,0.0046077726666666,0.0019038253333333,0.002109922,0.0015908326666666,0.0008322476666666,1.64746666666667e-05,0.0009344336666666,0.0,1.2611e-05,0.001451687
0.0019591346666666,0.002041058,0.00147096,0.0288778173333333,1e-05,1.6385e-05,0.0021889966666666,0.0091157806666666,0.0012261,0.004762412,0.009773683
0.0029870936666666,0.0138185236666667,0.0042635443333333,0.0230845,0.0066475196666666,0.0021533953333333,2.29903333333333e-05,0.0309058496666667,0.0,0.0005559606666666,0.010368681
2.51173333333333e-05,8.935e-06,0.0001568036666666,0.000536654,0.0,4.75633333333333e-06,0.0044392656666666,0.0004557306666666,0.0007366686666666,0.0031342563333333,0.0002023356666666
0.0009042646666666,0.0002310996666666,0.0002421156666666,0.0041854846666666,3.33333333333333e-06,0.0005180636666666,0.0030405096666666,0.001731168,0.0003311433333333,0.0006415416666666,0.002373153
0.0065010346666666,0.0134256536666667,0.0,0.026003424,0.00685924,0.004147076,1.88973333333333e-05,0.013661482,0.0,0.000443631,0.04270678
