0.003484851,0.000657598,0.0003700103333333,0.0011214513333333,0.0037453963333333,0.000162897,0.002932408,0.0003325003333333,0.0004264466666666,0.000572774,0.0054650573333333
0.000705404,0.013908776,0.0020821533333333,0.0006619003333333,0.0031958893333333,0.0003007736666666,0.0065682196666666,0.0015537756666666,3.6396e-05,0.000834555,0.001171639
0.0001696566666666,0.0063496196666666,0.0002788776666666,0.001072496,0.0038687,0.000837704,0.0009642926666666,0.0020648186666666,0.0003971703333333,0.0005095706666666,0.0043587466666666
0.0005069623333333,0.0015345936666666,5.6286e-05,0.000881719,0.0001370246666666,8.004e-05,0.0017865743333333,0.0006283396666666,3.33333333333333e-06,0.0001515436666666,0.001247546
0.0039592303333333,0.0094919203333333,0.000264845,0.0001414943333333,0.007544498,0.0001422373333333,0.007356518,0.003522881,3.84576666666667e-05,0.001412357,0.0017968156666666
0.0001019026666666,0.0025723023333333,0.0008064653333333,0.0004292296666666,0.0009784566666666,0.000306325,0.0009628203333333,0.0002360676666666,3.33333333333333e-06,0.0003552863333333,0.0005956076666666
0.001159076,0.0184125666666667,0.0008786046666666,0.001960573,0.00202183,0.0004816096666666,0.001644588,0.0050466906666666,0.0009737333333333,0.004651295,0.0102521366666667
0.003028773,0.0069689873333333,0.0028016466666666,0.0005825443333333,0.002741821,0.00085946,0.010533838,0.0117806093333333,0.0001546286666666,0.002831327,0.005618971
1.50353333333333e-05,0.0003142136666666,8.8293e-05,7.53866666666667e-06,3.86533333333333e-05,0.0,0.004436775,2.6032e-05,0.0006089953333333,0.0029205473333333,6.66666666666667e-06
0.0010126983333333,0.003116174,9.02553333333333e-05,0.000110374,0.0005609636666666,0.0003065443333333,0.002955462,0.0007308203333333,0.0002531896666666,0.0001498183333333,0.0004670493333333
0.018803752,0.007314775,0.005492919,0.0031859673333333,0.002393604,0.0024695476666666,0.0181814423333333,0.011798176,0.0004968066666666,0.003961517,0.0385368266666667
