0.004009341,0.0007522513333333,0.0009938593333333,0.0008597616666666,0.0021299183333333,0.000410828,0.0024551816666666,0.000577764,3.31666666666667e-06,0.000335584,0.0032007353333333
0.0007414713333333,0.0062758873333333,0.002135857,0.0011339406666666,0.003021355,0.0021125793333333,0.0055393006666666,0.0011010186666666,0.0007231923333333,0.0005961816666666,0.005479484
0.000626499,0.0065993486666666,0.0010112143333333,0.002691957,0.0042714813333333,0.0008797033333333,0.000558065,0.0017699053333333,0.0009023166666666,0.001498011,0.0045868373333333
0.0002460856666666,0.0010002703333333,0.0001982886666666,0.0019767593333333,9.7233e-05,0.0006765003333333,0.0007586843333333,0.0003859523333333,3.33333333333333e-06,0.000122593,0.0001813783333333
0.0010858496666666,0.0037764466666666,0.0008341756666666,0.0005811563333333,0.003843472,0.0004977683333333,0.0013417243333333,0.000836352,4.91413333333333e-05,0.001196019,0.0023447373333333
0.0002274913333333,0.0011581163333333,0.000699314,0.000499418,0.001819571,0.0004022333333333,0.0016155966666666,0.0002427256666666,0.000375663,0.000516745,0.0019429753333333
0.0016228126666666,0.008047453,0.0010361936666666,0.0021160836666666,0.000512571,0.0008240056666666,0.00130871,0.0034755693333333,0.0026746643333333,0.0034325753333333,0.00814532
0.0040983173333333,0.0019220273333333,0.0029152403333333,0.0005145013333333,0.0015746986666666,0.0011203966666666,0.0075392923333333,0.0057735086666666,8.65313333333333e-05,0.001258898,0.0052448736666666
0.0,3.33333333333333e-06,0.0013743883333333,0.0,2.0343e-05,7.14766666666667e-06,0.0052744736666666,6.66666666666667e-06,0.001214005,0.006407135,9.94533333333333e-06
0.0006817563333333,0.0062505076666666,0.000314463,0.0006201673333333,0.0005770613333333,0.0003127293333333,0.0319026276666667,0.000514315,0.000431617,0.000445705,0.0006122226666666
0.0083510933333333,0.007544455,0.0049597383333333,0.002416314,0.005437661,0.0062131026666666,0.011831921,0.0138654943333333,0.001812247,0.003885296,0.0192893873333333
