0.006590284,0.0026688386666666,0.0007584803333333,0.000648666,0.003932519,0.0007061273333333,0.0026928075,0.003537527,6.43165e-05,0.001232529,0.00681439
0.0053568216666666,0.0148278973333333,0.0022848496666666,0.0015246793333333,0.0052287516666666,0.002733504,0.0049112263333333,0.002953472,0.0004025633333333,0.004167605,0.008194792
0.00218848,0.0068167266666666,0.0017155926666666,0.001503223,0.0024057936666666,0.0021638396666666,0.0012276043333333,0.0013584923333333,0.001302122,0.0021307216666666,0.0035245376666666
0.0013914813333333,0.0026469876666666,0.0002145663333333,0.0023444953333333,0.0012437906666666,0.0016626973333333,0.0013526156666666,0.000826352,1.78816666666667e-05,0.0008844516666666,0.0035251766666666
0.0017921666666666,0.0115336066666667,0.0014953813333333,0.0009933026666666,0.0079918076666666,0.0013291016666666,0.0023516493333333,0.003892054,0.0005932276666666,0.0034787693333333,0.0044348093333333
0.000548791,0.0038105896666666,0.0011854446666666,0.0010690796666666,0.002195594,0.000766936,0.000610996,0.0013216313333333,0.0003631446666666,0.000919097,0.0019254236666666
0.0010099916666666,0.0166653046666667,0.001835689,0.0011473683333333,0.0030989366666666,0.0014668183333333,0.0021104406666666,0.0069030623333333,0.00472025,0.0089379363333333,0.0101167466666667
0.0050675603333333,0.00581226,0.0027577096666666,0.0018724576666666,0.0061276536666666,0.0015934893333333,0.0101479073333333,0.027952033,0.0007206763333333,0.005025692,0.0169560903333333
5.42906666666667e-05,1e-05,0.0007546936666666,0.0,6.907e-05,0.0,0.0021927293333333,2.47146666666667e-05,0.000961642,0.002463354,6.66666666666667e-06
0.0030642426666666,0.004572758,0.0016137223333333,0.002212743,0.005596221,0.0034724243333333,0.0069569283333333,0.0017715566666666,0.0008945573333333,0.0034057353333333,0.0046042463333333
0.011494463,0.0140186366666667,0.0086704336666666,0.004813361,0.0067340136666666,0.002563572,0.014420786,0.0307972356666667,0.00048666,0.0082504466666666,0.0290039006666667
