0.007834643,0.0006158716666666,0.0005698393333333,0.0056127516666666,0.0015074893333333,0.0004359946666666,0.001578963,0.000209398,8.386e-06,0.000682169,0.003546251
0.000513643,0.0045889443333333,0.000682818,0.0009695906666666,0.0035872236666666,0.0020720986666666,0.0031766163333333,0.0009691833333333,2.3809e-05,0.0007082406666666,0.0018354066666666
0.000411944,0.0054396996666666,0.001324145,0.0024916956666666,0.0029141653333333,0.002146696,0.0006871063333333,0.0016463393333333,0.0004850946666666,0.0010488536666666,0.004485285
0.000367884,0.000442067,7.8549e-05,0.0020571043333333,6.76943333333333e-05,0.000123045,0.000317914,0.0002904243333333,3.33333333333333e-06,5.94503333333333e-05,0.0004570993333333
0.0009462873333333,0.0036545266666666,0.000614422,0.0002381886666666,0.0029087703333333,0.0002871893333333,0.0021500336666666,0.0009884346666666,2.04393333333333e-05,0.0012345543333333,0.0016744496666666
0.0002623536666666,0.000819419,0.0003622543333333,0.0006623406666666,0.0013289403333333,0.001515674,0.0004352646666666,0.000181499,0.0002613466666666,0.0002747013333333,0.0014413426666666
0.000991127,0.0046136746666666,0.0010220846666666,0.0021749733333333,0.0024991106666666,0.0002482966666666,0.001566381,0.003129922,0.0021200503333333,0.0028875936666666,0.002140319
0.0014497796666666,0.0025987096666666,0.0027551336666666,0.0006024023333333,0.001740682,0.000784,0.006920135,0.009816678,0.0001258776666666,0.0015033176666666,0.0048915376666666
0.0,3.33333333333333e-06,0.0002704333333333,0.0,1.40073333333333e-05,0.0,0.0042168326666666,0.0,0.0011142323333333,0.0052788066666666,3.33333333333333e-06
0.000872612,0.0015478226666666,0.000152239,0.0003683286666666,0.0007145633333333,0.00020642,0.023184458,0.001252436,0.0005606126666666,0.0004672096666666,0.0003269166666666
0.0104413203333333,0.0049435126666666,0.0036516683333333,0.001695531,0.0040647836666666,0.0019314716666666,0.004922252,0.011417956,0.0001024686666666,0.002958044,0.0147641033333333
