0.009257462,0.002219145,0.0010937396666666,0.0009248376666666,0.003379454,0.0010328846666666,0.0028867051666666,0.001652228,0.0003839381666666,0.000917722,0.0080481286666666
0.002936134,0.0191645313333333,0.0035616626666666,0.005491631,0.0063920393333333,0.0037333443333333,0.0100498283333333,0.0047399466666666,0.0008683716666666,0.0024775493333333,0.007151274
0.0010181003333333,0.009149437,0.0018004353333333,0.00252544,0.0042079813333333,0.002782942,0.0055438936666666,0.0026377673333333,0.0019823983333333,0.0020784596666666,0.0066437183333333
0.0006581243333333,0.0027794403333333,0.0006127453333333,0.0024744313333333,0.0026602126666666,0.000588945,0.012518599,0.0013540776666666,0.0002580936666666,0.0009888406666666,0.001484345
0.002351597,0.0176700803333333,0.0027287796666666,0.0013433356666666,0.005120131,0.0032151866666666,0.0042745856666666,0.00586909,0.0011186886666666,0.0019208856666666,0.004030023
0.0026631893333333,0.0045553916666666,0.0015653693333333,0.0005992653333333,0.0021279743333333,0.0016101553333333,0.0011558736666666,0.001116973,0.0002615983333333,0.0003916,0.0009624446666666
0.003029562,0.0182732076666667,0.004186453,0.0016090276666666,0.0078613886666666,0.002416268,0.0007057603333333,0.0074145753333333,0.0019852843333333,0.0045254476666666,0.0078223363333333
0.005398749,0.0122844333333333,0.0070772126666666,0.00337818,0.0070244116666666,0.003929198,0.0104995603333333,0.0230298456666667,0.0016672183333333,0.0067412483333333,0.0177675343333333
0.0001634226666666,0.0008079586666666,0.0015602356666666,0.0003808426666666,0.0004033463333333,0.0001008266666666,0.0055632113333333,0.000229634,0.0025195053333333,0.007160735,0.0001880613333333
0.003513206,0.006412115,0.001190265,0.0009922146666666,0.0030221566666666,0.0014443856666666,0.0045441506666666,0.0024112973333333,0.0017687233333333,0.0007697156666666,0.0025549823333333
0.017715344,0.014528378,0.0074950836666666,0.005458501,0.006888165,0.0038037246666666,0.0101390673333333,0.0240607516666667,0.0016384126666666,0.005999318,0.026994551
