0.002987314,0.0030282196666666,0.000550296,0.0032684883333333,0.001833157,6.7723e-05,0.002784836,0.0004134313333333,2.85206666666667e-05,0.000617509,0.0035856893333333
0.0022956186666666,0.015982373,0.0018792563333333,0.0011143983333333,0.0042448533333333,0.0007345666666666,0.00909048,0.0023295523333333,0.0002614723333333,0.0007947213333333,0.001824001
0.0005799156666666,0.00808526,0.002781431,0.003150674,0.0040864796666666,0.0036415443333333,0.0025952286666666,0.0018942513333333,0.001197498,0.00210836,0.0043678436666666
0.000542346,0.0017609023333333,0.0001677786666666,0.0004191976666666,0.0001529343333333,0.0002143416666666,0.002043812,0.0001783496666666,3.33333333333333e-06,0.0001870483333333,0.0002945363333333
0.003161905,0.0105955346666667,0.001092222,0.000561036,0.0056862413333333,0.000632596,0.006417151,0.0025611923333333,0.000110332,0.003186549,0.000906606
0.0002610216666666,0.0023843896666666,0.001637516,0.0006449456666666,0.0014309633333333,0.0012984183333333,0.000533014,0.000214592,6.407e-06,0.0005449763333333,0.0009379746666666
0.0015552556666666,0.0153994313333333,0.001103522,0.000870112,0.0047335423333333,0.000599495,0.0025517976666666,0.006281293,0.001575596,0.0056244126666666,0.012812963
0.0033316946666666,0.0063480536666666,0.0030640533333333,0.0012754436666666,0.004785183,0.000482158,0.014636662,0.011979233,0.0002997776666666,0.004115468,0.004800974
0.0014119933333333,0.0001741106666666,0.0012446536666666,4.38933333333333e-06,4.13773333333333e-05,6.66666666666667e-06,0.0056139486666666,2.64576666666667e-05,0.0007786043333333,0.0044902356666666,3.46906666666667e-05
0.0010831253333333,0.0031620313333333,0.0006197236666666,0.0002392406666666,0.001214977,0.0003572523333333,0.004019731,0.0009083143333333,0.0004560093333333,0.0007828233333333,0.0007155256666666
0.0132285366666667,0.014356006,0.005463924,0.0028942493333333,0.004624148,0.0028436153333333,0.0183687443333333,0.0203618903333333,0.0006705426666666,0.0040794596666666,0.0310137643333333
