0.006727354,0.0027543063333333,0.000354669,0.0005976296666666,0.0023999693333333,0.0004735886666666,0.0034517686666666,0.0013377336666666,0.0001558116666666,0.0005158353333333,0.0068244273333333
0.0028472136666666,0.0133834866666667,0.000819113,0.001842095,0.007412473,0.004425214,0.0063992153333333,0.001834668,0.0001724756666666,0.0011827216666666,0.006666882
0.0015229263333333,0.0061595246666666,0.0016624103333333,0.0028986393333333,0.00243624,0.0027297076666666,0.001224142,0.0039050476666666,0.0025410103333333,0.00184749,0.005154419
0.0005076163333333,0.003292593,0.0001441276666666,0.0020665463333333,0.0004331893333333,0.0010265363333333,0.0071089076666666,0.0006128373333333,0.0003253036666666,0.00024773,0.001733256
0.0033208873333333,0.009407818,0.001375879,0.0011313543333333,0.002334906,0.0013242303333333,0.0015628796666666,0.001172973,0.000200598,0.0016107873333333,0.005729421
0.0006894306666666,0.0024910873333333,0.000721975,0.000429077,0.0032004196666666,0.0015460343333333,0.0013128726666666,0.0006879306666666,0.0002809156666666,0.0004007966666666,0.0022596736666666
0.0030934276666666,0.0155872533333333,0.0017292553333333,0.0010351116666666,0.0030376696666666,0.0018388433333333,0.00090637,0.0059370913333333,0.002604707,0.0035702996666666,0.009862464
0.004986508,0.006022086,0.0016906483333333,0.0017216786666666,0.0049144026666666,0.0010529306666666,0.007132377,0.0182597356666667,0.0002524346666666,0.0015838226666666,0.0123745033333333
2.0576e-05,2.33333333333333e-05,0.0020516156666666,2.96283333333333e-05,3.75933333333333e-05,1.4076e-05,0.0028540123333333,6.66666666666667e-06,0.001514587,0.0038394896666666,0.0005226966666666
0.001797364,0.0034653443333333,0.000620828,0.0009725796666666,0.0011620013333333,0.0010648903333333,0.001677438,0.001990345,0.0005201426666666,0.000488937,0.0033132536666666
0.01613396,0.0161473616666667,0.0055447573333333,0.002022637,0.0104374116666667,0.0027709423333333,0.0065528333333333,0.0258264513333333,0.000340205,0.0050234576666666,0.0423800766666667
