0.0032806536666666,0.000467106,0.000635345,9.7333e-05,0.0014164363333333,0.0001129363333333,0.0020524446666666,0.0004429823333333,1.33283333333333e-05,0.0004973373333333,0.002211531
0.0013934753333333,0.005267724,0.002586229,0.0004520263333333,0.0031482013333333,0.0013618666666666,0.0078608763333333,0.0012315726666666,3.519e-05,0.000318403,0.0016774573333333
0.000579548,0.0038046533333333,0.0024360396666666,0.0018827183333333,0.0048345003333333,0.001632829,0.0007002033333333,0.0015165093333333,0.0003720926666666,0.001605683,0.0036718406666666
0.0017354386666666,0.0012618753333333,7.54746666666667e-05,0.0007250926666666,0.0001832763333333,0.000120349,0.0004755276666666,0.000206823,3.33333333333333e-06,4.8152e-05,0.0018356383333333
0.0019503146666666,0.007395329,0.001178828,0.0003806313333333,0.0007673726666666,0.0002848566666666,0.0047415666666666,0.0029661343333333,4.11853333333333e-05,0.0007025833333333,0.0033641406666666
0.0002512636666666,0.002635924,0.0005335173333333,0.0007324246666666,0.0016722586666666,0.001099752,0.0009954136666666,0.0005098393333333,0.00029502,0.0004710606666666,0.0013291496666666
0.001609353,0.0071312803333333,0.0008748453333333,0.0005496136666666,0.003543933,0.000627665,0.000853479,0.0048518146666666,0.0017274756666666,0.0043065956666666,0.005596528
0.0031159533333333,0.0024351996666666,0.0034835556666666,0.000870323,0.0024668073333333,0.0004970823333333,0.0063920486666666,0.009662105,6.20276666666667e-05,0.0021727733333333,0.010416534
0.0,8.01866666666667e-06,0.0012574656666666,7e-06,0.000851561,3.33333333333333e-06,0.0021788666666666,1.52186666666667e-05,0.000480134,0.0027918133333333,1.26443333333333e-05
0.0010024593333333,0.0013417726666666,0.0001797106666666,0.0005547693333333,0.0007624076666666,0.0004103306666666,0.0022856693333333,0.0014121243333333,0.0001080636666666,0.000129828,0.00086262
0.0119662393333333,0.0045478896666666,0.0054816056666666,0.001611266,0.0050336236666666,0.0021474456666666,0.004623963,0.0112413756666667,0.0002091566666666,0.00246358,0.0377832166666667
