0.0024300493333333,0.0009242873333333,0.000629901,0.0029832133333333,0.0019451233333333,5.97453333333333e-05,0.0017580368333333,0.000851918,3.76441666666667e-05,0.0003502753333333,0.0036380226666666
0.0009594483333333,0.002951768,0.002950768,0.0007208313333333,0.0032573216666666,0.000708398,0.008888839,0.0148695786666667,0.000269367,0.0017865163333333,0.0043414773333333
0.0010270136666666,0.0052771593333333,0.0009207056666666,0.002666104,0.0033222033333333,0.0016859493333333,0.0029953893333333,0.005837961,0.0013122576666666,0.0010681386666666,0.005646685
0.00096888,0.002361617,0.0001116876666666,0.0018548803333333,9.814e-05,0.000100111,0.0005945913333333,0.000483404,7.613e-06,0.0012397896666666,0.001213363
0.002276171,0.0036517153333333,0.0003702323333333,0.000204478,0.003164598,0.0002734573333333,0.0060757743333333,0.0078618526666666,7.0277e-05,0.0029269906666666,0.0004884993333333
0.0001785796666666,0.0017466673333333,0.001222704,0.000464598,0.001151908,0.001063697,0.0007607526666666,0.001889417,3.3815e-05,0.0001896163333333,0.0009124266666666
0.0034305616666666,0.0124011,0.002420039,0.0005861616666666,0.0022432623333333,0.000404512,0.002066399,0.0196031793333333,0.0013897086666666,0.0055754483333333,0.0100054293333333
0.0022094356666666,0.006656106,0.0045075093333333,0.0029074276666666,0.004380728,0.001738823,0.012799119,0.024059583,0.000382375,0.003657277,0.0078604096666666
1.17653333333333e-05,1.712e-05,0.000874055,2.06713333333333e-05,2.26803333333333e-05,3.33333333333333e-06,0.005269506,7.07013333333333e-05,0.0014287376666666,0.0046061396666666,1e-05
0.0008770046666666,0.0011432056666666,0.0002946743333333,0.000213635,0.0009073536666666,0.000315748,0.0047550623333333,0.004068854,0.000368305,0.00062697,0.0004168603333333
0.013705037,0.0096432656666666,0.0061803293333333,0.002054784,0.00574287,0.001092225,0.016579383,0.0138764516666667,0.0012752166666666,0.0037333216666666,0.04348284
