0.00603611,0.003696,0.0003871243333333,0.0009062063333333,0.0021500346666666,0.0004965106666666,0.0013515131666666,0.0007800636666666,3.19481666666667e-05,0.0004365493333333,0.004068971
0.0014809453333333,0.006846779,0.001259672,0.001223863,0.003101939,0.0009233993333333,0.0045451706666666,0.00117672,2.54673333333333e-05,0.0005849296666666,0.002737486
0.000794326,0.006986681,0.002117166,0.0021447133333333,0.0029641223333333,0.0025400183333333,0.0019263476666666,0.0031198643333333,0.0003229836666666,0.0012712203333333,0.0041946446666666
0.0006084466666666,0.001050141,0.0001582523333333,0.0013966406666666,0.000161174,9.315e-05,0.0004908513333333,0.000782962,5.97833333333333e-06,0.0002608213333333,0.000633277
0.001980484,0.0073560793333333,0.0008899626666666,0.0030159796666666,0.0017488183333333,0.000377497,0.0018575706666666,0.003958222,3.03353333333333e-05,0.0016657606666666,0.0032803856666666
0.0004061816666666,0.001446702,0.000950267,0.0006988103333333,0.0011886476666666,0.0015258466666666,0.0011592296666666,0.0004348123333333,1.75256666666667e-05,0.0004192063333333,0.0014022026666666
0.001891332,0.0127508143333333,0.000961045,0.0015451226666666,0.002339533,0.0006128086666666,0.002006749,0.0056422676666666,0.001510495,0.0035770543333333,0.002572168
0.004538274,0.0011676246666666,0.0030178116666666,0.0013043376666666,0.002555034,0.0015665443333333,0.0078050263333333,0.0113004006666667,0.000381798,0.0021498223333333,0.0068122553333333
3.33333333333333e-06,6.41866666666667e-06,7.37196666666667e-05,1.04336666666667e-05,4.23456666666667e-05,0.0,0.003661137,2.3052e-05,0.001187723,0.0036366566666666,1.29456666666667e-05
0.0012660773333333,0.0027159963333333,0.000501276,0.0004604603333333,0.0017744246666666,0.000318986,0.002050634,0.0011094976666666,0.000264483,0.000715091,0.004453558
0.0115230576666667,0.0078412833333333,0.006785101,0.0013859256666666,0.0073115046666666,0.0031513593333333,0.0055713743333333,0.018103629,5.48023333333333e-05,0.0040774893333333,0.026746553
