0.0031974083333333,0.00063845,0.000364024,0.0001625606666666,0.001958729,0.0002881106666666,0.0013932553333333,0.0005327806666666,3.1592e-05,0.000631442,0.0051454066666666
0.0010538776666666,0.007782649,0.000296185,0.001698672,0.0022791246666666,0.001865719,0.0032576203333333,0.0006922,1.63003333333333e-05,0.0007894846666666,0.0013395013333333
0.0005336636666666,0.0081905003333333,0.000300829,0.0021627723333333,0.003013076,0.0010754776666666,0.0012253656666666,0.0011293386666666,0.0005013613333333,0.0033024443333333,0.0043710543333333
0.0007156666666666,0.0016115276666666,7.44403333333333e-05,0.0020540233333333,0.0001187053333333,8.40156666666667e-05,0.0029594983333333,0.0005325033333333,3.706e-06,0.000363158,0.000224339
0.0009943406666666,0.0049869666666666,0.0013932546666666,4.58526666666667e-05,0.0004856913333333,0.0002356996666666,0.0021533733333333,0.001603159,4.93353333333333e-05,0.0010014753333333,0.000818519
0.000259651,0.0018395,0.0020862523333333,0.0004684343333333,0.0011750293333333,0.000423206,0.001539186,0.0001501676666666,0.000220156,0.0002914156666666,0.0007306363333333
0.0025582866666666,0.0180747116666667,0.0015391663333333,0.0003538543333333,0.0006248113333333,0.0001993223333333,0.002198609,0.003093935,0.00262452,0.0031156016666666,0.0081081596666666
0.0019403726666666,0.0026741573333333,0.0024973593333333,0.000248772,0.0005598786666666,0.0004651956666666,0.0076896036666666,0.0100591706666667,0.0001286383333333,0.002460565,0.0117676343333333
0.0,0.0,0.0005919106666666,0.0,5.4372e-05,0.0,0.004195205,6.66666666666667e-06,0.0011634806666666,0.004685437,9.71813333333333e-05
0.000861511,0.002049244,0.0001762333333333,0.0003345493333333,0.0003830186666666,0.0002077626666666,0.0018297496666666,0.001046758,0.0011063626666666,7.9161e-05,0.0004579176666666
0.0219133926666667,0.01535532,0.0048933573333333,0.003030462,0.0012229436666666,0.0009017013333333,0.009121935,0.0165426756666667,0.0002044073333333,0.004869251,0.0293059856666667
