0.0039544666666666,0.0032233513333333,7.251e-06,0.0090756676666666,0.005089228,0.000786905,4.647e-06,0.0018527876666666,0.0,3.2071e-05,0.006361261
0.0034233036666666,0.0061252416666666,0.0035229566666666,0.0147852316666667,0.0126882053333333,0.0027139696666666,2.03043333333333e-05,0.0139943086666667,1.2276e-05,9.94566666666667e-05,0.0071256336666666
0.0013389106666666,0.005011981,0.002222699,0.0065014263333333,0.0043431393333333,0.0026767556666666,0.0,0.0048368143333333,0.0018673656666666,4.13333333333333e-05,0.0055629886666666
0.0045408103333333,4.20996666666667e-05,3.33333333333333e-06,0.0199794783333333,0.0,0.0,0.0,0.0011180193333333,3.33333333333333e-06,2.05e-05,0.0143586966666667
0.0035726023333333,0.0097560033333333,0.0035943903333333,0.008117277,0.0022784206666666,0.0028117233333333,6.66666666666667e-06,0.012531405,1.0875e-05,0.0002529883333333,0.0034778926666666
0.0004534733333333,0.0025969183333333,0.0016334216666666,0.0018089703333333,0.0033131053333333,0.0011488773333333,0.0,0.0030676506666666,0.0,6.66666666666667e-06,0.001650704
0.0037705776666666,0.0007126363333333,0.0015855536666666,0.0164698136666667,4.70196666666667e-05,2.8033e-05,0.0019456243333333,0.013520045,0.001166303,0.002431125,0.0116179623333333
0.004761734,0.0130929286666667,0.0063051773333333,0.0148057556666667,0.00808108,0.0036175146666666,1.4809e-05,0.0270289786666667,1e-05,0.00081907,0.017005233
0.0001088886666666,6.66666666666667e-06,0.0004120856666666,0.0006534046666666,3.66066666666667e-06,6.7283e-05,0.004129276,0.0009811866666666,0.001526762,0.005837361,0.0003696
0.0010931966666666,0.0001285133333333,0.0009142813333333,0.0036212423333333,3.22163333333333e-05,0.0004573076666666,0.0022222853333333,0.0065695423333333,0.000998009,0.0009904266666666,0.0040219253333333
0.0184104116666667,0.011968772,0.000500505,0.03605405,0.007733438,0.0034421766666666,5.07426666666667e-05,0.023329759,1e-05,0.000347228,0.0414326366666667
