0.003566228,0.0024189236666666,0.0026326473333333,0.001069735,0.0022403126666666,0.0003863473333333,0.0016827716666666,0.0010243833333333,8.60376666666667e-05,0.0016213323333333,0.0051848436666666
0.0026334066666666,0.0131740846666667,0.005575315,0.001098523,0.0050585056666666,0.0024801703333333,0.0087248683333333,0.0010048796666666,0.000322144,0.0010583513333333,0.0042873816666666
0.000689982,0.007313002,0.0023234936666666,0.0025491856666666,0.0049451996666666,0.00287108,0.0056196523333333,0.0015681796666666,0.001867936,0.001482967,0.0059072633333333
0.002497664,0.002416915,0.0002738116666666,0.0014575666666666,0.000328606,0.0003297676666666,0.0010253823333333,0.0006330596666666,3.70683333333333e-05,0.0002222046666666,0.0005893916666666
0.0021632683333333,0.013776653,0.0022919423333333,0.0008433433333333,0.0124931196666667,0.001481281,0.005642825,0.0044595536666666,0.0003141836666666,0.0023400466666666,0.003768958
0.0005197126666666,0.003569328,0.0016700493333333,0.0007708883333333,0.0018262043333333,0.001060705,0.000806021,0.0005349626666666,0.0004818746666666,0.0005601626666666,0.003092316
0.003137949,0.0230595263333333,0.0032220423333333,0.0028709813333333,0.0065037493333333,0.000968477,0.0029710083333333,0.0086460876666666,0.002261653,0.0069146696666666,0.0127506493333333
0.005976658,0.006691306,0.004664526,0.0020202536666666,0.0057949783333333,0.0027678643333333,0.0087278713333333,0.0160830686666667,0.0008744246666666,0.003296233,0.0152913773333333
0.0002958066666666,0.0002090776666666,0.0014888413333333,3.21043333333333e-05,0.0002307853333333,1.3442e-05,0.0045627503333333,0.000430373,0.0007882403333333,0.003625966,4.29466666666667e-05
0.0016519726666666,0.003276331,0.000784181,0.0003447086666666,0.0015439003333333,0.0006671423333333,0.0361151866666667,0.0019761263333333,0.0011893326666666,0.0007200316666666,0.0022942963333333
0.018299222,0.0138085873333333,0.007454241,0.004334366,0.0092502753333333,0.0029597866666666,0.0122945866666667,0.027733302,0.0011018843333333,0.007295496,0.0349293233333333
