0.0060600446666666,0.0024033186666666,0.0010515213333333,0.00086607,0.0038071203333333,0.0008326233333333,0.0023329553333333,0.001734864,0.0002804986666666,0.0005789096666666,0.0098318336666666
0.0030336783333333,0.0132911573333333,0.0015311373333333,0.0026806716666666,0.007923024,0.0017529953333333,0.0055445266666666,0.0030614366666666,0.0011567773333333,0.002557855,0.0059964713333333
0.000886464,0.007393664,0.001026968,0.0022154993333333,0.0038148156666666,0.0011626353333333,0.012189181,0.002473743,0.0012083723333333,0.0011431883333333,0.00634952
0.0006772616666666,0.0047664403333333,0.000579079,0.0021900303333333,0.000996348,0.0003374536666666,0.012840798,0.002596044,0.0001594926666666,0.000499979,0.0004412173333333
0.00208901,0.013331248,0.0024524743333333,0.0011113066666666,0.0050076093333333,0.0020663403333333,0.003633022,0.0046732046666666,0.0015003113333333,0.001701581,0.0051897553333333
0.0026845873333333,0.0042552426666666,0.0013205196666666,0.0005840386666666,0.0017087116666666,0.001408233,0.0010489993333333,0.0008622306666666,0.0003967936666666,0.000355082,0.0011622363333333
0.0023043766666666,0.012742974,0.00314283,0.0015932526666666,0.00434436,0.0015246593333333,0.0023553873333333,0.007242498,0.0014087273333333,0.0032917213333333,0.0068335586666666
0.004870117,0.0087899786666666,0.0053760073333333,0.0032048906666666,0.0090819266666666,0.0034267493333333,0.0086365633333333,0.0237341196666667,0.0017427893333333,0.005459316,0.024968661
9.2891e-05,0.0010879086666666,0.002526784,0.0001698766666666,0.0011206706666666,0.000101705,0.0042768606666666,0.000501366,0.0018044936666666,0.0071835063333333,0.0001092646666666
0.0015302056666666,0.006259216,0.0013129593333333,0.0013371076666666,0.0029122366666666,0.000849168,0.0035650423333333,0.0022634663333333,0.0016690376666666,0.0002267103333333,0.001461507
0.0194818806666667,0.0097736236666666,0.00903654,0.0044829183333333,0.0077451543333333,0.0025791096666666,0.0118259893333333,0.0255747436666667,0.0017057646666666,0.006035576,0.0256040786666667
