0.003001299,0.003189702,0.0008950853333333,0.000471186,0.002729488,0.000469048,0.0035883083333333,0.0012699206666666,4.61846666666667e-05,0.0011048203333333,0.0043581976666666
0.002030985,0.0119103746666667,0.0044579413333333,0.0047987003333333,0.0081206976666666,0.001945818,0.0112478373333333,0.0029771303333333,0.000292387,0.0017467166666666,0.004579561
0.000509996,0.0083796803333333,0.0009168793333333,0.0018699633333333,0.0052315563333333,0.0012326233333333,0.0012858666666666,0.002284938,0.000870028,0.0007591763333333,0.0058939823333333
0.0003892016666666,0.003554124,0.000835552,0.0017224746666666,0.001231166,0.000513207,0.00090205,0.0012606126666666,7.74726666666667e-05,0.000501702,0.001682142
0.002239262,0.0149744953333333,0.0027448196666666,0.0010557066666666,0.0028384596666666,0.0015111886666666,0.0078401106666666,0.009963046,0.000415047,0.001373671,0.0062306193333333
0.000872911,0.0033924506666666,0.0011303146666666,0.000678541,0.0026995143333333,0.0010734026666666,0.000804003,0.001378897,0.0001047006666666,0.0002626956666666,0.00163084
0.0023114923333333,0.012132583,0.00161579,0.0042267133333333,0.0050047676666666,0.0022598066666666,0.0025332576666666,0.0101068116666667,0.0013721446666666,0.003871609,0.0129307053333333
0.00449397,0.0097631556666666,0.004900324,0.0020500756666666,0.009208935,0.0032695376666666,0.0126813143333333,0.0319070326666667,0.0004557696666666,0.004991248,0.03145864
2.6853e-05,9.52096666666667e-05,0.0001242696666666,4.1493e-05,0.000733976,9.01313333333333e-05,0.0037844653333333,0.000186752,0.0015200256666666,0.0066665266666666,4.58226666666667e-05
0.0008395986666666,0.0024878346666666,0.002457775,0.0004176523333333,0.0011881166666666,0.0004869636666666,0.0036189073333333,0.0012063743333333,0.000435598,0.0001914673333333,0.0010208906666666
0.0098329863333333,0.0121660363333333,0.0068008813333333,0.0035778366666666,0.0052067086666666,0.0020354113333333,0.0159646953333333,0.0178141193333333,0.0002697183333333,0.0053371976666666,0.0211820793333333
