0.0040565336666666,0.0014917996666666,2.78213333333333e-05,0.003917617,0.003039553,0.000233916,7.60933333333333e-06,0.001108454,0.0,0.000166075,0.0059046403333333
0.0023594466666666,0.0151985086666667,0.0030658606666666,0.0093315926666666,0.0111636473333333,0.0016214463333333,3.99293333333333e-05,0.0034051896666666,0.0,0.000106328,0.003613904
0.0006019226666666,0.0072722516666666,0.0023724893333333,0.004519362,0.004517997,0.0017846246666666,0.0,0.001806054,0.0012483506666666,0.0002711106666666,0.0077414936666666
0.003210563,0.0002262796666666,6.66666666666667e-06,0.0120044406666667,6.66666666666667e-06,0.0,0.0,0.0004188483333333,0.0,6.66666666666667e-06,0.010510251
0.001850225,0.0160595246666667,0.000854496,0.008380775,0.0032595843333333,0.000797355,6.66666666666667e-06,0.0042811406666666,2.53756666666667e-05,3.10743333333333e-05,0.0065670773333333
0.000394336,0.0031310396666666,0.000685047,0.0020863233333333,0.0015826216666666,0.0012691606666666,3.33333333333333e-06,0.0007419183333333,0.0,3.23416666666667e-05,0.003020117
0.0026227996666666,0.001044349,0.0034571743333333,0.020332543,1.85283333333333e-05,8.1773e-05,0.0011912213333333,0.0089127306666666,0.0006495473333333,0.003233152,0.0099347733333333
0.0040257303333333,0.0109996126666667,0.0047811646666666,0.01040715,0.0075058556666666,0.0015564883333333,0.00036013,0.022702715,2.09293333333333e-05,0.0001339563333333,0.013659039
1.33333333333333e-05,4.60846666666667e-05,0.0003043546666666,0.000457383,3.33333333333333e-06,3.01873333333333e-05,0.0053854696666666,0.0011936143333333,0.001629031,0.0063002543333333,4.49106666666667e-05
0.0009076326666666,0.0003081716666666,0.000729981,0.0023844876666666,1.66666666666667e-05,0.0005951083333333,0.00195895,0.001005609,0.0002699253333333,0.000110873,0.0012402666666666
0.0192150533333333,0.0090034926666666,0.001133511,0.0281387043333333,0.0093588366666666,0.0021667773333333,1.0528e-05,0.0218343336666667,1e-05,0.0006622993333333,0.0355313566666667
