0.0088385046666666,0.0020802396666666,0.0016852286666666,0.0048535283333333,0.00264376,0.0006219293333333,0.003299155,0.001434979,0.0006607386666666,0.0007583296666666,0.0067284283333333
0.0043225866666666,0.0168353006666667,0.0016039996666666,0.0017862023333333,0.0082057313333333,0.0013483836666666,0.0089184096666666,0.0023964823333333,0.000214322,0.0013437253333333,0.0062851893333333
0.001090748,0.008053806,0.0025738143333333,0.001939228,0.0040037316666666,0.001766328,0.003461136,0.0025677643333333,0.0015697496666666,0.0022757023333333,0.0050612546666666
0.0029668493333333,0.001915448,0.0002391806666666,0.001325571,0.000507067,0.000386059,0.0012183723333333,0.0007025983333333,5.27833333333333e-05,0.0003587133333333,0.0012997223333333
0.002476654,0.011127867,0.001056579,0.0008730583333333,0.0066213163333333,0.000775132,0.0060954206666666,0.0038468733333333,0.000286955,0.0035961756666666,0.005900815
0.0007442943333333,0.002848591,0.0012533783333333,0.0007607143333333,0.0018360083333333,0.0013589236666666,0.0010432793333333,0.00107398,0.0002100873333333,0.000475229,0.0034412776666666
0.0056764156666666,0.0149039133333333,0.0020118303333333,0.0011091136666666,0.005395513,0.0025320236666666,0.0019247386666666,0.0049365153333333,0.00338241,0.0048034766666666,0.01387694
0.0076620846666666,0.0076777406666666,0.003957235,0.0020463863333333,0.0040793886666666,0.0018807436666666,0.011014639,0.018240429,0.0003690683333333,0.0040094506666666,0.0202012436666667
0.001465384,7.78503333333333e-05,0.0011206296666666,0.0003824886666666,0.0008977743333333,1.11356666666667e-05,0.0048149106666666,7.39076666666667e-05,0.0010645586666666,0.0041248786666666,0.000118268
0.0016481796666666,0.0025644546666666,0.001175791,0.0010222016666666,0.0028319973333333,0.0007135473333333,0.004400074,0.0024763316666666,0.0011763756666666,0.0005942443333333,0.002624085
0.0157950016666667,0.015285968,0.0100596436666667,0.0059776893333333,0.0058350643333333,0.0025150573333333,0.0171944343333333,0.019688511,0.0010851746666666,0.0048583366666666,0.0303563073333333
