0.0056976666666666,0.000830879,0.000603232,7.59753333333333e-05,0.0017065743333333,0.0002985723333333,0.0020460813333333,0.0005229013333333,6.03073333333333e-05,0.0005973966666666,0.0038110903333333
0.0039767686666666,0.026054219,0.0019430683333333,0.000732701,0.0081250236666666,0.0008784006666666,0.0053212656666666,0.0018759083333333,4.77886666666667e-05,0.000718969,0.0030073116666666
0.0015298646666666,0.0055118903333333,0.001127505,0.0034932113333333,0.0035356796666666,0.002429957,0.0007376123333333,0.0011824463333333,0.0019467973333333,0.0021557853333333,0.0037058403333333
0.0002694516666666,0.001509189,0.0003322496666666,0.0003948896666666,0.0001241173333333,0.0001685523333333,0.0022738876666666,0.000222336,0.0,0.000195321,0.0006708856666666
0.001696102,0.008080536,0.000471239,0.000258552,0.0032219646666666,0.0004471066666666,0.005753482,0.0032828383333333,7.39523333333333e-05,0.0022916736666666,0.0022688153333333
0.0007990373333333,0.0034735056666666,0.0015130663333333,0.0006243546666666,0.001507416,0.0009507533333333,0.0008301423333333,0.000472615,0.0001413186666666,0.000253783,0.0011751486666666
0.0027372296666666,0.010928311,0.0010265453333333,0.0019546016666666,0.0082006233333333,0.00091936,0.001838187,0.012320733,0.0012016996666666,0.006776847,0.0147816823333333
0.0052602266666666,0.0046917846666666,0.01473039,0.0015170823333333,0.0048988176666666,0.0012416746666666,0.0139929556666667,0.009265764,0.0002006756666666,0.003834041,0.0084340033333333
7.512e-06,1.7194e-05,0.0008718976666666,9.73813333333333e-05,5.95766666666667e-05,0.0018827396666666,0.0047579513333333,4.87746666666667e-05,0.001096233,0.0026987043333333,3.33333333333333e-06
0.001165176,0.0020432596666666,0.0003858293333333,0.0007119973333333,0.0007355236666666,0.0003018963333333,0.0032028306666666,0.0010195383333333,0.000350639,0.000684506,0.0009477473333333
0.0171268036666667,0.0100974106666667,0.0076857613333333,0.0039998916666666,0.006816664,0.00218812,0.0154146263333333,0.0180649733333333,0.000954134,0.0043671116666666,0.0253220626666667
