0.006453621,0.0028396216666666,0.0008351646666666,0.0030752393333333,0.002578198,0.0001974813333333,0.002175426,0.000738416,5e-06,0.000378818,0.00268312
0.00121842,0.0099399633333333,0.0007599166666666,0.001115366,0.0017181366666666,0.0010916923333333,0.005979688,0.0012493686666666,0.0006524283333333,0.001355336,0.0016594483333333
0.0009083336666666,0.0058229613333333,0.00147793,0.0036769773333333,0.003252516,0.0037084233333333,0.0032470413333333,0.002181372,0.0016640763333333,0.0020323163333333,0.0015925906666666
0.0003795163333333,0.0011843143333333,0.0002146396666666,0.002139027,0.0001761846666666,0.0001351516666666,0.0013501633333333,0.0010068586666666,9.63156666666667e-05,0.000186469,0.0003206763333333
0.002430327,0.005703283,0.0010650823333333,0.0001659563333333,0.002511497,0.000324678,0.0030173943333333,0.0009616953333333,0.0002264343333333,0.0016188063333333,0.0024886156666666
0.000405389,0.001378078,0.0010601426666666,0.0004710286666666,0.0016674933333333,0.0010200406666666,0.00077548,0.000410197,0.000344668,0.0007364676666666,0.0007346436666666
0.0052373533333333,0.007087556,0.0030319663333333,0.0009041986666666,0.001767542,0.0003719946666666,0.002269826,0.0007234603333333,0.003677097,0.0036612903333333,0.01296914
0.001907579,0.0036949266666666,0.0030910306666666,0.0017807373333333,0.001494285,0.0007821723333333,0.0070212056666666,0.0133912876666667,0.000433105,0.002429136,0.0058687446666666
0.0001786786666666,1.27923333333333e-05,0.0036831163333333,3.33333333333333e-06,0.0007636536666666,0.0,0.0053692956666666,0.0071592093333333,0.001927153,0.0061898703333333,4.6948e-05
0.0012597636666666,0.0020766123333333,0.000759672,0.0001932626666666,0.0012715423333333,0.000489276,0.0025232836666666,0.0009946743333333,0.000688075,0.003370598,0.000639946
0.0125667733333333,0.0102578546666667,0.0056699483333333,0.0046580006666666,0.0045501193333333,0.0020735086666666,0.0153318553333333,0.0224589713333333,0.00026134,0.005567087,0.0236590043333333
