0.0029898906666666,0.0004421373333333,0.0004231396666666,0.003819719,0.0018664826666666,0.000942516,0.002014492,0.000929466,6.18926666666667e-05,0.0004534496666666,0.0037545716666666
0.0010299123333333,0.007040172,0.0036954503333333,0.000533372,0.0034351736666666,0.0010094023333333,0.0072265803333333,0.0012328013333333,0.0001446263333333,0.0008972913333333,0.0035528756666666
0.001079587,0.006907207,0.0004902233333333,0.0025322433333333,0.0044060573333333,0.001361648,0.005569169,0.001767187,0.0026383593333333,0.0035663656666666,0.0055091486666666
0.0004290533333333,0.001023275,0.000530539,0.0017733656666666,0.0005532293333333,0.0001665683333333,0.003989078,0.0003325966666666,3.05203333333333e-05,0.000552428,0.0005628543333333
0.0037711843333333,0.0095943633333333,0.0008445383333333,0.000159842,0.001328757,0.0010819333333333,0.0036289116666666,0.0047947663333333,0.000166218,0.0012681996666666,0.002117139
0.0004363886666666,0.002500071,0.0017565253333333,0.000359304,0.0011769236666666,0.0005294536666666,0.000876779,0.0007430726666666,0.0003170906666666,0.00048865,0.0015696913333333
0.0042919466666666,0.010121635,0.0036542396666666,0.002716746,0.0030300653333333,0.001252243,0.0016571993333333,0.0061274133333333,0.001402516,0.0044083226666666,0.006781629
0.0037958243333333,0.0025679396666666,0.0044110636666666,0.0018090196666666,0.0022527476666666,0.0017269796666666,0.0077900613333333,0.011752212,0.0018720553333333,0.002558699,0.0068271383333333
1.33333333333333e-05,3.33333333333333e-06,0.001206715,3.33333333333333e-06,4.16133333333333e-05,3.33333333333333e-06,0.0049366286666666,2.3224e-05,0.0007913873333333,0.0044111073333333,1.9268e-05
0.001420133,0.0019675196666666,0.00105694,0.0004489903333333,0.00179704,0.0004160353333333,0.002052419,0.0010577576666666,0.00150076,0.0002963393333333,0.001190031
0.013996491,0.0105834123333333,0.009577771,0.0028795186666666,0.001719796,0.002255299,0.0070270273333333,0.010987681,0.000742996,0.004719777,0.0199790503333333
