0.003161552,0.0035817226666666,8.851e-06,0.004980297,0.0043073306666666,0.0003725036666666,1.23483333333333e-05,0.0018127823333333,6.66666666666667e-06,0.0001570163333333,0.005155589
0.0034587683333333,0.0157804796666667,0.0040363503333333,0.0225068116666667,0.0110677586666667,0.0032582593333333,2.11843333333333e-05,0.0055095773333333,3.40363333333333e-05,0.0001115823333333,0.0055223576666666
0.002406752,0.0068199643333333,0.000771129,0.0044058723333333,0.0038461823333333,0.001238465,3.33333333333333e-06,0.001906671,0.0011293576666666,0.002064113,0.0052847743333333
0.004578861,0.0001829303333333,0.0,0.019743801,6.66666666666667e-06,8.95733333333333e-06,3.33333333333333e-06,0.0006841803333333,3.33333333333333e-06,1.3406e-05,0.009552224
0.001652854,0.0204787343333333,0.0024854083333333,0.012635271,0.0027713226666666,0.0014379516666666,6.86436666666667e-05,0.012217543,3.27363333333333e-05,9.55666666666667e-05,0.0071939536666666
0.0005848723333333,0.0035064586666666,0.0007909633333333,0.001887141,0.0015569113333333,0.0015171163333333,0.0,0.0008773433333333,0.0,3.95513333333333e-05,0.0029494136666666
0.0034746206666666,0.0012806246666666,0.0040736223333333,0.0242112703333333,0.0001618743333333,0.0001993533333333,0.0019324536666666,0.0138567786666667,0.0012695703333333,0.0028421813333333,0.008393947
0.0047431016666666,0.0137153786666667,0.0045594066666666,0.0173710056666667,0.008220893,0.0024503333333333,6.6547e-05,0.0313579283333333,0.000598418,0.0003403056666666,0.018055602
0.00024326,0.0005437306666666,0.0009050796666666,0.000332209,0.0,7.4226e-05,0.0069017646666666,0.000113918,0.001645434,0.0057727573333333,6.62316666666667e-05
0.001091427,0.0001870126666666,0.0013167383333333,0.004071771,6.66666666666667e-06,0.0006059813333333,0.0027504023333333,0.0016405813333333,0.0005346223333333,0.000224725,0.0011742996666666
0.0150498363333333,0.0135208696666667,0.0010698593333333,0.027722332,0.0090155486666666,0.0017646956666666,0.0001403323333333,0.0223457263333333,0.0001564153333333,0.0018931823333333,0.03340151
