0.0074695823333333,0.002478758,0.0005793273333333,0.0001879306666666,0.0025738306666666,0.0005838353333333,0.002452877,0.0022168086666666,4.30306666666667e-05,0.0013370086666666,0.007249903
0.0268719953333333,0.0131942283333333,0.001373409,0.0010562423333333,0.0046330573333333,0.0017997606666666,0.0041162286666666,0.001634528,0.0007971873333333,0.002091325,0.0123432696666667
0.0004104753333333,0.006631723,0.0003898136666666,0.0019112986666666,0.001561178,0.0011295926666666,0.000328573,0.0008934866666666,0.0004074853333333,0.0014520176666666,0.002786987
0.001065271,0.0023720286666666,0.000180061,0.0014417946666666,0.0010876483333333,0.001143829,0.000559264,0.000648508,3.33333333333333e-06,0.0008430176666666,0.0009942116666666
0.0020353426666666,0.0105956793333333,0.0011934066666666,0.0001783913333333,0.00919504,0.0004552883333333,0.001859527,0.004210676,4.322e-05,0.0038730316666666,0.0049598706666666
0.0007017026666666,0.0033671643333333,0.001056145,0.000279906,0.002110794,0.0005856926666666,0.000575056,0.001491082,0.0003137166666666,0.0007821676666666,0.0015071596666666
0.0009943933333333,0.0147578883333333,0.0016184443333333,0.0005849876666666,0.001961976,0.0006722143333333,0.0021358776666666,0.0050389836666666,0.002477533,0.0056351076666666,0.0105538036666667
0.0040937233333333,0.0083441416666666,0.001803398,0.001058856,0.0040521086666666,0.0010421763333333,0.0083706736666666,0.021214776,0.0003846813333333,0.002793143,0.0075065826666666
3.33333333333333e-06,6.66666666666667e-06,0.0005391203333333,0.0,5.54893333333333e-05,0.0,0.0016590956666666,1.21066666666667e-05,0.0009126543333333,0.0020747506666666,6.66666666666667e-06
0.0061656526666666,0.0113977883333333,0.002372723,0.002966319,0.007937472,0.0039971243333333,0.006120865,0.0042435526666666,0.0012468003333333,0.00270113,0.0119328586666667
0.0080882306666666,0.0143673113333333,0.0071028093333333,0.0031462763333333,0.0051302733333333,0.0021525676666666,0.0125535133333333,0.0218708246666667,0.000420306,0.005388423,0.0363755333333333
