0.003242339,0.0003353423333333,0.0006395553333333,7.88503333333333e-05,0.0013314396666666,0.000230613,0.0016105891666666,0.0003283216666666,8.44151666666667e-05,0.000870259,0.0026652906666666
0.000931502,0.0044250796666666,0.0007880066666666,0.0009054116666666,0.002960177,0.0004511116666666,0.004139335,0.0010617786666666,2.16736666666667e-05,0.0004855276666666,0.0016471653333333
0.000372904,0.0060775703333333,0.0002860933333333,0.0016999163333333,0.003042041,0.0015999643333333,0.0005618056666666,0.0011205516666666,0.000298285,0.000512432,0.0039288833333333
0.0001970653333333,0.00183823,0.000202064,0.0013527216666666,0.0001021226666666,0.000127492,0.0007945353333333,0.0002185376666666,0.0,0.0004527066666666,0.0007261133333333
0.0013567306666666,0.002411121,0.0007901073333333,0.002770636,0.0016010553333333,0.0002610616666666,0.0015087776666666,0.0004356366666666,7.13466666666667e-06,0.0021833743333333,0.0011805056666666
0.0001853686666666,0.0011553793333333,0.0008309983333333,0.000393398,0.000974729,0.0014088506666666,0.0003340053333333,0.0002985536666666,0.000223572,0.0003470666666666,0.0011908416666666
0.000924008,0.006846125,0.0007685363333333,0.0006146756666666,0.0004490533333333,0.00063111,0.0012174883333333,0.0032792673333333,0.0016666326666666,0.0028320293333333,0.0015693206666666
0.0010969873333333,0.0017977716666666,0.0035382843333333,0.000474641,0.0023060113333333,0.000251047,0.0080978826666666,0.0057483983333333,7.39883333333333e-05,0.0013644536666666,0.0042812956666666
7.70933333333333e-06,0.0,0.0002431446666666,6.66666666666667e-06,3.22346666666667e-05,0.0,0.0028189146666666,0.0010023466666666,0.000439487,0.003207346,0.0
0.0008956463333333,0.003719429,0.00020426,0.0003224546666666,0.001105065,0.000580485,0.0020312266666666,0.0013327166666666,0.0003423343333333,0.000142433,0.000353026
0.0117459386666667,0.0040714303333333,0.004399925,0.0019259556666666,0.0038017373333333,0.001356165,0.0063512866666666,0.0128139283333333,0.000412321,0.002419912,0.021138403
