0.000661817,0.000153986,0.0002037503333333,0.0014612293333333,0.0012595786666666,0.0,0.00198529,4.16783333333333e-05,0.0001082886666666,3.71666666666667e-05,0.009197516
0.0060825026666666,0.0136742623333333,2.97573333333333e-05,0.001334248,0.0051892636666666,0.0014164283333333,0.0115321036666667,0.00272222,0.00056489,7.62046666666667e-05,0.010400916
0.0008200116666666,0.009226043,0.0012758753333333,0.0028000133333333,0.0029389363333333,0.0021343183333333,0.003200158,0.0021345963333333,0.0013251893333333,0.002259135,0.005721425
0.0010846943333333,0.0040888416666666,0.000555329,0.0013311823333333,0.0004873163333333,0.000270514,0.001953365,0.0,3.80893333333333e-05,1.13986666666667e-05,0.0016690656666666
0.0026479043333333,0.0085285323333333,0.0012876986666666,0.0009513966666666,0.0016500066666666,0.00143736,0.006030652,0.0033102636666666,0.0004031493333333,0.000450996,0.004929448
0.0004338156666666,0.003120807,0.0012017416666666,0.0004065653333333,0.0008080883333333,0.0009164396666666,0.0013905423333333,0.0006438926666666,0.0001618093333333,1.98606666666667e-05,0.002547279
0.0028536516666666,0.0175572586666667,0.0028926676666666,0.0056828526666666,0.0048520296666666,0.001146936,0.0029179426666666,0.012712549,0.0021800536666666,0.0075451056666666,0.0175746673333333
0.0043070323333333,0.0009523896666666,0.0001989753333333,0.0024995056666666,9.278e-05,2.5714e-05,0.0165850336666667,0.026568311,0.0014317033333333,0.0002177263333333,0.0404212966666667
0.0013090906666666,0.0002150446666666,0.000527344,2.62323333333333e-05,7.95986666666667e-05,0.0002196666666666,0.006263355,0.0002747773333333,0.0024432996666666,0.0065456506666666,0.0002638306666666
0.0022623436666666,0.002742209,0.000674365,0.0013240566666666,0.000749952,0.0017105863333333,0.006155694,0.001328116,0.001798485,0.0002013186666666,0.0016559173333333
0.015264086,0.0004551273333333,0.000721274,0.004857875,4.51356666666667e-05,1.51346666666667e-05,0.019631547,0.0011050256666666,0.0010515396666666,0.0001127616666666,0.0875488433333333
