0.0024035316666666,0.0007375086666666,0.0004169686666666,0.0046185253333333,0.0021828716666666,0.001334843,0.0016936226666666,0.0005578263333333,7.04966666666667e-06,0.0003274433333333,0.0032143386666666
0.0007341603333333,0.0119965726666667,0.0028886546666666,0.00077055,0.0021729806666666,0.0003126236666666,0.004716556,0.0010454233333333,0.0001596436666666,0.0005554893333333,0.0040120903333333
0.0020554033333333,0.004639648,0.000887853,0.0013786213333333,0.0034382443333333,0.0016081663333333,0.0014108813333333,0.002436482,0.0011595013333333,0.0018044486666666,0.004251292
0.000352578,0.0011425483333333,0.000760237,0.000599676,0.000295552,0.0002205726666666,0.0005631486666666,0.00059757,0.0,0.0001624083333333,0.000338694
0.0016369413333333,0.0069653553333333,0.0007363153333333,0.000232801,0.0022714706666666,0.0003267973333333,0.0016581023333333,0.00281018,3.61473333333333e-05,0.0018118406666666,0.001669129
0.0002443613333333,0.002102108,0.0009837066666666,0.0005459216666666,0.0010205166666666,0.0005367726666666,0.0026628343333333,0.0003829566666666,0.0004570333333333,0.0004482866666666,0.0015253816666666
0.0039209126666666,0.008258914,0.0019105803333333,0.0016052256666666,0.005388007,0.0006633526666666,0.001985797,0.003458842,0.0016534833333333,0.003279658,0.0049832066666666
0.0028369106666666,0.004476257,0.0031297933333333,0.0010857613333333,0.0015253463333333,0.0012619623333333,0.007427829,0.0099375526666666,0.0002640113333333,0.002106137,0.004781417
3.33333333333333e-06,0.0001238703333333,0.001037448,4.744e-06,2.84586666666667e-05,4.23466666666667e-06,0.004119953,2.24453333333333e-05,0.0005864593333333,0.003234322,2.5818e-05
0.0011520986666666,0.0016837813333333,0.0009310413333333,0.0006105943333333,0.0015417993333333,0.0004102323333333,0.004167869,0.0013712313333333,0.0001997776666666,0.0004237466666666,0.0011923533333333
0.006851698,0.005821084,0.0065381276666666,0.0008673286666666,0.0025648413333333,0.001777572,0.0080642043333333,0.0146770286666667,0.0007460406666666,0.0027864453333333,0.0262721736666667
