0.0028559743333333,0.002903555,0.000505934,0.000760565,0.002220384,0.0004305563333333,0.002356212,0.0014367663333333,0.0001173613333333,0.0005894516666666,0.0072048933333333
0.00322126,0.0085314616666666,0.004771665,0.0015361043333333,0.0027826383333333,0.001709122,0.0083695073333333,0.001364705,0.0005038003333333,0.0009881796666666,0.0051821906666666
0.0025107683333333,0.006402149,0.0020614043333333,0.0032160716666666,0.005660422,0.0033871356666666,0.002926982,0.001619602,0.002843224,0.0035073176666666,0.0057351663333333
0.0006026083333333,0.0016015686666666,0.0002746986666666,0.0016922666666666,0.0003367823333333,0.000498064,0.0020308016666666,0.000303024,1.7819e-05,0.000180505,0.000588364
0.004002095,0.01242185,0.0021265103333333,0.0014015416666666,0.0029230233333333,0.002548452,0.0035528116666666,0.003919849,0.0003425743333333,0.001708753,0.006736142
0.0005968823333333,0.0027616883333333,0.0014085943333333,0.0012393376666666,0.002415213,0.0008804156666666,0.0009710116666666,0.000765379,0.0003327456666666,0.00069895,0.002839469
0.0034146203333333,0.011754301,0.003441988,0.004263462,0.003997767,0.0013619803333333,0.002761941,0.0054219433333333,0.003111016,0.004557948,0.004780407
0.005394508,0.0039371863333333,0.0036831423333333,0.0014906936666666,0.0050291516666666,0.0021193596666666,0.0067424843333333,0.0136345583333333,0.0012656793333333,0.0025703693333333,0.0158005776666667
1.0758e-05,4.17236666666667e-05,0.00079063,2.60706666666667e-05,4.43176666666667e-05,2.23096666666667e-05,0.004471549,0.0001460786666666,0.000686716,0.0026736103333333,7.05536666666667e-05
0.0011958496666666,0.0024181406666666,0.001096651,0.0013172296666666,0.0018205436666666,0.0005770576666666,0.0035721186666666,0.00239735,0.0017449263333333,0.0007258996666666,0.0015896363333333
0.0163697846666667,0.015112848,0.014274218,0.0066587116666666,0.0060855186666666,0.0023822266666666,0.009787261,0.0191724636666667,0.002666007,0.0045161356666666,0.0352160433333333
