0.0027379623333333,0.000428014,0.000439466,0.0042573283333333,0.0015557633333333,0.0001229106666666,0.0017897583333333,0.0005229653333333,8.564e-06,0.0004431976666666,0.0031498123333333
0.0009318203333333,0.011581919,0.0020694256666666,0.0005405523333333,0.0029982293333333,0.00046519,0.0048083306666666,0.0002937046666666,4.7763e-05,0.002068351,0.0019372856666666
0.000391267,0.0049721683333333,0.000634534,0.0010922333333333,0.003614162,0.0010105333333333,0.0003881586666666,0.0012389073333333,0.000965168,0.0012413126666666,0.004041055
0.0003206106666666,0.0008982376666666,9.47546666666667e-05,0.000316541,0.0001023576666666,0.0001271696666666,0.0003690966666666,0.0002226173333333,0.0,9.23926666666667e-05,0.0004661716666666
0.0013931683333333,0.0054595703333333,0.0006678436666666,0.0004964773333333,0.0013888523333333,0.0003276263333333,0.0018310153333333,0.0041783523333333,2.97883333333333e-05,0.001294048,0.002067783
0.000351911,0.001915866,0.0009992673333333,0.0005391566666666,0.00139716,0.000743576,0.0006097083333333,0.000500367,0.000440576,0.000298022,0.001462456
0.0036981973333333,0.0087948996666666,0.0008472773333333,0.0015511193333333,0.0034668346666666,0.0003932903333333,0.0018359403333333,0.005404845,0.001495002,0.0026907243333333,0.0040642086666666
0.001935701,0.0014250106666666,0.0029122646666666,0.000920284,0.002082157,0.0007155376666666,0.005737268,0.0072781143333333,0.0001473733333333,0.001593468,0.0098286746666666
3.33333333333333e-06,1.34013333333333e-05,0.0025852213333333,3.41733333333333e-06,3.43093333333333e-05,1.164e-05,0.004224657,2.40133333333333e-05,0.000689422,0.003843998,1.48266666666667e-05
0.0009063266666666,0.0023104443333333,0.0010991476666666,0.0008039603333333,0.0004905446666666,0.000416324,0.0031641666666666,0.0008947743333333,0.000264695,9.28146666666667e-05,0.0006630186666666
0.008106653,0.005626843,0.0086283563333333,0.0003488406666666,0.0034023666666666,0.0011567483333333,0.006900779,0.0124057013333333,0.0008495913333333,0.0041729893333333,0.0282048586666667
