0.005869396,0.0020774586666666,0.0009388963333333,0.000532789,0.0029985696666666,0.0027997313333333,0.0019657863333333,0.0011122973333333,3.7684e-05,0.0006479653333333,0.0093503553333333
0.003953105,0.009940488,0.0015516133333333,0.0011135823333333,0.005365477,0.0026907946666666,0.0053556643333333,0.002196227,0.0003124183333333,0.000801462,0.0049517526666666
0.00173965,0.0067826116666666,0.000625101,0.0023865913333333,0.0044857693333333,0.0013330663333333,0.000682982,0.002349588,0.0010790133333333,0.0026647566666666,0.0050894296666666
0.003365572,0.001337118,0.0002684296666666,0.0022069093333333,0.000925109,0.001343515,0.000561844,0.000979412,8.84533333333333e-05,0.000553728,0.0004047556666666
0.001894659,0.006546617,0.0015377873333333,0.0007488956666666,0.0047787376666666,0.0019304213333333,0.0029449383333333,0.0013458373333333,0.0010461533333333,0.0015102356666666,0.0028959546666666
0.000787414,0.0022754883333333,0.001030711,0.0008837396666666,0.002119777,0.0009680163333333,0.000801743,0.0003906776666666,0.000126341,0.000781105,0.0019920116666666
0.0024986773333333,0.010555879,0.0037886253333333,0.001116557,0.0032493833333333,0.0017013596666666,0.0012831093333333,0.0070333273333333,0.002275884,0.0033450393333333,0.0095839743333333
0.004547546,0.0076294453333333,0.003776929,0.0013241013333333,0.0020123033333333,0.001973754,0.0091838366666666,0.0072812483333333,0.0003222836666666,0.002910588,0.01459227
3.33333333333333e-06,5.386e-05,0.0014520893333333,1.07643333333333e-05,2.59093333333333e-05,6.66666666666667e-06,0.008217409,0.0007563253333333,0.001526678,0.004582389,6.66666666666667e-06
0.0018666473333333,0.0011934986666666,0.0013157096666666,0.000526813,0.001143448,0.000264078,0.002464506,0.000770681,0.0007755456666666,0.0003693123333333,0.0011892083333333
0.0120350716666667,0.0122892576666667,0.0097532133333333,0.0021867156666666,0.0078159666666666,0.0021312563333333,0.0099829533333333,0.019825689,0.000542147,0.0063341993333333,0.0238691906666667
