0.0039642506666666,0.0016170733333333,0.0006381846666666,0.0001174873333333,0.0012768986666666,0.0002680106666666,0.0017234623333333,0.0003065323333333,6.15033333333333e-06,0.0011354126666666,0.0028361263333333
0.0009319956666666,0.006153168,0.0005578506666666,0.0036830756666666,0.005795422,0.000879797,0.003932446,0.0011805276666666,3.89426666666667e-05,0.000792833,0.0029678226666666
0.0009771593333333,0.0047096363333333,0.0045150196666666,0.0031883223333333,0.0032863226666666,0.004271904,0.0014500336666666,0.0013162233333333,0.0013197386666666,0.0025512193333333,0.005585818
9.5651e-05,0.0011745426666666,0.0001555583333333,0.0021963896666666,0.000235014,0.0001519576666666,0.001271683,0.0002464676666666,0.0,5.53773333333333e-05,0.001954018
0.0012649626666666,0.0047767486666666,0.000669634,0.0004831526666666,0.0035918343333333,0.000820732,0.0016947103333333,0.0025917863333333,6.66666666666667e-06,0.0010615146666666,0.00326434
0.0004005493333333,0.001041371,0.000721455,0.0004358866666666,0.002406874,0.0024037806666666,0.0005104076666666,0.000170235,0.0002788626666666,0.0004902216666666,0.0016376143333333
0.001295763,0.010389142,0.001717565,0.0005169326666666,0.001433342,0.0018080396666666,0.00167447,0.0057839323333333,0.0027053383333333,0.003106568,0.0094707936666666
0.001835894,0.001222852,0.003217893,0.0007817966666666,0.0026828336666666,0.0006851493333333,0.0076854256666666,0.0107606936666667,5.40616666666667e-05,0.0023389633333333,0.0053731566666666
6.93626666666667e-05,3.33333333333333e-06,0.000788279,0.0,1.8818e-05,3.33333333333333e-06,0.0037678916666666,1.3186e-05,0.001203713,0.004712996,0.0
0.000837939,0.0012472536666666,0.0004059126666666,0.0004435196666666,0.0002188493333333,0.0002251103333333,0.0014970786666666,0.0006069986666666,0.001169211,0.0024783516666666,0.0016058876666666
0.0132774813333333,0.007926861,0.0069212063333333,0.0027265146666666,0.007354733,0.0016287243333333,0.0153365326666667,0.0205949823333333,0.0001720913333333,0.0048773153333333,0.027231148
