0.003453029,0.0012799186666666,0.0004034823333333,6.38873333333333e-05,0.0016741316666666,0.0002299486666666,0.0018193216666666,0.000721669,0.0,0.0005630186666666,0.0022930346666666
0.0009770076666666,0.006949113,0.0025973773333333,0.0003485636666666,0.0017560063333333,0.0018730606666666,0.0094805953333333,0.0005574886666666,1.7253e-05,0.00139964,0.0022829556666666
0.0002224713333333,0.0050544683333333,0.0014005956666666,0.0019097476666666,0.005094913,0.0020529193333333,0.002587587,0.001830559,0.0007682066666666,0.002378119,0.0040952823333333
7.08396666666667e-05,0.0013849173333333,7.06236666666667e-05,0.0015040346666666,4.23863333333333e-05,0.000248649,0.0004191513333333,0.000446884,0.0,0.0001540363333333,0.0003906263333333
0.0015063893333333,0.006022245,0.0009025503333333,0.0001314363333333,0.0004550456666666,0.000464816,0.0044683513333333,0.0017426586666666,3.392e-06,0.0008849943333333,0.0014587713333333
0.0002882736666666,0.0020655703333333,0.0009856666666666,0.000735628,0.00118614,0.000808272,0.0006509543333333,0.0001865153333333,0.0002718893333333,0.0004710853333333,0.0007948676666666
0.000962208,0.0078372536666666,0.0023197883333333,0.000599777,0.0029121283333333,0.0009602766666666,0.0020813636666666,0.004564724,0.0015892533333333,0.003886425,0.0036944996666666
0.0033270426666666,0.0031638106666666,0.0029783103333333,0.000834066,0.0019657003333333,0.0008011203333333,0.0081308536666666,0.0071964916666666,7.28306666666667e-05,0.003471657,0.003962606
0.0,1.23026666666667e-05,0.000950008,0.0,3.58116666666667e-05,0.0,0.0027353553333333,2.73413333333333e-05,0.0006406176666666,0.0036246173333333,3.33333333333333e-06
0.0007901456666666,0.001463558,0.0005883853333333,0.0004461953333333,0.000604041,0.0004160816666666,0.0040949036666666,0.001261762,0.0009490103333333,0.0006747103333333,0.0004529723333333
0.0162852186666667,0.0115959283333333,0.005481511,0.0026348166666666,0.0051563633333333,0.0011979456666666,0.007500783,0.0138878716666667,0.00035887,0.0057387173333333,0.0359143566666667
