0.0039116446666666,0.0005152193333333,0.0005708576666666,0.002792896,0.0016867976666666,7.2186e-05,0.0014311491666666,0.0007388103333333,2.19465e-05,0.000791938,0.0036582586666666
0.0008530336666666,0.0075790526666666,0.004042597,0.0008188976666666,0.003455216,0.0003848046666666,0.004655091,0.000590311,0.0002229763333333,0.0003849683333333,0.001969776
0.0003046006666666,0.006099177,0.0006180763333333,0.0015949833333333,0.0042833353333333,0.0016626313333333,0.0017172003333333,0.0018044073333333,0.0027696446666666,0.0042702683333333,0.0052292126666666
0.0003235216666666,0.001334598,8.67876666666667e-05,0.001926048,0.0001022626666666,0.0001213416666666,0.0007061606666666,0.0002608203333333,3.33333333333333e-06,0.000107528,0.0013145803333333
0.0012618946666666,0.005755687,0.0017365973333333,0.000459286,0.000512653,0.0008432923333333,0.0017489746666666,0.003483368,0.0001064026666666,0.0015828593333333,0.001275868
0.0003377033333333,0.001466122,0.0012082433333333,0.000449307,0.001709313,0.0006818103333333,0.0006479313333333,0.0001637653333333,0.000328472,0.0006794436666666,0.001174053
0.0025863073333333,0.010159721,0.0024153393333333,0.004125387,0.0027749013333333,0.0006318133333333,0.002244611,0.007223549,0.0027488256666666,0.004035885,0.0124575386666667
0.001989851,0.00348774,0.0029535583333333,0.001818382,0.0033774643333333,0.0007438516666666,0.0064201583333333,0.009408801,0.000277312,0.0016876906666666,0.0069610576666666
6.66666666666667e-06,1.216e-05,0.0009650223333333,3.33333333333333e-06,2.7293e-05,0.0,0.004536949,1.44026666666667e-05,0.0013367753333333,0.004179818,1.24056666666667e-05
0.00080496,0.0015918806666666,0.000870323,9.15826666666667e-05,0.0051211933333333,0.0001559066666666,0.0033374026666666,0.0009016676666666,0.0003512113333333,9.73563333333333e-05,0.0009162056666666
0.008705091,0.005385103,0.0070223863333333,0.0016013406666666,0.004254755,0.00225813,0.013523441,0.014329173,0.0002952036666666,0.0047328986666666,0.0289187816666667
