0.0059459286666666,0.0012786056666666,0.000569919,0.004567104,0.001617959,9.1589e-05,0.0019825058333333,0.0006613393333333,0.0003725631666666,0.000330735,0.0031614433333333
0.0013082906666666,0.0174888196666667,0.0017992786666666,0.0007402186666666,0.0031752113333333,0.0021496483333333,0.0073303236666666,0.0020949316666666,0.0001840436666666,0.0021786536666666,0.0034658423333333
0.0005614483333333,0.0062991433333333,0.0015129923333333,0.0020931586666666,0.0045143936666666,0.001922853,0.001759765,0.0018361666666666,0.0010034656666666,0.000736187,0.0050949446666666
0.000197189,0.0026303596666666,0.0003250043333333,0.0010591516666666,0.000190617,0.0003766323333333,0.001051061,0.000337658,0.0,0.0003833803333333,0.0006431553333333
0.0015586346666666,0.0075048863333333,0.001489642,0.0002837816666666,0.001771521,0.0008174176666666,0.002109258,0.001191518,0.0001594576666666,0.0005619573333333,0.0037492883333333
0.0002429676666666,0.0035389666666666,0.0012801563333333,0.0006939133333333,0.0007214046666666,0.001252505,0.0006488163333333,0.0004226986666666,6.67066666666667e-05,0.0002181306666666,0.0011301793333333
0.001233056,0.0097051706666666,0.0053208983333333,0.0008835003333333,0.0023100813333333,0.000887455,0.0017569246666666,0.005968074,0.000858248,0.0027667783333333,0.0111280856666667
0.001892732,0.006450374,0.0033188166666666,0.001753181,0.003029035,0.002306366,0.0099284903333333,0.017177017,0.000260965,0.003206985,0.0131027413333333
1.5015e-05,9.26553333333333e-05,0.0003239946666666,1.14106666666667e-05,0.0011763073333333,6.66666666666667e-06,0.0059031073333333,0.000288177,0.002120663,0.0063959433333333,2.48416666666667e-05
0.001356639,0.001814667,0.0001509886666666,0.000515682,0.000513701,0.0002377843333333,0.0036396193333333,0.0007893143333333,0.0004488486666666,0.000297539,0.0010645916666666
0.007763216,0.0118754683333333,0.0094755453333333,0.006380516,0.004478912,0.0029160143333333,0.0164842486666667,0.0167669443333333,7.01786666666667e-05,0.0049088976666666,0.0232240083333333
