0.0036452916666666,0.002353853,6.66666666666667e-06,0.004399871,0.0033451436666666,0.000767253,0.0,0.0028073636666666,3.33333333333333e-06,3.7125e-05,0.0059267186666666
0.0043029693333333,0.0103479253333333,0.0021257276666666,0.0178410273333333,0.009054432,0.002932657,1.05793333333333e-05,0.005264221,3.33333333333333e-06,0.0002947863333333,0.0065678896666666
0.0008756446666666,0.0067509203333333,0.001108075,0.003395975,0.0042704923333333,0.001062621,0.0,0.001581391,0.0004347423333333,2.4449e-05,0.0063833216666666
0.003502514,0.0001347406666666,0.0,0.0177928866666667,0.0,7.62566666666667e-06,3.33333333333333e-06,0.0006650956666666,3.33333333333333e-06,0.0,0.0130055056666667
0.0026920443333333,0.016566029,0.0029831666666666,0.018842149,0.004950056,0.003777432,8.18326666666667e-05,0.0114454486666667,7.83866666666667e-06,6.66683333333333e-05,0.004492427
0.0005500813333333,0.003707726,0.0012414943333333,0.0020362733333333,0.00195291,0.0008327526666666,0.0,0.0011072116666666,3.33333333333333e-06,1e-05,0.0022251743333333
0.0027533353333333,0.001230375,0.000940889,0.0182789246666667,4.4247e-05,2.72893333333333e-05,0.0027574773333333,0.0104078436666667,0.0006556176666666,0.002607088,0.0123546696666667
0.0044948183333333,0.0073742783333333,0.0047041346666666,0.016168472,0.007000236,0.003356222,2.48556666666667e-05,0.0192471003333333,0.0,0.000375741,0.0147727336666667
8.54173333333333e-05,6.92296666666667e-05,0.0002175306666666,0.0014477473333333,3.33333333333333e-06,6.502e-05,0.0048986093333333,0.0006010043333333,0.0010066256666666,0.00594458,6.36683333333333e-05
0.0014680193333333,0.0003672776666666,0.0010991266666666,0.0050140393333333,1.04006666666667e-05,0.000518047,0.0031625886666666,0.0016780923333333,0.000448382,0.00012308,0.0014893036666666
0.0100753306666667,0.0083947276666666,2.414e-05,0.029839927,0.006498788,0.003111441,1.33333333333333e-05,0.0183702406666667,1.92666666666667e-05,0.0007158613333333,0.0205907446666667
