0.0009699243333333,0.001177152,0.0004942606666666,0.0034297813333333,0.0015367496666666,0.0003348306666666,0.0007107276666666,0.000618868,3.0926e-05,0.000355777,0.0023218023333333
0.0018477243333333,0.002426496,0.002096057,0.0013623686666666,0.0055164666666666,0.002206968,0.005727301,0.012217216,0.000135437,0.000673578,0.007088981
0.0011092163333333,0.0050924063333333,0.0017261076666666,0.0040557103333333,0.0033741396666666,0.0027790433333333,0.0045447733333333,0.003510719,0.002144823,0.0021517826666666,0.004555511
0.0020676496666666,0.0014726123333333,0.000165572,0.0009292336666666,0.0001562556666666,0.0002400983333333,0.0012906183333333,0.000297651,2.17333333333333e-05,0.0004398446666666,0.0013294716666666
0.0020633103333333,0.0047243136666666,0.000461036,0.000333232,0.0009558083333333,0.0014496533333333,0.0037195023333333,0.0058031593333333,4.79883333333333e-05,0.0024440916666666,0.0010677413333333
0.0002250446666666,0.0014011616666666,0.001176047,0.0004074876666666,0.0018529603333333,0.0012871223333333,0.001321803,0.001368514,0.0002066346666666,0.0003100723333333,0.000948134
0.0046907283333333,0.009261908,0.0020942296666666,0.0032199136666666,0.0058195993333333,0.0006819763333333,0.002064569,0.0144188233333333,0.0019307313333333,0.0049576953333333,0.0125770316666667
0.0024231606666666,0.0057644086666666,0.003910778,0.0013705446666666,0.0028992946666666,0.0026183326666666,0.010039497,0.0161495093333333,0.0002914616666666,0.0029850366666666,0.0050504263333333
3.64e-06,2.6324e-05,0.0003507573333333,2.45293333333333e-05,1.7375e-05,1.0958e-05,0.0066001063333333,0.0010846196666666,0.0014901326666666,0.004457162,1e-05
0.0008778,0.0008201083333333,0.0003320493333333,0.0004774953333333,0.00067387,0.0002493436666666,0.0028011953333333,0.0027549166666666,0.0006979653333333,0.001185659,0.000608652
0.0170766613333333,0.0112772376666667,0.0057269063333333,0.0019853156666666,0.003932696,0.0013028443333333,0.016132441,0.0135853823333333,0.0005757526666666,0.0035716983333333,0.0226169486666667
