0.002529755,0.0052609236666666,0.0008805736666666,0.0005675193333333,0.0050499726666666,0.0007830633333333,0.0017502868333333,0.0016295016666666,0.0006455928333333,0.0009519346666666,0.007105791
0.0012811746666666,0.0085415126666666,0.002373855,0.0017127233333333,0.003357407,0.002476454,0.004274854,0.0006188136666666,0.0015062423333333,0.0010935303333333,0.002576611
0.0010768036666666,0.007387568,0.003316579,0.001965346,0.0046985466666666,0.0030358676666666,0.002903942,0.0026692973333333,0.001950343,0.0048303563333333,0.0084213933333333
0.000697901,0.0063713593333333,0.0008014916666666,0.0012177193333333,0.0015126066666666,0.0008464526666666,0.0014086956666666,0.0009042006666666,0.0003976623333333,0.0004364523333333,0.0012837076666666
0.002704986,0.0118459223333333,0.001957899,0.0024413923333333,0.005616183,0.0017384393333333,0.0075921826666666,0.004173957,0.0012457206666666,0.0020851896666666,0.0054338673333333
0.001210958,0.007084037,0.0025558336666666,0.0006435673333333,0.0028526333333333,0.0019200933333333,0.0009090313333333,0.0014439963333333,0.000456574,0.0003907813333333,0.0024683293333333
0.002022335,0.0126981133333333,0.0037216293333333,0.0021210033333333,0.007069192,0.0020137793333333,0.0029942426666666,0.0064446303333333,0.001050297,0.0048160333333333,0.0083000016666666
0.00587129,0.01852122,0.0047286723333333,0.0043432853333333,0.0064890223333333,0.0032722663333333,0.01131771,0.022096655,0.00233281,0.0056129446666666,0.017722806
0.0001501056666666,0.0007107393333333,0.0017177923333333,0.00013141,0.000468617,0.0002037703333333,0.00587901,0.0003340966666666,0.001986948,0.0078376753333333,0.0002381986666666
0.0011899146666666,0.00654414,0.0008526056666666,0.001107338,0.002152774,0.00044737,0.0063248846666666,0.0028845906666666,0.0014474706666666,0.000893116,0.0026820663333333
0.0157542013333333,0.0156975613333333,0.009255122,0.006421366,0.005458259,0.002828101,0.0117371806666667,0.0352568,0.0037558146666666,0.0056076723333333,0.0309655123333333
