0.0019067006666666,0.0012584063333333,0.0004185433333333,0.0031703673333333,0.0019835793333333,8.05153333333333e-05,0.0016749826666666,0.0003259666666666,7.427e-06,0.0003456563333333,0.003283049
0.0008049953333333,0.0099259786666666,0.0035404086666666,0.0005069096666666,0.0018797076666666,0.0006319236666666,0.004186898,0.0009480136666666,6.57233333333333e-05,0.0003961026666666,0.0039655453333333
0.002362474,0.0052438626666666,0.0020508176666666,0.001805009,0.00370055,0.0030988753333333,0.002309544,0.0018595903333333,0.0015667723333333,0.0029711173333333,0.005758751
0.001604346,0.0013285713333333,0.0001217253333333,0.000852596,0.0006203446666666,0.0001912376666666,0.000683443,0.000709335,0.000120102,0.0005192543333333,0.0007517656666666
0.0019005936666666,0.005818527,0.000914067,0.000799012,0.0018859226666666,0.0007634516666666,0.0016615776666666,0.0035184316666666,4.55383333333333e-05,0.0027397206666666,0.0022791793333333
0.000154876,0.0015606236666666,0.0015128603333333,0.000900274,0.001590741,0.0010312263333333,0.000818494,0.0002898343333333,0.000512432,0.0003994286666666,0.0014087316666666
0.0018705236666666,0.008748951,0.001530433,0.001130988,0.0050400313333333,0.0006390886666666,0.0024929146666666,0.003678676,0.001157382,0.003217878,0.0065744536666666
0.0019289653333333,0.0016227546666666,0.00420475,0.0014849726666666,0.0026349576666666,0.00147924,0.0056608726666666,0.0096879166666666,0.000197352,0.001732022,0.005681319
7.13066666666667e-06,0.0002603526666666,7.9719e-05,4.84083333333333e-05,8.582e-05,1.54653333333333e-05,0.003852129,1.98213333333333e-05,0.000585811,0.0035299013333333,1.45543333333333e-05
0.000947071,0.0016430233333333,0.00118417,0.0005634596666666,0.0011364293333333,0.000454523,0.003745874,0.00114131,0.0004838403333333,0.001003369,0.0007557536666666
0.008469797,0.0072549696666666,0.0083525913333333,0.001022881,0.0040491626666666,0.0020488376666666,0.0069111846666666,0.01599374,0.0007959456666666,0.00211996,0.0239049636666667
