0.0038240893333333,0.003927912,0.0004498266666666,0.0004262736666666,0.003032244,0.001278304,0.0032137868333333,0.001031547,9.55198333333333e-05,0.000500918,0.00836552
0.0028144956666666,0.0056020756666666,0.001766504,0.002021986,0.0111073756666667,0.0016619533333333,0.0063201176666666,0.016186833,0.0001826253333333,0.0007549433333333,0.0076000303333333
0.002061782,0.0061001016666666,0.0010113163333333,0.0026730766666666,0.003513441,0.0017602266666666,0.0031605563333333,0.0065831556666666,0.0016512976666666,0.001062543,0.0075839306666666
0.0017198963333333,0.0015933353333333,0.0002677056666666,0.0008772473333333,0.00025516,0.00076316,0.0004924783333333,0.0008919896666666,0.0001533,0.0007434093333333,0.001827558
0.0030053006666666,0.0080284773333333,0.0013446853333333,0.000767832,0.0042098783333333,0.0014242646666666,0.0032433763333333,0.010213516,0.0002117506666666,0.0006550803333333,0.0042132496666666
0.0007268563333333,0.0019204036666666,0.002743252,0.000483316,0.001185589,0.001078601,0.000960923,0.002993274,0.0002961243333333,0.0001077776666666,0.0017091476666666
0.00464508,0.011809162,0.001251988,0.001790513,0.004039679,0.0011105843333333,0.001530407,0.0220897056666667,0.0018878853333333,0.003867541,0.0133222096666667
0.008254212,0.0089509686666666,0.0041389526666666,0.0014984696666666,0.007300562,0.0043299493333333,0.0098087013333333,0.0256365143333333,0.0007876953333333,0.00267031,0.012712147
3.33333333333333e-06,0.0001348006666666,0.001484141,7.6128e-05,4.0724e-05,6.70373333333333e-05,0.003946188,0.0004866273333333,0.0013671183333333,0.0046985766666666,2.77756666666667e-05
0.0013581763333333,0.00186454,0.0004321466666666,0.0005209716666666,0.001411424,0.0006464546666666,0.0030844,0.006854596,0.0019100423333333,0.0001652946666666,0.0024930606666666
0.0158944903333333,0.013572153,0.0057459266666666,0.0034447843333333,0.009629402,0.0024474093333333,0.0143636493333333,0.0195589563333333,0.0004016273333333,0.0037259286666666,0.0380494033333333
