0.003264924,0.0031282643333333,0.000379393,0.0035142536666666,0.0024354853333333,0.000900385,0.001469052,0.0015687263333333,0.0002760843333333,0.0003625543333333,0.0076391353333333
0.0024191836666666,0.0147254103333333,0.003685004,0.0006195113333333,0.0052541,0.0012735376666666,0.0051962196666666,0.0032913756666666,0.0001942123333333,0.0011144736666666,0.0054792496666666
0.000681974,0.0171151543333333,0.001516613,0.0035336506666666,0.0042777826666666,0.0029753856666666,0.001073748,0.001367123,0.002866991,0.0038826313333333,0.004902962
0.0010594506666666,0.0037873023333333,0.000768313,0.0016523853333333,0.0003185253333333,0.0002626693333333,0.0008917876666666,0.000776795,1.99993333333333e-05,0.0005685796666666,0.0013133233333333
0.003594259,0.011509938,0.0029825003333333,0.0016095936666666,0.0031109156666666,0.0019819523333333,0.0020397463333333,0.0047951446666666,0.0002862176666666,0.0018937496666666,0.0075343866666666
0.0003413903333333,0.0027102526666666,0.000985062,0.0006068613333333,0.0019919456666666,0.001308919,0.0008742963333333,0.0005294863333333,0.0002271133333333,0.00114742,0.002366043
0.003514135,0.02017363,0.0016535273333333,0.0027088863333333,0.003842455,0.000921667,0.0018407896666666,0.0048866216666666,0.001456973,0.0046419123333333,0.0054386123333333
0.0055573543333333,0.005074337,0.0034779696666666,0.0012292716666666,0.003404501,0.0013724716666666,0.0057792026666666,0.013842333,0.000329613,0.0023023426666666,0.0110788593333333
0.0001744213333333,4.58683333333333e-05,0.0003096083333333,2.35966666666667e-05,5.7066e-05,1.0144e-05,0.00371733,5.4579e-05,0.0006081916666666,0.0031185446666666,4.69683333333333e-05
0.0014822013333333,0.004991103,0.0004940096666666,0.0004987096666666,0.002417221,0.000705329,0.00191696,0.0022533923333333,0.0003985476666666,0.0006571826666666,0.002945803
0.0203480526666667,0.012303296,0.010630378,0.008186331,0.005724555,0.0031804196666666,0.0070777916666666,0.017638157,0.000236199,0.004023045,0.0526183666666667
