0.003272652,0.000212877,0.0006129066666666,0.0003607243333333,0.0023278713333333,9.35706666666667e-05,0.0019054791666666,0.0008927883333333,1.21205e-05,0.0006944843333333,0.0056627953333333
0.0005460406666666,0.009789001,0.001041265,0.000402775,0.0060080846666666,0.0008593093333333,0.006184894,0.0009982353333333,3.74416666666667e-05,0.0011871573333333,0.0024209933333333
0.0015771646666666,0.0097606243333333,0.0013516763333333,0.0024722396666666,0.0030487713333333,0.003354375,0.0014222066666666,0.0019893143333333,0.001896673,0.0010051076666666,0.0037572416666666
0.000614191,0.0027961046666666,7.3925e-05,0.001013782,0.0001021563333333,0.000219634,0.0006195896666666,0.0010367563333333,0.0,0.000107345,0.000182484
0.0012380933333333,0.011156696,0.0008843363333333,5.95286666666667e-05,0.004500803,0.0003074223333333,0.003355484,0.0022047843333333,4.3643e-05,0.0014525906666666,0.0006546693333333
0.0001114233333333,0.001815206,0.0009363946666666,0.0005013443333333,0.001357133,0.0005957473333333,0.0009382306666666,0.0004579723333333,0.0002103616666666,0.0003810143333333,0.00165633
0.000846082,0.0170193193333333,0.0027413636666666,0.001360572,0.0019799023333333,0.000490484,0.0021016403333333,0.003709026,0.0035709566666666,0.0035804843333333,0.0031831046666666
0.0010199603333333,0.0014416096666666,0.0030539966666666,0.0004528056666666,0.0013984286666666,0.0005228863333333,0.0085770513333333,0.0104095803333333,0.0002176246666666,0.003267567,0.0087385663333333
3.33333333333333e-06,3.33333333333333e-06,0.0005085966666666,5.09866666666667e-06,3.04773333333333e-05,0.0,0.0036690273333333,2.85426666666667e-05,0.0004835306666666,0.0030836286666666,1e-05
0.0006743876666666,0.003028928,0.0002740313333333,4.09643333333333e-05,0.0003567906666666,0.001113285,0.001297594,0.001414947,0.0001962086666666,0.0032194773333333,0.001226526
0.0109413846666667,0.0073764316666666,0.0060361476666666,0.0050169403333333,0.00443798,0.0015715306666666,0.0083267283333333,0.02031562,0.0001204656666666,0.0033311413333333,0.04590138
