0.003937712,0.000656915,0.0009522,0.0039032503333333,0.0015022746666666,5.0653e-05,0.0019935956666666,0.000766986,0.0,0.0005297376666666,0.0029488326666666
0.001909953,0.010078915,0.0018060683333333,0.0022406376666666,0.0025886026666666,0.00101238,0.0045567926666666,0.0012403406666666,0.0001190536666666,0.0007332613333333,0.001760246
0.00053618,0.0052423913333333,0.0016530946666666,0.002276222,0.003931643,0.0026828396666666,0.0010742826666666,0.0041665796666666,0.000525382,0.003594813,0.0051054096666666
0.0030166003333333,0.0008363393333333,0.0001634443333333,0.0007180823333333,0.000132472,8.28306666666667e-05,0.0007631696666666,0.0007730843333333,3.59033333333333e-06,3.91923333333333e-05,0.0005730393333333
0.0017211026666666,0.0060293546666666,0.0003447096666666,0.000434027,0.0101110806666667,0.0008644806666666,0.0029333263333333,0.001908225,2.30053333333333e-05,0.000509902,0.0020607596666666
0.0002529946666666,0.0026236983333333,0.003769843,0.0005640326666666,0.001779193,0.0014037646666666,0.000534802,0.0001918196666666,0.0001303576666666,0.0004248066666666,0.000832498
0.0259420483333333,0.009676298,0.0016490266666666,0.0019590756666666,0.0025506536666666,0.0005970866666666,0.0008673503333333,0.0060078633333333,0.0012124163333333,0.005511254,0.009423549
0.0037329376666666,0.0041447563333333,0.0029273876666666,0.0012430893333333,0.0048192536666666,0.0004909173333333,0.007372966,0.0114032656666667,5.9404e-05,0.0018023006666666,0.00639401
8.52733333333333e-05,4.68666666666667e-05,0.000151449,7.512e-06,3.31523333333333e-05,3.33333333333333e-06,0.003616847,3.5571e-05,0.0010799813333333,0.0031938383333333,6.66666666666667e-06
0.0012460236666666,0.0018903016666666,0.000266624,0.000250397,0.001464507,0.0002115273333333,0.0020986016666666,0.0007073053333333,0.0008567403333333,0.0006487763333333,0.000330886
0.0135425266666667,0.00597782,0.0079199006666666,0.0028394343333333,0.0035619873333333,0.0016907053333333,0.013193832,0.0136166423333333,8.51153333333333e-05,0.0037866983333333,0.0299975326666667
