0.0014110046666666,0.002723575,0.0003076063333333,0.0016686143333333,0.004354197,0.000265176,0.0012884595,0.0013776386666666,0.0001566208333333,0.001249436,0.006108582
0.0041806386666666,0.007576737,0.000939561,0.0057283043333333,0.0048400133333333,0.0020035993333333,0.0071886443333333,0.001592084,0.0004779566666666,0.001050889,0.004625029
0.0010411103333333,0.0064938553333333,0.0020817126666666,0.003231009,0.0046189806666666,0.003862456,0.0017605353333333,0.003587729,0.003345775,0.00162625,0.0051018356666666
0.001570106,0.001467789,0.0001852336666666,0.0017147473333333,0.0007357056666666,0.0002134743333333,0.0005822996666666,0.000514941,7.17323333333333e-05,0.0005187906666666,0.0007069796666666
0.0024126966666666,0.008119768,0.0010396556666666,0.0006592206666666,0.0024586776666666,0.0019743123333333,0.0028226186666666,0.003375092,0.0002459446666666,0.00197821,0.0025133636666666
0.000218962,0.002120673,0.0011533053333333,0.0009833526666666,0.0014457376666666,0.00108518,0.0006887706666666,0.0003709406666666,0.000286023,0.0005273066666666,0.0024810473333333
0.0032387243333333,0.0191708556666667,0.003005856,0.0010921983333333,0.0034961743333333,0.001486896,0.0021185403333333,0.0051611783333333,0.003665049,0.0024356616666666,0.003651815
0.004778583,0.0019295556666666,0.0039947876666666,0.0018853036666666,0.0046453203333333,0.0021667796666666,0.0113968953333333,0.0138711496666667,0.000647894,0.0033264616666666,0.0105583443333333
6.66666666666667e-06,1e-05,0.001494228,4.46413333333333e-05,3.70336666666667e-05,6.66666666666667e-06,0.0039112276666666,5.80413333333333e-05,0.0009393933333333,0.0036198376666666,5.56146666666667e-05
0.001683012,0.0036222556666666,0.0006964646666666,0.000360017,0.0013991313333333,0.0011218253333333,0.0018800616666666,0.0020090263333333,0.0008931183333333,0.000849327,0.0023482616666666
0.014432117,0.0096671016666666,0.0096903833333333,0.0018729733333333,0.0072150236666666,0.0026806456666666,0.0089251606666666,0.0182694043333333,0.0008673106666666,0.0057202266666666,0.0357335433333333
