0.003578481,0.000674339,0.0008756186666666,5.32603333333333e-05,0.0008842306666666,0.00012348,0.0016098145,0.0005153293333333,9.84618333333333e-05,0.000732615,0.0039803573333333
0.0013538493333333,0.0170905393333333,0.0007746066666666,0.0007089686666666,0.0025297006666666,0.000777426,0.0041943766666666,0.002282169,2.74156666666667e-05,0.0010015586666666,0.001561202
0.0009367593333333,0.0055002906666666,0.0004366333333333,0.001933243,0.003099249,0.001498423,0.000504766,0.0010310736666666,0.0011797596666666,0.0008619813333333,0.003527687
0.0002586676666666,0.0017485723333333,0.0001075053333333,0.001462931,0.0001585566666666,0.0001207596666666,0.001100422,0.0004890546666666,0.0,9.22813333333333e-05,0.0008014763333333
0.001165205,0.0051770913333333,0.0009588016666666,0.002844978,0.0013488213333333,0.0004582913333333,0.001383121,0.0016815133333333,6.86016666666667e-05,0.0027267813333333,0.0012025396666666
0.0002932956666666,0.00117834,0.0009381043333333,0.001654837,0.0011894016666666,0.000593349,0.0003404313333333,0.0001597713333333,0.0003353003333333,0.0006770793333333,0.0012652943333333
0.0011940983333333,0.0049071036666666,0.0010611623333333,0.000380611,0.0035061886666666,0.000163038,0.003199961,0.0040851406666666,0.0024207723333333,0.0044805303333333,0.0020502353333333
0.0016633073333333,0.0028526466666666,0.003703712,0.0009766836666666,0.0037892513333333,0.000569764,0.0081939356666666,0.0084731993333333,0.0002224376666666,0.0033224556666666,0.0065888146666666
7.184e-06,0.000323596,0.000644562,3.83733333333333e-06,0.0001751533333333,4.78966666666667e-06,0.005002419,3.6341e-05,0.0005882676666666,0.0039681876666666,3.33333333333333e-06
0.000990323,0.0045211083333333,0.000462285,0.0002471853333333,0.0020191843333333,0.0002014546666666,0.0026026933333333,0.0019309393333333,0.0013079116666666,0.0003207073333333,0.000897665
0.0189800353333333,0.008376119,0.0058525646666666,0.0040153316666666,0.0063967076666666,0.0012724013333333,0.0070583233333333,0.0131033753333333,7.9615e-05,0.00678645,0.0212780666666667
