0.0032453233333333,0.0036136493333333,6.66666666666667e-06,0.004312799,0.0041699726666666,0.000655838,0.0,0.0025802133333333,3.928e-06,1e-05,0.0092400743333333
0.004886307,0.0252466796666667,0.0093885273333333,0.0036355973333333,0.008033789,0.003249045,2.56823333333333e-05,0.0068057043333333,1e-05,0.000192855,0.0068661396666666
0.000380818,0.000741025,0.0059222323333333,0.0029811063333333,0.00407564,0.002331872,8.66933333333333e-06,0.0002750266666666,0.018143375,0.0009921313333333,0.0033988246666666
0.0047424716666666,0.0001020876666666,0.000158827,0.0175463716666667,1.12716666666667e-05,0.0,0.0,0.0008059493333333,3.33333333333333e-06,1.61493333333333e-05,0.0119520206666667
0.0019917063333333,0.014685543,0.0031483413333333,0.0019750026666666,0.0032375886666666,0.004122341,0.0,0.005984933,3.33333333333333e-06,1.71163333333333e-05,0.006025935
0.000720523,0.0043733203333333,0.002317675,0.0011149266666666,0.0036045436666666,0.0015377373333333,3.33333333333333e-06,0.0007882423333333,0.0,8.957e-06,0.0018536036666666
0.0034597513333333,0.000846715,7.31566666666667e-06,0.003066377,9.33746666666667e-05,2.92616666666667e-05,0.0022185763333333,0.0002095493333333,0.0357596066666667,0.00226674,0.010305441
0.0079504253333333,0.013827589,0.012948625,0.005894837,0.007655398,0.0028338333333333,0.0,0.032922818,3.45823333333333e-05,0.000158494,0.0207992786666667
7.1791e-05,6.66666666666667e-06,5.856e-06,3.0939e-05,6.66666666666667e-06,6.66666666666667e-06,0.000344425,1.7335e-05,0.0090752596666666,0.0069397443333333,0.000205757
0.001786079,0.0003927833333333,6.91766666666667e-06,0.0010309313333333,2.83646666666667e-05,9.307e-05,0.0009837536666666,3.04256666666667e-05,0.0142732543333333,0.0005844713333333,0.0017585103333333
0.016668327,0.0180126433333333,0.000208916,0.0282184016666667,0.0054907716666666,0.0048613466666666,0.0,0.018285976,1.4232e-05,0.0007558373333333,0.0419427
