0.0037675233333333,0.0048103556666666,0.0010493643333333,0.0003656013333333,0.002368316,0.0009596003333333,0.0019200003333333,0.0027709796666666,5.0093e-05,0.002675435,0.0090645033333333
0.0025134626666666,0.019103153,0.0006802843333333,0.0012777976666666,0.005644923,0.0036993306666666,0.0039420083333333,0.002420414,0.0004850086666666,0.005137363,0.0082375956666666
0.0006835663333333,0.0074397026666666,0.00081765,0.001827617,0.0020800256666666,0.0021224653333333,0.0006683026666666,0.002653603,0.0010388346666666,0.0016745963333333,0.003340555
0.0008084016666666,0.0037020763333333,0.000139427,0.0020327406666666,0.000897368,0.0008651326666666,0.0004978243333333,0.000847414,6.53466666666667e-06,0.0015066156666666,0.001250222
0.0010537566666666,0.0165951803333333,0.00060974,0.0003164573333333,0.004656642,0.00079051,0.0047903116666666,0.0025682533333333,5.85343333333333e-05,0.0042487536666666,0.004266007
0.0007430003333333,0.003938624,0.0013074856666666,0.000425867,0.002624368,0.0005052673333333,0.0004529083333333,0.0027810926666666,0.0002328056666666,0.0021801353333333,0.0013426843333333
0.0016041336666666,0.0168051006666667,0.0008626533333333,0.00128579,0.002689162,0.0007896043333333,0.0009335206666666,0.00546279,0.0025875173333333,0.0056824536666666,0.011743439
0.0036888553333333,0.0056296553333333,0.001974531,0.001751851,0.004828303,0.0023155116666666,0.0081555316666666,0.0255953806666667,0.0003431876666666,0.0040239573333333,0.0106626543333333
6.66666666666667e-06,3.41813333333333e-05,0.003624936,6.66666666666667e-06,7.80986666666667e-05,6.83333333333333e-06,0.001190383,1.78763333333333e-05,0.0009205356666666,0.003175203,1.38786666666667e-05
0.015611274,0.045185,0.0096508386666666,0.0120079336666667,0.03470258,0.0258534153333333,0.003454402,0.0075109756666666,0.0006438133333333,0.001887036,0.0307526336666667
0.0147508013333333,0.008530656,0.0080550616666666,0.0039211243333333,0.0073429196666666,0.0030123943333333,0.0124731856666667,0.0266687183333333,0.0002035486666666,0.0088832696666666,0.0371095433333333
