0.0021137836666666,0.0028550513333333,0.00116932,0.0016208223333333,0.0022467986666666,0.0010872283333333,0.0015342528333333,0.002839425,0.0005886355,0.0009311313333333,0.006518625
0.0018601106666666,0.007243262,0.0016779603333333,0.0044525983333333,0.0025660633333333,0.002589467,0.0035824416666666,0.0005122863333333,0.0009198746666666,0.0007794716666666,0.0030369386666666
0.001791255,0.008504486,0.0030691083333333,0.003086482,0.0032381273333333,0.0027682506666666,0.0019028833333333,0.002263533,0.0016204516666666,0.004453644,0.0076122896666666
0.0011792763333333,0.005711875,0.000589778,0.002699875,0.0008717463333333,0.000462762,0.0125246723333333,0.0011496636666666,0.0004316233333333,0.000685333,0.0012356883333333
0.0022015306666666,0.012461315,0.0020279153333333,0.0009478573333333,0.0016878573333333,0.001477852,0.0032780263333333,0.001707611,0.001121342,0.00287061,0.0060047163333333
0.0006608,0.003782104,0.00195274,0.001284004,0.001908946,0.001534534,0.00122355,0.0010122586666666,0.0003657923333333,0.0004274113333333,0.0015356046666666
0.0028640043333333,0.0119562076666667,0.001861348,0.002614905,0.0019135526666666,0.0014840373333333,0.0020626,0.0074207493333333,0.0012443463333333,0.002893666,0.0063822956666666
0.0067367326666666,0.0098872356666666,0.0050520313333333,0.0029982953333333,0.0041454536666666,0.0029265016666666,0.0087434136666666,0.0221022526666667,0.0021569436666666,0.0063035536666666,0.017503549
0.0001007946666666,0.0007834573333333,0.004385743,0.0001400043333333,0.0013446973333333,0.0002316656666666,0.0032151703333333,0.0002643983333333,0.0018562723333333,0.005752305,0.000364216
0.001985816,0.010289173,0.0011673403333333,0.0014301083333333,0.002523671,0.000688891,0.003690388,0.0031200846666666,0.0013929543333333,0.0005906866666666,0.0029098726666666
0.0116307126666667,0.0131507583333333,0.007115215,0.0067477046666666,0.004848747,0.0041398226666666,0.0084305963333333,0.0347051,0.0013008366666666,0.0044817683333333,0.0308904526666667
