0.0037357383333333,0.0031336723333333,0.0005468913333333,0.0015957063333333,0.002077289,0.0004551573333333,0.0019608445,0.001172558,7.34318333333333e-05,0.000547952,0.006511229
0.0026326316666666,0.01442213,0.0044024266666666,0.0013433416666666,0.0042577643333333,0.0032221376666666,0.012511869,0.00142761,0.000447763,0.001079202,0.005543338
0.0034658753333333,0.006243532,0.0016870063333333,0.0029166283333333,0.003740608,0.0047761893333333,0.0026603633333333,0.001244406,0.0036600793333333,0.003268943,0.0059132073333333
0.0008316503333333,0.0023595783333333,0.0007880113333333,0.002149,0.0005095853333333,0.0008064656666666,0.0014015003333333,0.0005160396666666,2.8828e-05,0.0004634716666666,0.001070613
0.002320217,0.0102515913333333,0.0013687876666666,0.0007676483333333,0.003349066,0.0028991236666666,0.003685558,0.004528661,0.0006059336666666,0.0022542883333333,0.0041842326666666
0.0006500996666666,0.0031871313333333,0.00135487,0.0009522966666666,0.0028994383333333,0.001106847,0.0007798433333333,0.000584148,0.00037366,0.0011202396666666,0.0023653246666666
0.003469109,0.0137808256666667,0.007014706,0.0028281356666666,0.0050702136666666,0.0022805416666666,0.0033652963333333,0.0050289023333333,0.003247817,0.0037515326666666,0.0066785873333333
0.0065996356666666,0.0047679083333333,0.0039078953333333,0.0010855013333333,0.0036016573333333,0.002487091,0.0063554656666666,0.01433952,0.0008491743333333,0.0035260046666666,0.0158296993333333
1.48323333333333e-05,5.4777e-05,0.0035097266666666,8.22133333333333e-06,0.0005433753333333,3.33333333333333e-06,0.004142294,6.16023333333333e-05,0.0005622906666666,0.0029779796666666,2.8155e-05
0.001664427,0.0031407176666666,0.000755185,0.0007581243333333,0.0021710046666666,0.0013099736666666,0.0030924123333333,0.0022595333333333,0.0010530693333333,0.0006429816666666,0.002396256
0.016134643,0.016818766,0.0157287073333333,0.005602537,0.0083766123333333,0.0059185,0.009410648,0.028123126,0.0016242113333333,0.005111442,0.0345743
