0.003085359,0.0009020916666666,0.0002843733333333,8.13853333333333e-05,0.0016653106666666,0.0001260703333333,0.0017858333333333,0.0010704193333333,1e-05,0.0003673856666666,0.004211632
0.001048471,0.0133560683333333,0.0011850216666666,0.000592029,0.0013698153333333,0.0004313043333333,0.0045834086666666,0.003129806,0.000584339,0.0016846503333333,0.0030788393333333
0.0006075333333333,0.007388894,0.0014445906666666,0.0028171643333333,0.003020642,0.003282499,0.0021115346666666,0.003134697,0.001318836,0.0011609873333333,0.00580106
0.0007714853333333,0.001598488,0.000104422,0.0025815883333333,8.9803e-05,9.53156666666667e-05,0.0006728793333333,0.0007360593333333,0.0002156923333333,0.0001053506666666,0.000448596
0.0020926983333333,0.0073364453333333,0.0010212516666666,0.0001031006666666,0.000523263,0.00019346,0.0012315543333333,0.000890868,7.36363333333333e-05,0.0011625393333333,0.0017210806666666
0.000440489,0.0024994016666666,0.002902672,0.0003809106666666,0.0013686733333333,0.0007188843333333,0.0009002163333333,0.000161302,0.0003022786666666,0.0003953083333333,0.001254839
0.0015172053333333,0.0169245953333333,0.0010263373333333,0.001156757,0.0010104546666666,0.000320404,0.0024336043333333,0.0046688726666666,0.0034573206666666,0.0036701783333333,0.010407039
0.000856605,0.0038338643333333,0.0037015763333333,0.0005512,0.0020798393333333,0.0008707166666666,0.0083261796666666,0.013434443,0.0078095326666666,0.0021330196666666,0.004251899
0.0001530373333333,0.0,0.0004904493333333,0.0,2.91913333333333e-05,3.33333333333333e-06,0.0043988293333333,0.0071495563333333,0.0015768036666666,0.0051947963333333,5.3824e-05
0.000999726,0.002806263,0.0004106813333333,0.0001170646666666,0.0003452206666666,0.000311202,0.002000201,0.0010651063333333,0.001058757,0.0006103703333333,0.001022061
0.0081811703333333,0.0128965763333333,0.0053569043333333,0.0040015593333333,0.0032477986666666,0.00174628,0.0121626143333333,0.0183865196666667,0.000771081,0.0046688523333333,0.032234347
