0.005297933,0.001453492,0.000995872,0.000759549,0.0015349966666666,0.0006904393333333,0.0020758946666666,0.001072315,1.0014e-05,0.0003388216666666,0.0038983263333333
0.0020169233333333,0.0084929453333333,0.0004757473333333,0.0008519273333333,0.0101078613333333,0.001699338,0.0050077253333333,0.0011075436666666,0.001052082,0.0006861433333333,0.0053286823333333
0.0002837533333333,0.004982928,0.0022023,0.002524752,0.003424567,0.005252965,0.0025820553333333,0.002389908,0.0012843046666666,0.0017965543333333,0.0050664566666666
0.000779616,0.0017571593333333,8.9196e-05,0.0019475293333333,0.0007101516666666,0.000230561,0.001845867,0.0004442946666666,8.86306666666667e-05,6.06033333333333e-05,0.0011895586666666
0.0026351483333333,0.0067000976666666,0.000718048,0.004921154,0.004245263,0.000471677,0.001812893,0.0035813493333333,5.0847e-05,0.0007268013333333,0.0014896373333333
0.000448739,0.0012391566666666,0.0021713503333333,0.0011007003333333,0.0025089506666666,0.0004819986666666,0.001042468,0.0009240613333333,0.000322363,0.00069522,0.0012052746666666
0.0020616303333333,0.0065428733333333,0.0010946906666666,0.0004892616666666,0.0013432393333333,0.0003244806666666,0.0010861196666666,0.0070446906666666,0.0032535043333333,0.0021619283333333,0.00297241
0.0030921646666666,0.001844297,0.0037014856666666,0.0010140043333333,0.0030405956666666,0.0011666266666666,0.008141201,0.0106727923333333,0.000240356,0.001992189,0.0090809706666666
1.5775e-05,0.0,0.001128364,3.33333333333333e-06,0.0003566913333333,0.0,0.0041092573333333,3.68133333333333e-05,0.001162742,0.0040744953333333,0.0
0.000860252,0.0035951273333333,0.000336718,0.000272396,0.0012151986666666,0.0002047016666666,0.001276792,0.0014976436666666,0.000492918,0.0010194333333333,0.0057898753333333
0.0100447813333333,0.0072553296666666,0.010148794,0.0025112456666666,0.0044053586666666,0.0023907866666666,0.00694545,0.0189045836666667,0.0001438686666666,0.004306403,0.0204352996666667
