0.002757397,0.0027149093333333,0.000613082,0.0002317076666666,0.0018912996666666,0.000116663,0.0018334038333333,0.0003732113333333,2.03348333333333e-05,0.0003973773333333,0.003470631
0.0017584653333333,0.0029293733333333,0.0022117523333333,0.0016051756666666,0.0050092146666666,0.0021765676666666,0.0095935813333333,0.014706892,0.0001318876666666,0.0008022246666666,0.0025311413333333
0.0008613566666666,0.0045107736666666,0.0005008913333333,0.002298448,0.003154618,0.0008834413333333,0.0008944776666666,0.004686885,0.0006637113333333,0.001024525,0.004597895
0.001911634,0.0009556053333333,0.0001376113333333,0.0008351553333333,0.0003296113333333,0.000527027,0.0005856056666666,0.000753819,0.0,0.000587636,0.001630539
0.0031798843333333,0.004161281,0.000627435,0.0005060163333333,0.0012165533333333,0.000790351,0.002679021,0.0076100323333333,0.000117908,0.00090323,0.002176988
0.0002227686666666,0.001490313,0.0004507346666666,0.000511137,0.000831686,0.0005127713333333,0.0007694936666666,0.001597531,9.088e-06,0.000525675,0.0016546503333333
0.0015370243333333,0.0082883533333333,0.0027769566666666,0.001777689,0.0025346923333333,0.001021221,0.0012373813333333,0.0150427766666667,0.0015538813333333,0.0040876163333333,0.0106220176666667
0.00307515,0.0065214336666666,0.003726012,0.0014663833333333,0.0052879106666666,0.0013307056666666,0.0105621056666667,0.0230932996666667,0.000689239,0.0020866056666666,0.0158138313333333
0.0012294903333333,9.72403333333333e-05,0.0009720123333333,0.000553509,3.37203333333333e-05,0.0,0.004147746,0.0001043373333333,0.0013055476666666,0.0060346853333333,5.34953333333333e-05
0.00098927,0.000763985,0.0006618993333333,0.000246469,0.0031193016666666,0.00050452,0.0019083123333333,0.002530584,0.0003462983333333,0.0001677693333333,0.0005975196666666
0.0072432863333333,0.0068549613333333,0.0082437566666666,0.0024026813333333,0.0031244306666666,0.001149276,0.0137253246666667,0.0145237656666667,0.0001944046666666,0.0026556666666666,0.0442236433333333
