0.0068549076666666,0.0009859786666666,0.0008978543333333,0.000249541,0.002306787,0.000106444,0.0016926316666666,0.0004021416666666,5.77033333333333e-06,0.001118543,0.003544479
0.0015569306666666,0.0122060176666667,0.001296746,0.0012999573333333,0.0044970513333333,0.0010366996666666,0.004456724,0.0016723683333333,0.000303199,0.000942869,0.0015375056666666
0.0006035316666666,0.0113593636666667,0.002903459,0.0025283716666666,0.0022322376666666,0.0025279513333333,0.004154625,0.000964768,0.001267755,0.0033837483333333,0.005044334
0.0001601426666666,0.0015977526666666,0.0001040443333333,0.0023477426666666,7.5084e-05,0.0001272706666666,0.004800706,0.000306366,0.0,0.0001676543333333,0.0001560176666666
0.0003485936666666,0.0053432086666666,0.000741305,8.76836666666667e-05,0.0005248443333333,0.000422813,0.0037149076666666,0.001193654,7.78753333333333e-05,0.0023263783333333,0.001860408
0.0002652893333333,0.0027991606666666,0.0021463803333333,0.000417664,0.0021143823333333,0.001170109,0.000950005,0.0002092043333333,0.0003246843333333,0.0004563376666666,0.0008940383333333
0.000873236,0.0080200293333333,0.0006471246666666,0.0010649273333333,0.0011990193333333,0.000177478,0.0020682866666666,0.003461759,0.003576646,0.004509228,0.0106359073333333
0.0015078576666666,0.003595598,0.0028545466666666,0.000923942,0.0015256436666666,0.0006490696666666,0.008046608,0.0095918483333333,0.0006796123333333,0.0044868523333333,0.0073225076666666
0.0,0.0,0.0001720696666666,0.0,3.17493333333333e-05,3.33333333333333e-06,0.0044439046666666,7.652e-06,0.001507089,0.0050027136666666,3.33333333333333e-06
0.0006157706666666,0.0018795093333333,0.0003749856666666,0.0003925646666666,0.0008790166666666,0.00024297,0.0037711883333333,0.0010988053333333,0.001501626,0.0007582283333333,0.000732189
0.00817949,0.011209529,0.0065811096666666,0.0013014036666666,0.003911123,0.0015762803333333,0.0130855426666667,0.011879902,7.63026666666667e-05,0.006794108,0.0285145343333333
