0.0037062196666666,0.005691188,1.42616666666667e-05,0.0049684126666666,0.005090366,0.0025210683333333,2.80666666666667e-05,0.0019152123333333,4.1178e-05,0.000181561,0.008603139
0.0037242313333333,0.0168650233333333,0.0026192246666666,0.0158487533333333,0.0096354413333333,0.0042660283333333,0.000189854,0.0040005073333333,1.54783333333333e-05,0.0002038566666666,0.0055213606666666
0.0015208483333333,0.0061950293333333,0.0018042803333333,0.008697747,0.0051368356666666,0.002962179,0.0,0.0024966706666666,0.0016113223333333,5.49036666666667e-05,0.005858109
0.0066255996666666,0.000268476,0.0,0.0240401993333333,3.85066666666667e-06,3.40533333333333e-06,0.0,0.0008194756666666,3.34663333333333e-05,2.6544e-05,0.012826361
0.0028242036666666,0.0159863293333333,0.0030873346666666,0.00884062,0.0061052246666666,0.0030800233333333,3.50116666666667e-05,0.009457297,7.08836666666667e-05,0.0004227443333333,0.009307874
0.000738724,0.0038921853333333,0.002562183,0.0021351236666666,0.0031818003333333,0.001624066,0.0,0.0014157233333333,6.66666666666667e-06,0.000417855,0.0017892566666666
0.0045777793333333,0.0011247383333333,0.0055032406666666,0.02232856,2.8353e-05,7.9347e-05,0.0013526373333333,0.008176161,0.002164616,0.002778337,0.0117823336666667
0.005872223,0.009983812,0.0059104093333333,0.0187426783333333,0.0130801866666667,0.0035117326666666,0.000121079,0.0258492196666667,1.84016666666667e-05,0.0003297923333333,0.017997235
0.0001171266666666,1e-05,0.002328448,0.0009463423333333,0.0,5.489e-05,0.0039489443333333,0.0006046316666666,0.0015403273333333,0.0060398123333333,0.00012892
0.0019942503333333,0.000574348,0.0019573063333333,0.0089300976666666,2.01203333333333e-05,0.001314599,0.0035128743333333,0.0022899633333333,0.001635481,0.000508039,0.0033028743333333
0.0090700776666666,0.0132187213333333,2.648e-05,0.03384482,0.009935112,0.0039194443333333,6.66666666666667e-06,0.025741342,0.000306467,0.000993375,0.0327763583333333
