0.0031431913333333,0.0029249446666666,0.0008451346666666,0.0011860856666666,0.0017909913333333,0.0006528946666666,0.0015944818333333,0.0021860666666666,0.0001109691666666,0.000743759,0.007880108
0.0031191956666666,0.0114475463333333,0.00359609,0.0015744723333333,0.0034414416666666,0.0017132146666666,0.007984172,0.0051840973333333,0.0007851893333333,0.001814591,0.006732138
0.0035401786666666,0.0071035556666666,0.0015355313333333,0.003254197,0.004113523,0.0035696106666666,0.0045300306666666,0.001822347,0.00206451,0.003189831,0.0053484906666666
0.0009493073333333,0.0035175256666666,0.00089202,0.002459643,0.0002873996666666,0.0006415163333333,0.0017795233333333,0.0009664436666666,1.7458e-05,0.000989682,0.0013895983333333
0.0037463183333333,0.0110341883333333,0.001600377,0.000420228,0.00265425,0.0014839496666666,0.0031931443333333,0.0046050176666666,0.000226431,0.003023884,0.007618573
0.000798529,0.002574428,0.0013565526666666,0.0011051303333333,0.0033016316666666,0.0008244056666666,0.000678408,0.0005336903333333,0.0003553676666666,0.0008706543333333,0.003030405
0.0032770353333333,0.0148271256666667,0.003860692,0.0029792013333333,0.0050347266666666,0.001183427,0.0017017516666666,0.005134985,0.0037951643333333,0.0039311436666666,0.0404922866666667
0.0066705293333333,0.0061238926666666,0.004130378,0.0018124423333333,0.006125848,0.0020517403333333,0.0082633776666666,0.0177139276666667,0.0010322556666666,0.002914406,0.022188179
1.3167e-05,5.19933333333333e-05,0.000642399,1.40213333333333e-05,9.6408e-05,1.33333333333333e-05,0.0063955116666666,8.71863333333333e-05,0.0007637216666666,0.003200833,2.97746666666667e-05
0.0019841493333333,0.003733284,0.000912461,0.0005730956666666,0.0031953746666666,0.001415983,0.0044133583333333,0.003098728,0.000991156,0.0006255513333333,0.0030838663333333
0.0189005026666667,0.0169648866666667,0.0130617446666667,0.0042185606666666,0.005166736,0.0033059603333333,0.0097136303333333,0.0261004433333333,0.0025699096666666,0.005000971,0.0341361733333333
