0.003027018,0.00176297,0.0006238983333333,0.000751433,0.002346628,0.0010922436666666,0.0023243698333333,0.001349606,8.67461666666667e-05,0.0006974846666666,0.0057811623333333
0.001595394,0.0116125386666667,0.0028125083333333,0.005751443,0.0049204023333333,0.0016283146666666,0.0086587856666666,0.0020208426666666,0.0002659686666666,0.0018653146666666,0.004006128
0.0007333043333333,0.0088362903333333,0.0017809446666666,0.001655741,0.0040761003333333,0.0025805156666666,0.0009183216666666,0.0023911123333333,0.0013975566666666,0.001169742,0.0053631233333333
0.0002446753333333,0.002099736,0.0003380016666666,0.001180826,0.000479764,0.0003520586666666,0.000811014,0.0003656213333333,0.0001515983333333,0.000246712,0.0016723303333333
0.008521403,0.009336892,0.0028649923333333,0.000872366,0.001772534,0.0006613426666666,0.006217241,0.0036221023333333,0.0002028193333333,0.001319789,0.0085456863333333
0.0003085756666666,0.0030341516666666,0.0024872033333333,0.000445267,0.0011393636666666,0.0010102573333333,0.0010206573333333,0.0006309816666666,3.39906666666667e-05,0.0005168646666666,0.0015181386666666
0.001728078,0.011272957,0.0017646006666666,0.000611662,0.0056118673333333,0.000940779,0.0013620213333333,0.0070717406666666,0.0007847126666666,0.0025810116666666,0.01537514
0.0046577343333333,0.0074996306666666,0.004945929,0.0017181906666666,0.005905228,0.0017963603333333,0.0096893713333333,0.0181352576666667,0.0004572766666666,0.0026880116666666,0.01818165
2.19933333333333e-05,0.0001604506666666,0.0017077536666666,4.41246666666667e-05,0.0001050773333333,2.25413333333333e-05,0.0063185766666666,7.1043e-05,0.0017624596666666,0.0070552023333333,2.49673333333333e-05
0.0009402956666666,0.002089867,0.0003681163333333,0.0009177686666666,0.001296357,0.0004431046666666,0.0022445853333333,0.0007149436666666,0.0004416403333333,0.0006872816666666,0.0012625496666666
0.0090963036666666,0.0120811863333333,0.007765126,0.0046561376666666,0.010058157,0.0025056373333333,0.012112938,0.0171620243333333,0.0011470913333333,0.0035198433333333,0.027438417
