0.0052493773333333,0.0004735596666666,0.0004103936666666,0.0009027226666666,0.0017196776666666,0.000112561,0.000932409,0.0006778036666666,0.000167374,0.000673295,0.0028635243333333
0.0014628913333333,0.0059092243333333,0.002035553,0.0007928376666666,0.002700703,0.001890125,0.002238259,0.0014934333333333,0.0002352763333333,0.0016919503333333,0.0025360563333333
0.0006743663333333,0.0050234226666666,0.0009042663333333,0.003014773,0.0038627736666666,0.002587207,0.001323376,0.0014814986666666,0.001084619,0.0010357973333333,0.0052727016666666
0.000531202,0.001588068,0.000138485,0.001924639,0.0006522936666666,7.90496666666667e-05,0.0003703136666666,0.000250008,3.33333333333333e-06,2.13053333333333e-05,0.0002635866666666
0.0018976536666666,0.0049404263333333,0.0013685203333333,3.06033333333333e-05,0.0016694576666666,0.000487089,0.0021060106666666,0.001888237,5.87373333333333e-05,0.0006579493333333,0.0026173663333333
0.0003210863333333,0.0011599686666666,0.0005149723333333,0.0003870266666666,0.0016361506666666,0.001753252,0.0003681426666666,0.000136355,0.0002099603333333,0.0002878536666666,0.0017920376666666
0.0026493616666666,0.0079905333333333,0.001019469,0.0005015266666666,0.0009917793333333,0.0007106463333333,0.0015488516666666,0.0036276253333333,0.0021588853333333,0.002390881,0.003362646
0.0017781746666666,0.0028994753333333,0.0027392023333333,0.000390391,0.0022508103333333,0.0005554323333333,0.0077605703333333,0.010195127,0.0001647406666666,0.001875721,0.0030677223333333
0.0,0.0,0.0006051543333333,0.0,2.91966666666667e-05,0.0,0.0034631186666666,9.25453333333333e-05,0.0012176036666666,0.0039805083333333,3.33333333333333e-06
0.0007446356666666,0.001636885,0.0002734626666666,0.0001718103333333,0.0017558183333333,0.0001772516666666,0.00118338,0.0006041166666666,0.001269791,0.0028175166666666,0.0007835683333333
0.0086567286666666,0.0064160503333333,0.0084033056666666,0.00152453,0.0031508853333333,0.0021803696666666,0.0064084076666666,0.0134321256666667,0.0003368056666666,0.0039935953333333,0.024017476
