0.0027523736666666,0.0011073753333333,0.0004200543333333,0.00226002,0.0026149596666666,0.0002833923333333,0.0025534798333333,0.0006469653333333,1.55065e-05,0.0004914216666666,0.0035103103333333
0.003021744,0.0140287956666667,0.0011986276666666,0.001594683,0.0039257343333333,0.0008491096666666,0.0099860576666666,0.0007550643333333,0.0007203026666666,0.0013253356666666,0.0024975853333333
0.0006790333333333,0.007683331,0.00090723,0.0013536806666666,0.0033971386666666,0.0014507693333333,0.0017625776666666,0.0019746903333333,0.0006076443333333,0.00078924,0.0041994066666666
0.0005565173333333,0.0011019683333333,0.0001102573333333,0.000494258,0.0004332266666666,0.0001139913333333,0.0028978613333333,0.0009318273333333,0.0,0.000204774,0.001689637
0.0018973753333333,0.0099116513333333,0.0011765496666666,0.000288091,0.0034812396666666,0.0006225433333333,0.0070284776666666,0.0036017166666666,0.0003353166666666,0.002587775,0.0032443953333333
0.0004929946666666,0.0030913966666666,0.0012535736666666,0.0005182356666666,0.0008417253333333,0.0003310286666666,0.000509832,0.0002317466666666,8.55473333333333e-05,0.0004749463333333,0.0012137053333333
0.0021021916666666,0.0142790706666667,0.002154235,0.0011563073333333,0.0068910756666666,0.0010503823333333,0.0028440133333333,0.0064473503333333,0.0027269203333333,0.0054206983333333,0.011709399
0.004677388,0.0048306686666666,0.0037395116666666,0.0018109976666666,0.0038463756666666,0.0008944553333333,0.0133689486666667,0.0121682,0.0004071866666666,0.003890931,0.006863284
0.0013898786666666,0.0001255636666666,0.0007335636666666,1.00746666666667e-05,9.7852e-05,4.2619e-05,0.00559717,8.5597e-05,0.0010211023333333,0.004111878,1.0563e-05
0.0015673343333333,0.001732096,0.000492942,0.0005942006666666,0.0018254006666666,0.0008948596666666,0.00481665,0.0009473666666666,0.0008402463333333,0.000159315,0.001070211
0.0138509346666667,0.0082641703333333,0.00726009,0.002819734,0.0037695713333333,0.000939813,0.0206614836666667,0.0199154116666667,0.0008052126666666,0.004667439,0.0205570163333333
