0.0063568436666666,0.0007019226666666,0.0002295246666666,0.004021485,0.0017255523333333,0.0003458666666666,0.003139581,0.0016147163333333,3.69136666666667e-05,0.0004603343333333,0.0034815103333333
0.001342831,0.0098476366666666,0.000861171,0.0007226893333333,0.005190195,0.001246663,0.0061979446666666,0.005665961,0.0004728776666666,0.00077511,0.0020910383333333
0.0002977633333333,0.005164233,0.002050325,0.0022027043333333,0.0035511443333333,0.00309983,0.0014755723333333,0.00183928,0.0013778613333333,0.0010413983333333,0.0049313006666666
0.0012033786666666,0.0021165553333333,0.0002159983333333,0.0025012763333333,0.000872944,0.000950711,0.0010053473333333,0.0007730023333333,0.0008366,0.000172519,0.0008130936666666
0.002252544,0.0113688116666667,0.001265568,0.0032992853333333,0.0010193683333333,0.000336509,0.0018816536666666,0.0023083213333333,0.000301292,0.0020322273333333,0.002703839
0.0003329046666666,0.0015625583333333,0.0012422283333333,0.000422354,0.0013724106666666,0.0007638576666666,0.0007705196666666,0.000580369,0.0003163626666666,0.0006174396666666,0.0019501643333333
0.003429253,0.0087137296666666,0.0013351336666666,0.0013428716666666,0.0025808006666666,0.0006084423333333,0.0023567553333333,0.005562379,0.0049092663333333,0.0023302856666666,0.0031510163333333
0.002941469,0.0034013896666666,0.004135288,0.0016139736666666,0.002816514,0.0010471606666666,0.010733902,0.0123596736666667,0.0005452806666666,0.0030756126666666,0.0111647796666667
1e-05,3.33333333333333e-06,0.0001435306666666,1.11353333333333e-05,4.12573333333333e-05,3.33333333333333e-06,0.0038529843333333,0.000275969,0.001205881,0.0039259076666666,8.44866666666667e-05
0.0009848426666666,0.0046197513333333,0.0008455666666666,0.0006628096666666,0.00107074,0.000782305,0.0020243166666666,0.001449811,0.0003872016666666,0.0017681863333333,0.005598435
0.014885082,0.0069029863333333,0.0075929026666666,0.0030640786666666,0.0070162683333333,0.0016196926666666,0.011266746,0.0182234393333333,0.000727173,0.004808823,0.0421309966666667
