0.0033577996666666,0.0045874953333333,1.67413333333333e-05,0.0062697916666666,0.0040956953333333,0.000671609,0.0,0.002652311,0.0,0.0001753566666666,0.008453193
0.0062645476666666,0.0146142963333333,0.002717944,0.0143411033333333,0.0074872763333333,0.0019502113333333,8.17833333333333e-06,0.006040451,6.66666666666667e-06,0.0003884606666666,0.008726977
0.0017127533333333,0.0058346223333333,0.001759521,0.0063327013333333,0.005733969,0.0026125953333333,2.1775e-05,0.0029398446666666,0.000996798,0.000118069,0.0058874306666666
0.0053623336666666,0.0001545203333333,0.0,0.0182807576666667,3.33333333333333e-06,0.0,3.4332e-05,0.0009038246666666,0.0,5.80693333333333e-05,0.0134522916666667
0.0029676466666666,0.0205812203333333,0.0017288716666666,0.009501801,0.0049343916666666,0.0023130443333333,3.33333333333333e-06,0.0094087956666666,3.93756666666667e-05,0.000511083,0.0060852176666666
0.001497427,0.0028526633333333,0.0018893163333333,0.0030172076666666,0.0020832126666666,0.000960917,4.02e-06,0.001795143,0.0,0.0001440276666666,0.0018393913333333
0.0037599636666666,0.0008671983333333,0.0031119383333333,0.0223080623333333,2.38786666666667e-05,5.32653333333333e-05,0.0021840916666666,0.0117250513333333,0.001691443,0.003681685,0.0124635876666667
0.0089434406666666,0.0129283263333333,0.004920317,0.0195875473333333,0.0070109053333333,0.002754041,1.131e-05,0.0304939116666667,0.0001596973333333,0.001171582,0.020975743
6.5976e-05,1.3642e-05,0.0004589836666666,0.0004400786666666,3.33333333333333e-06,3.62386666666667e-05,0.0045740696666666,0.0007355183333333,0.001631607,0.0058428713333333,0.000128114
0.002640088,0.0003244683333333,0.001162988,0.006011735,1.3846e-05,0.0009086516666666,0.0031922133333333,0.001939377,0.0008237,0.0008298416666666,0.0020933493333333
0.0132510163333333,0.01575001,0.001606872,0.0316561923333333,0.0058469203333333,0.0037203813333333,6.66666666666667e-06,0.0254362556666667,4.11523333333333e-05,0.001057806,0.0429905166666667
