0.0036975386666666,0.0018710536666666,0.0017744936666666,0.00035927,0.001469539,0.0006407523333333,0.0020839483333333,0.0020880193333333,0.0001505796666666,0.0009044963333333,0.0069607166666666
0.00181383,0.0109137116666667,0.0010452766666666,0.0013668286666666,0.003849499,0.0009000443333333,0.0047049883333333,0.0023321503333333,0.000283274,0.001276593,0.006158129
0.0025329383333333,0.0062783596666666,0.000805201,0.0027150176666666,0.0049890346666666,0.001889061,0.001253745,0.002686215,0.002560159,0.0015436296666666,0.006918511
0.0009059213333333,0.0015330886666666,0.000249423,0.0021869776666666,0.0005106036666666,0.000295696,0.001322288,0.0005058753333333,4.44986666666667e-05,0.0011276716666666,0.00199705
0.0028369723333333,0.0078418303333333,0.003375884,0.0032016006666666,0.004482493,0.0011410916666666,0.002292447,0.0024516113333333,0.0005167726666666,0.0021676933333333,0.0033120696666666
0.000929524,0.0026790766666666,0.001255704,0.0008508033333333,0.000996791,0.000804472,0.0004712946666666,0.0006057766666666,0.0003079113333333,0.000340805,0.001230482
0.0044573266666666,0.0107952153333333,0.0027360103333333,0.0008337796666666,0.003235323,0.000688542,0.0019708253333333,0.0063811666666666,0.004069345,0.0050839226666666,0.0067358256666666
0.0042270813333333,0.0067044156666666,0.0045982293333333,0.0018598976666666,0.0044610506666666,0.001832024,0.0095905623333333,0.015106273,0.0006253393333333,0.0032888156666666,0.0281822433333333
0.000119806,0.0001243333333333,0.0002047783333333,4.23156666666667e-05,9.47363333333333e-05,0.0,0.0058940216666666,3.496e-05,0.0010567923333333,0.0045137393333333,9.7273e-05
0.0017349126666666,0.0048230106666666,0.0008770046666666,0.0009917046666666,0.0019302776666666,0.0007381766666666,0.0028869063333333,0.0021675723333333,0.0003697063333333,0.0002827536666666,0.0046894193333333
0.0313164623333333,0.009703099,0.0063501546666666,0.0047216813333333,0.007147881,0.0032907096666666,0.0083080076666666,0.023071824,0.001084762,0.0106398076666667,0.0354410233333333
