0.003635235,0.0018544803333333,0.0005195593333333,0.0001167853333333,0.001384526,0.0001021116666666,0.0022729623333333,0.000518267,3.04533333333333e-06,0.0013896316666666,0.005538103
0.0010098886666666,0.0143206576666667,0.0037892336666666,0.0002450606666666,0.0017986176666666,0.002152455,0.009397119,0.0004799066666666,8.52806666666667e-05,0.0005901803333333,0.001191443
0.00015838,0.0067277176666666,0.001008754,0.0015058793333333,0.0044247056666666,0.0014924353333333,0.0013526956666666,0.0014993703333333,0.0012838153333333,0.0012519833333333,0.004258951
0.001908096,0.0018789466666666,0.0001435736666666,0.0003157976666666,0.0001393846666666,0.0001504846666666,0.0005157,0.0013843626666666,0.0,0.000429348,0.0001486633333333
0.001352974,0.0072399193333333,0.0012848063333333,0.0001512733333333,0.0005657963333333,0.000269264,0.005384117,0.0028160183333333,1.84253333333333e-05,0.0013267156666666,0.0011102033333333
0.000172565,0.002097091,0.002482561,0.0005733383333333,0.001066627,0.0005432563333333,0.000988024,0.0004214446666666,0.000341041,0.0007507206666666,0.0011115706666666
0.0013672456666666,0.013340954,0.0012616576666666,0.0014596876666666,0.0019482086666666,0.0006517176666666,0.0022956146666666,0.0036568613333333,0.0011014696666666,0.0051902986666666,0.004004779
0.002208732,0.0089242256666666,0.0027973273333333,0.0012218166666666,0.0024536686666666,0.0009017616666666,0.0104097453333333,0.01120093,4.3302e-05,0.0046837643333333,0.005480442
6.87266666666667e-06,6.66666666666667e-06,0.002754493,1.25613333333333e-05,3.27546666666667e-05,3.33333333333333e-06,0.0043727763333333,2.65973333333333e-05,0.000956802,0.003745819,2.2396e-05
0.0009951903333333,0.0022959323333333,0.00033055,0.0002938036666666,0.0005333163333333,0.000620594,0.0035260526666666,0.001116662,0.0001792256666666,0.0004173713333333,0.0008925243333333
0.0088827023333333,0.010095873,0.0072478573333333,0.0014580423333333,0.005488477,0.0007418773333333,0.00934898,0.016722143,0.0001365003333333,0.006303036,0.03538735
