0.003252185,0.0009763113333333,0.0004094046666666,0.000581565,0.001812968,0.0002585743333333,0.0021159143333333,0.0008785686666666,4.66913333333333e-05,0.0007911703333333,0.0076191373333333
0.0015945663333333,0.013770733,0.0028802313333333,0.001641615,0.0036452433333333,0.0021030506666666,0.0055084413333333,0.000900304,1.7645e-05,0.0008755643333333,0.0038958923333333
0.000849506,0.0161958736666667,0.0012173063333333,0.0017946716666666,0.004404883,0.0020034953333333,0.000842594,0.0025178343333333,0.0015549823333333,0.0015478283333333,0.0044025516666666
0.00053004,0.0018525553333333,0.0001058806666666,0.000581219,0.0004871316666666,0.0002301556666666,0.000960946,0.000375833,3.43776666666667e-05,0.0001259543333333,0.000842524
0.003734124,0.0097078163333333,0.0013343466666666,0.0002416136666666,0.0016991666666666,0.0004031,0.0030065433333333,0.003688846,0.0001437033333333,0.0011817183333333,0.003847443
0.0004131223333333,0.0032388606666666,0.0007470966666666,0.0006066143333333,0.0015103523333333,0.0006811043333333,0.0004913773333333,0.0005781566666666,0.0002483226666666,0.0003383456666666,0.00172307
0.0024184993333333,0.741316066666667,0.001752269,0.001885839,0.009950054,0.0008561606666666,0.0018486906666666,0.0046578623333333,0.0007642906666666,0.0036669,0.0048993456666666
0.0042472473333333,0.0072514386666666,0.0027680966666666,0.0019375283333333,0.0061675846666666,0.0018042583333333,0.0079260533333333,0.0163393556666667,8.4957e-05,0.002354127,0.0122676846666667
1.832e-05,2.76963333333333e-05,0.0002377013333333,7.52733333333333e-06,6.07406666666667e-05,3.50743333333333e-05,0.0028667336666666,3.7256e-05,0.0005651693333333,0.0026922376666666,2.05543333333333e-05
0.0012114466666666,0.0031759346666666,0.0009401676666666,0.0002894166666666,0.0020240216666666,0.0004645213333333,0.0025313776666666,0.0015664113333333,0.000242218,0.0003104253333333,0.0018033146666666
0.0145820536666667,0.0093274763333333,0.009746937,0.0019265946666666,0.0066646796666666,0.0030688496666666,0.0079664726666666,0.0152170916666667,0.0005319763333333,0.0033613013333333,0.03537394
