0.0072104403333333,0.001268113,0.001499139,0.000429798,0.003812268,0.0007045903333333,0.0021470426666666,0.0023894176666666,6.7688e-05,0.0023766266666666,0.0072958223333333
0.0017991276666666,0.0136871193333333,0.001753344,0.001720867,0.0056056183333333,0.001513657,0.0036707063333333,0.0035119373333333,0.000310239,0.000614144,0.0028786673333333
0.000423849,0.0111848203333333,0.0009228573333333,0.0039692576666666,0.0037716886666666,0.003113011,0.0015767356666666,0.002162803,0.0019764053333333,0.0021146843333333,0.006106464
0.0012792823333333,0.0023191263333333,0.000227263,0.002119915,0.0002229246666666,0.0002217333333333,0.0004438043333333,0.00070923,5.71023333333333e-05,0.0001787903333333,0.0011208446666666
0.0031865476666666,0.008568164,0.0010052153333333,0.003127916,0.006075047,0.0006125336666666,0.0011355023333333,0.0032062736666666,0.0002606656666666,0.0020117583333333,0.0026473376666666
0.0002787416666666,0.002785317,0.002509376,0.000322492,0.0021356496666666,0.0016252973333333,0.0006055373333333,0.000424484,0.0002371816666666,0.000256188,0.0010775336666666
0.0037253376666666,0.0133668553333333,0.0031336646666666,0.0008010266666666,0.0017086763333333,0.000689428,0.001282244,0.0053505056666666,0.0024477013333333,0.0027828303333333,0.004522616
0.004454769,0.005522741,0.0037755243333333,0.0013670013333333,0.0046006596666666,0.0024584236666666,0.006938399,0.01427512,0.0004405633333333,0.0020486943333333,0.0127627923333333
1.02183333333333e-05,1.10173333333333e-05,0.0004279453333333,7.20936666666667e-05,0.0012125983333333,6.30836666666667e-05,0.0041624126666666,3.25173333333333e-05,0.0011367263333333,0.0041938693333333,0.00016035
0.0016062136666666,0.0080947423333333,0.0003191283333333,0.000599191,0.0011605053333333,0.0008114866666666,0.0021751406666666,0.0020975793333333,0.0009666273333333,0.0002247086666666,0.0028680993333333
0.016542422,0.0144245273333333,0.0085611516666666,0.004249657,0.0105409483333333,0.0039800233333333,0.0064384463333333,0.029252408,0.0007675473333333,0.005353511,0.0493857333333333
