0.0095935606666666,0.0010014883333333,0.0007532596666666,0.0001942316666666,0.00111752,0.0004523536666666,0.0006262101666666,0.000803477,6.51888333333333e-05,0.00126328,0.0032501133333333
0.0008815413333333,0.0033224656666666,0.0012958496666666,0.0005026243333333,0.0023138203333333,0.000534628,0.0014686706666666,0.0002796043333333,0.0003529483333333,0.0008749733333333,0.0006631243333333
0.0013746933333333,0.0072240703333333,0.0009860656666666,0.0016428663333333,0.0027873796666666,0.0007520593333333,0.0005294136666666,0.0026408133333333,0.0004312886666666,0.0010943523333333,0.0056137516666666
3.7832e-05,0.001466841,0.000194065,0.0008460086666666,0.0001668903333333,0.0001512443333333,0.011689887,0.000455464,5.242e-05,0.0004492656666666,0.0002315373333333
0.0027033756666666,0.009335556,0.001129973,0.0003441603333333,0.004029742,0.0006621643333333,0.0023940543333333,0.0028590706666666,0.0002012763333333,0.0014457913333333,0.0027535383333333
0.000197369,0.0042932923333333,0.0015502003333333,0.0006048233333333,0.001602134,0.0006627416666666,0.0011583863333333,0.0005595953333333,0.000127248,0.000439684,0.0010517803333333
0.0009113333333333,0.008943167,0.0013769093333333,0.0006396626666666,0.000954115,0.0009157533333333,0.001018202,0.0048149676666666,0.0006866686666666,0.0017333946666666,0.0042402613333333
0.001960032,0.0056094366666666,0.004450759,0.0012740863333333,0.0048063873333333,0.0022731383333333,0.0046774186666666,0.0113125143333333,0.000513001,0.003925213,0.0080381693333333
1.33333333333333e-05,0.0002859566666666,0.000307167,1.96623333333333e-05,5.1665e-05,3.7051e-05,0.0035274076666666,0.000168719,0.00337667,0.0081049776666666,1.66666666666667e-05
0.0006940083333333,0.007418142,0.0003639956666666,0.0004547273333333,0.0020192956666666,0.000564457,0.0020296773333333,0.0023614093333333,0.0007952656666666,0.0002566806666666,0.001373613
0.0137768013333333,0.0064488123333333,0.005037857,0.0007948293333333,0.0062042206666666,0.0019546106666666,0.007633074,0.014638452,0.000203311,0.003354881,0.0301309406666667
