0.005409053,0.0003924273333333,4.40913333333333e-05,0.0023940756666666,0.0037178343333333,1.8467e-05,0.0022499281666666,0.0001744076666666,0.0004785638333333,4.01156666666667e-05,0.0262160983333333
0.004035837,0.017056037,0.000149775,0.0024053223333333,0.0089757396666666,0.002623728,0.0094823936666666,0.0045481203333333,0.0018443866666666,5.6487e-05,0.0140073566666667
0.000828892,0.0088146983333333,0.0027228503333333,0.004128968,0.0048417273333333,0.0046661553333333,0.0043965406666666,0.0040274843333333,0.001401746,0.0022776073333333,0.005657903
0.000622367,0.0040163796666666,0.0007547663333333,0.0014927226666666,0.0009949886666666,0.0005267206666666,0.002601037,8.55363333333333e-05,8.83533333333333e-06,2.51673333333333e-05,0.003389669
0.0023139583333333,0.0135686453333333,0.0020514313333333,0.0012794653333333,0.0048178583333333,0.0010928643333333,0.00522829,0.009401021,0.00086825,0.0004543436666666,0.0093068566666666
0.000427401,0.0038257333333333,0.002608417,0.0005438826666666,0.002234437,0.0017218996666666,0.001207057,0.001030649,0.0001401766666666,1.3344e-05,0.0022394833333333
0.004619304,0.0188182793333333,0.0050773023333333,0.0033825456666666,0.0075651353333333,0.0021727693333333,0.002603819,0.0122505946666667,0.0026253273333333,0.0039839316666666,0.0151365856666667
0.0069352333333333,0.0011740426666666,0.0001909776666666,0.002973745,0.000243726,3.08876666666667e-05,0.015810714,0.032448463,0.0018365116666666,0.0001424766666666,0.05350909
0.0011100783333333,0.0003078343333333,0.0019081003333333,0.0001202503333333,0.000163031,0.0002374333333333,0.0059862726666666,0.0002750236666666,0.0017746856666666,0.005568232,0.0008132506666666
0.0023801296666666,0.004263298,0.000663312,0.0007220023333333,0.001437399,0.0012560546666666,0.0037672423333333,0.001346041,0.001679617,0.0007145413333333,0.0028728603333333
0.01611416,0.000802556,0.0001176876666666,0.0052433936666666,0.00087896,0.0003243916666666,0.018271852,0.0007026106666666,0.0009374143333333,0.0001291243333333,0.101019503333333
