0.0041378516666666,0.0008420076666666,0.000487054,0.000162541,0.0031277276666666,5.56026666666667e-05,0.002297271,0.0005314973333333,9.72016666666667e-05,0.0005956526666666,0.0022017296666666
0.000687589,0.0069943736666666,0.001314585,0.0004897463333333,0.0043280693333333,0.0006339966666666,0.007771721,0.0024429343333333,0.00053628,0.0008738353333333,0.004051846
0.000224536,0.005159975,0.0013499893333333,0.0017112426666666,0.0033979766666666,0.003493497,0.0009295096666666,0.002031901,0.0007204106666666,0.0014892446666666,0.0048901996666666
0.0001578536666666,0.0008684733333333,0.000120832,0.0004022316666666,0.0001479686666666,7.62306666666667e-05,0.0009863666666666,0.0013296333333333,0.0,0.00016367,0.000268021
0.001220011,0.003631057,0.000443382,0.0009439603333333,0.0030605523333333,0.0006110453333333,0.007812789,0.0018875396666666,1.34313333333333e-05,0.0011522643333333,0.001887734
0.0001014683333333,0.0019722736666666,0.0011306263333333,0.0005238413333333,0.0030591803333333,0.0007370556666666,0.0006517513333333,0.00019109,8.00166666666667e-06,0.0007029743333333,0.0010533866666666
0.0019426246666666,0.009155408,0.000518187,0.0004595073333333,0.002351581,0.0003696513333333,0.002364104,0.004186102,0.001226346,0.002941442,0.0122253723333333
0.002522186,0.003684356,0.0029942283333333,0.002449685,0.003368675,0.000600533,0.0109544173333333,0.0069505526666666,9.97746666666667e-05,0.0022880153333333,0.0062174933333333
3.33333333333333e-06,2.21826666666667e-05,0.0010654136666666,3.33333333333333e-06,3.93883333333333e-05,9.11746666666667e-05,0.0048221326666666,5.70066666666667e-05,0.0009795006666666,0.0032157043333333,3.33333333333333e-06
0.000862614,0.0015417686666666,0.0003089926666666,0.0003527136666666,0.0007702036666666,0.0004436523333333,0.0026166033333333,0.001151074,0.0010723663333333,0.000556114,0.0005082476666666
0.0069389473333333,0.007878203,0.0076226843333333,0.0022184846666666,0.0043969486666666,0.0014693746666666,0.012292429,0.009681651,0.0010153803333333,0.0043977393333333,0.0200911606666667
