0.0038916786666666,0.0017878246666666,5.13333333333333e-06,0.003718918,0.001662141,0.0002616783333333,0.0,0.0012226503333333,3.33333333333333e-06,4.56613333333333e-05,0.006582459
0.00288782,0.011431681,0.0017992436666666,0.0112679186666667,0.0061988633333333,0.001069015,1.78196666666667e-05,0.0033621606666666,4.644e-06,0.000134807,0.0024789563333333
0.0017072216666666,0.00565878,0.000476853,0.003895269,0.003870865,0.0014257926666666,0.000383904,0.0022184513333333,0.000906189,1e-05,0.004662299
0.002118497,0.0001623556666666,0.0,0.0105430536666667,3.33333333333333e-06,0.0,4.34133333333333e-06,0.00061315,0.0,3.593e-06,0.010937854
0.001511471,0.012069883,0.0008920896666666,0.0130157043333333,0.0032270963333333,0.0039588456666666,2.4108e-05,0.0042565083333333,1.5719e-05,7.1824e-05,0.00245982
0.000555283,0.00318005,0.0013442443333333,0.0017376993333333,0.0013547203333333,0.0006786703333333,0.0,0.0005605453333333,0.0,1.32283333333333e-05,0.001159761
0.0017867823333333,0.001184483,0.0006734786666666,0.0140483283333333,8.03776666666667e-05,1.05206666666667e-05,0.0015590533333333,0.007039852,0.001078362,0.0061317606666666,0.0106562483333333
0.0032279543333333,0.007071822,0.004340608,0.011200419,0.0044225756666666,0.0018269553333333,3.61696666666667e-05,0.015968204,6.66666666666667e-06,0.0003540923333333,0.00827805
7.3763e-05,3.33333333333333e-06,0.0002270063333333,0.0002122893333333,3.33333333333333e-06,1.11506666666667e-05,0.004364147,0.0005977663333333,0.001306529,0.0066837166666666,0.000217957
0.001008214,0.0004503543333333,0.0005102003333333,0.0039273656666666,1.17876666666667e-05,0.0003625726666666,0.002396796,0.0017334046666666,0.0002557303333333,0.0002331616666666,0.0011955743333333
0.016617453,0.0069305833333333,3.33333333333333e-06,0.0261650483333333,0.0045609253333333,0.0011416353333333,1e-05,0.016296953,3.33333333333333e-06,0.0003867716666666,0.0206527833333333
