0.0035144663333333,0.0004679573333333,0.0004418283333333,0.0001930366666666,0.0019576526666666,8.0731e-05,0.001646807,0.000568534,8.20013333333333e-05,0.0005272656666666,0.003619157
0.001587014,0.0042890983333333,0.0005806053333333,0.0009961716666666,0.0013927693333333,0.0012417213333333,0.0059059713333333,0.001389698,0.0001420626666666,0.0003559916666666,0.002471493
0.000287432,0.004593651,0.0011677386666666,0.001556371,0.0033460176666666,0.0021554486666666,0.0007237383333333,0.0015712546666666,0.0006485096666666,0.000818336,0.0046367406666666
0.000471778,0.0011773033333333,0.0001074893333333,0.0020553596666666,0.000649819,9.6767e-05,0.0016471043333333,0.000217173,0.0,5.2515e-05,0.000186729
0.0013659696666666,0.004031363,0.0011639763333333,0.0002717063333333,0.0012154173333333,0.0004188436666666,0.0027152396666666,0.0023582546666666,4.67726666666667e-05,0.0007904616666666,0.0022377473333333
0.0001228586666666,0.00132739,0.0009198633333333,0.0006319373333333,0.001336518,0.0006890056666666,0.000708691,0.0001769523333333,0.0003471966666666,0.0004256923333333,0.0019400226666666
0.003211447,0.005709873,0.0007885786666666,0.0007683926666666,0.0010207393333333,0.0009068766666666,0.0016622416666666,0.0086647686666666,0.0017643983333333,0.0028307556666666,0.0017724673333333
0.002448735,0.0075789156666666,0.0031903156666666,0.001743347,0.0012118043333333,0.000778179,0.0071160576666666,0.007317541,9.5659e-05,0.0012970823333333,0.0041152386666666
3.33333333333333e-06,3.33333333333333e-06,0.0009381096666666,0.0,3.46243333333333e-05,3.33333333333333e-06,0.0040654313333333,3.19973333333333e-05,0.0005341733333333,0.003258402,3.33333333333333e-06
0.00069935,0.001143335,0.0003591226666666,0.000286655,0.0007947316666666,0.000277798,0.0018879386666666,0.0009411333333333,0.0002715986666666,0.000563646,0.0006500493333333
0.010457578,0.00546099,0.005259872,0.0028449553333333,0.0041355223333333,0.0008237533333333,0.0059793723333333,0.0137065893333333,7.39166666666667e-05,0.0021132126666666,0.020081212
