0.0066185513333333,0.000802085,0.000987579,0.0008468643333333,0.0013269276666666,5.7535e-05,0.001743231,0.0009629693333333,4.39933333333333e-06,0.0005641013333333,0.002492978
0.0028436283333333,0.0074238233333333,0.001592931,0.001033054,0.0027897153333333,0.000604714,0.007106388,0.0005542763333333,3.07996666666667e-05,0.0019390026666666,0.0027276026666666
0.000691036,0.0060913863333333,0.0006314546666666,0.0033100716666666,0.0019915143333333,0.0014774533333333,0.0006951623333333,0.0009098593333333,0.0006811393333333,0.0007322236666666,0.0049312463333333
0.0001622506666666,0.0012345926666666,0.0002955133333333,0.000931916,0.000168707,0.0001020696666666,0.000627391,0.000199023,0.0,0.0006229573333333,0.0004128196666666
0.0028794743333333,0.0044227423333333,0.0018336573333333,0.0005363753333333,0.0032094836666666,0.0002625566666666,0.0060964043333333,0.0031814646666666,4.977e-05,0.0011215836666666,0.0010181786666666
0.00070695,0.0015820193333333,0.0016509876666666,0.0002950566666666,0.0011409436666666,0.000660234,0.000603879,0.000201333,7.5241e-05,0.0001375383333333,0.0012324583333333
0.004671028,0.008410737,0.002576668,0.0007452046666666,0.003866058,0.000547019,0.0021614266666666,0.0075843936666666,0.0010030576666666,0.0047410513333333,0.0142643886666667
0.0035090686666666,0.003882206,0.0027013593333333,0.0008461656666666,0.0032999733333333,0.0006563173333333,0.0090772136666666,0.0083706366666666,0.0001201226666666,0.003922327,0.0030824796666666
2.3238e-05,2.775e-05,9.08976666666667e-05,4.56e-06,0.0016243673333333,3.33333333333333e-06,0.0049763756666666,4.476e-05,0.0011532996666666,0.003342594,0.0
0.001059921,0.001654053,0.0002207846666666,0.000297569,0.000642808,0.000219241,0.032769319,0.0012940333333333,0.0003996596666666,0.0003230043333333,0.0004516223333333
0.0176026246666667,0.0095866236666666,0.0064786843333333,0.0024520693333333,0.0059256906666666,0.0017603946666666,0.0158261243333333,0.0124372676666667,6.315e-05,0.0055177983333333,0.014668246
