0.001803285,0.004485441,0.0009869213333333,0.0003738076666666,0.001866324,0.000516471,0.0021851496666666,0.0017988746666666,0.0002912696666666,0.0005077726666666,0.008828291
0.002486263,0.0063155466666666,0.0015671123333333,0.002810006,0.003319951,0.001307869,0.0048265816666666,0.0009231596666666,0.000518894,0.0012352253333333,0.001519297
0.0005823396666666,0.0112957433333333,0.0046400753333333,0.0019662303333333,0.0030115136666666,0.0022425653333333,0.0026054313333333,0.0022453766666666,0.0021572333333333,0.0073289383333333,0.0066788316666666
0.0003561616666666,0.0057967426666666,0.0005928013333333,0.001596204,0.002363688,0.0005546713333333,0.0011070823333333,0.000537217,0.0002775406666666,0.0006260613333333,0.0010236473333333
0.001893225,0.019617457,0.002775617,0.00094571,0.0062132016666666,0.0013617816666666,0.0030351603333333,0.0032844556666666,0.000835455,0.001383303,0.003820254
0.0005412833333333,0.0054219596666666,0.0016996163333333,0.0005926686666666,0.0019517423333333,0.0011864043333333,0.0020175736666666,0.00095815,0.0001831366666666,0.000352645,0.0016761616666666
0.001475487,0.021596578,0.0018247953333333,0.001023772,0.0064539346666666,0.0011139023333333,0.004104448,0.0061964176666666,0.001298699,0.0040352026666666,0.006037753
0.0048360536666666,0.008547728,0.0042921166666666,0.0023023236666666,0.007465763,0.0028249093333333,0.0105998356666667,0.017202653,0.0014352783333333,0.0041992453333333,0.014455385
8.95293333333333e-05,0.0006118706666666,0.0027645046666666,0.0001593606666666,0.0003262086666666,0.000138964,0.004778879,0.000285379,0.0020981026666666,0.009244539,0.0002337563333333
0.0009950876666666,0.007397948,0.000673914,0.000742493,0.001317288,0.0004850063333333,0.0040764646666666,0.00236818,0.0013367866666666,0.0007648743333333,0.0014285833333333
0.0094092833333333,0.011482541,0.0084230376666666,0.0044724746666666,0.0093496916666666,0.0026903176666666,0.008718195,0.0193718363333333,0.001136295,0.0050293023333333,0.0443131033333333
