0.010351356,0.0057319263333333,0.000949317,0.000659816,0.003232797,0.0010970793333333,0.0027786646666666,0.0036916466666666,0.0004201916666666,0.0011175033333333,0.0081719613333333
0.001101377,0.0048197276666666,0.0012451213333333,0.0027946513333333,0.002913325,0.002194922,0.004539451,0.000991654,0.0004593266666666,0.0011793523333333,0.001450701
0.0007848863333333,0.0073672003333333,0.0021247313333333,0.0024589356666666,0.0037386343333333,0.0020637416666666,0.0015304646666666,0.0035141903333333,0.0013868603333333,0.0021087426666666,0.006486687
0.0007142613333333,0.0044505803333333,0.000593816,0.001541833,0.0010328996666666,0.0007409313333333,0.001319711,0.0005755943333333,0.0002008033333333,0.000306695,0.0009801663333333
0.0027758656666666,0.0109641423333333,0.00343479,0.000978101,0.002598304,0.0019536353333333,0.0032406393333333,0.0067550023333333,0.000435079,0.001766277,0.005448531
0.0006474743333333,0.004938599,0.000885274,0.0006202613333333,0.0018962333333333,0.001056606,0.000886505,0.0012506233333333,0.0001576846666666,0.000688109,0.0016166603333333
0.0028118983333333,0.014995787,0.002330397,0.0011134013333333,0.0054667793333333,0.0019543836666666,0.0038353856666666,0.008342881,0.0034083396666666,0.0036460766666666,0.0081104946666666
0.0053784773333333,0.0103589626666667,0.0054459496666666,0.0042664863333333,0.0087231703333333,0.0038794043333333,0.0103424216666667,0.0133463356666667,0.00112152,0.0043470016666666,0.0128415203333333
6.29843333333333e-05,0.0008850483333333,0.001228807,0.0001267953333333,0.0002161793333333,0.0002636463333333,0.0048608546666666,0.0003577606666666,0.0019406326666666,0.0086631233333333,0.0003499413333333
0.0013139523333333,0.0055442936666666,0.001296659,0.0006982506666666,0.0020487033333333,0.0008860516666666,0.004116956,0.0031394873333333,0.0009035696666666,0.0020620783333333,0.001734752
0.0161933846666667,0.012960262,0.0068506153333333,0.0020677226666666,0.010983901,0.0030294656666666,0.0074669723333333,0.0203489676666667,0.001987678,0.0048060443333333,0.02761943
