0.0034520913333333,0.0003879526666666,0.0006740183333333,0.004610313,0.0020614093333333,0.0005357676666666,0.0021854643333333,0.0005179383333333,7.30666666666667e-06,0.0008662506666666,0.003004995
0.0003686403333333,0.0046349366666666,0.0017571133333333,0.0013579563333333,0.0083233376666666,0.000518606,0.002656109,0.0007373826666666,2.54896666666667e-05,0.000485653,0.003283321
0.000386829,0.0055334113333333,0.0011396253333333,0.002500544,0.003093275,0.0024529446666666,0.0032553123333333,0.001237647,0.0006854653333333,0.0009542483333333,0.005746165
0.0009180573333333,0.000759982,6.94693333333333e-05,0.0024496696666666,0.0001056106666666,7.01276666666667e-05,0.0009303653333333,0.0001840176666666,3.33333333333333e-06,0.000102688,0.0001729876666666
0.000491985,0.0038288796666666,0.0006021703333333,4.6876e-05,0.0031714763333333,0.000130127,0.0021252573333333,0.001316286,1.47226666666667e-05,0.00134633,0.00382737
0.0002639416666666,0.0007974926666666,0.000401641,0.0006526656666666,0.000984172,0.0009900903333333,0.0006834913333333,0.0001048713333333,0.000238416,0.0003076893333333,0.001518277
0.0009828343333333,0.005078136,0.000642502,0.000752203,0.0020031116666666,0.0002710113333333,0.001571491,0.0027665003333333,0.0024208803333333,0.0032979873333333,0.0021171196666666
0.000966748,0.0018289776666666,0.0025660133333333,0.000239355,0.0019230763333333,0.000966111,0.0068153013333333,0.006214692,4.66646666666667e-05,0.0013757426666666,0.0066416746666666
0.0,0.0,0.0002557626666666,0.0,2.0548e-05,3.33333333333333e-06,0.0040129973333333,3.33333333333333e-06,0.0010550716666666,0.004851613,3.33333333333333e-06
0.000947963,0.0015784283333333,0.0006300296666666,0.0001121436666666,0.000514549,0.000231085,0.0432253233333333,0.0010973906666666,0.0005620946666666,0.0006509643333333,0.0004100346666666
0.006624306,0.0068217723333333,0.004011183,0.001742159,0.0049816623333333,0.0016262363333333,0.003930527,0.013585526,0.0007032956666666,0.0029536066666666,0.0163251153333333
