0.0038594033333333,0.00118555,0.0005317143333333,0.00126313,0.0019159346666666,0.0009906403333333,0.0011775265,0.000803421,8.11768333333333e-05,0.000552791,0.005672486
0.003872252,0.021265236,0.000771747,0.0022407773333333,0.0057873453333333,0.0011674266666666,0.0035157033333333,0.001579453,0.0001962116666666,0.00071845,0.0042702573333333
0.0014223486666666,0.0132285503333333,0.0018073143333333,0.0039699456666666,0.002507124,0.0035431156666666,0.001155138,0.0022779916666666,0.0016295006666666,0.0029605346666666,0.005086572
0.0043604436666666,0.0018945636666666,0.0003897803333333,0.0025992436666666,0.0004686243333333,0.00036893,0.0006462786666666,0.0003703276666666,2.92866666666667e-05,4.89583333333333e-05,0.0006637333333333
0.0013817723333333,0.0095863256666666,0.001783991,0.000222285,0.001483033,0.0015156923333333,0.0019115953333333,0.005207005,0.0003119383333333,0.0013381266666666,0.0045495466666666
0.0002682373333333,0.0023847623333333,0.000435838,0.000482589,0.002402806,0.002769539,0.0005390366666666,0.00046974,0.000208051,0.0003413383333333,0.0008882966666666
0.002539138,0.0123101093333333,0.0012562533333333,0.0010624113333333,0.0022285163333333,0.001318268,0.0021409896666666,0.0053837866666666,0.0026883833333333,0.0022337463333333,0.009678535
0.003097528,0.004344461,0.0028314296666666,0.000595862,0.0030783536666666,0.0008633016666666,0.0070786276666666,0.028388368,0.0003450083333333,0.002418484,0.008448146
3.33333333333333e-06,1.79593333333333e-05,0.000467173,3.33333333333333e-06,2.93906666666667e-05,1.37256666666667e-05,0.0037777283333333,3.30423333333333e-05,0.0010426956666666,0.004808762,8.81843333333333e-05
0.001392465,0.004460179,0.0004959563333333,0.000454572,0.0016286516666666,0.000559932,0.0016638523333333,0.0022787966666666,0.0014723863333333,0.000547358,0.0018872576666666
0.013040296,0.015320996,0.0073943376666666,0.0022275523333333,0.00888492,0.002639828,0.0132822716666667,0.0206053666666667,0.0016106133333333,0.0033707213333333,0.0342441266666667
