0.0030578843333333,0.0016789086666666,0.0004989443333333,0.001174803,0.001635191,4.8501e-05,0.0014793846666666,0.0027346546666666,1.78476666666667e-05,0.00037658,0.006544088
0.00280384,0.0098849706666666,0.00062708,0.0005420366666666,0.001916234,0.0003527103333333,0.0032395883333333,0.0035121473333333,8.82086666666667e-05,0.00096951,0.001231074
0.000461971,0.0070445606666666,0.000461204,0.002355995,0.0030692853333333,0.0017202043333333,0.0005644713333333,0.0028296753333333,0.0015787323333333,0.0013024063333333,0.0052227026666666
0.0040007703333333,0.0019672833333333,0.000157147,0.002533544,6.31833333333333e-05,0.000105097,0.0005643986666666,0.0003118983333333,2.93303333333333e-05,0.0001438166666666,0.0003087386666666
0.0020334646666666,0.006774189,0.0009424333333333,9.8126e-05,0.0007889773333333,0.000371948,0.0017669856666666,0.0030678096666666,6.4653e-05,0.0008012323333333,0.001314706
0.0002063113333333,0.0022912443333333,0.000635092,0.0003144353333333,0.001153679,0.000389617,0.0004395016666666,0.0005279873333333,0.0002271106666666,0.000911893,0.0007858496666666
0.002047851,0.016799546,0.0015171136666666,0.0013666613333333,0.000994931,0.0002251153333333,0.0020407953333333,0.0070347836666666,0.0027700266666666,0.0022354286666666,0.0091389973333333
0.0023460503333333,0.0031776616666666,0.0032018443333333,0.000963997,0.001629923,0.000660475,0.0059615526666666,0.0129544813333333,5.5714e-05,0.0032847773333333,0.005100188
5.3924e-05,0.0,0.0002588543333333,9.56133333333333e-06,3.57966666666667e-05,3.33333333333333e-06,0.003516377,0.00059264,0.000991683,0.0045934896666666,1.6683e-05
0.001141337,0.003110126,0.0002920356666666,0.0001191053333333,0.000526514,0.0001669463333333,0.0016445906666666,0.000855655,0.0009467326666666,0.0018451653333333,0.0012079523333333
0.0097695133333333,0.009320198,0.0048551556666666,0.0028549396666666,0.0038310786666666,0.002029752,0.0121697463333333,0.0170578396666667,0.0001439996666666,0.0042611163333333,0.0361115666666667
