0.0022354473333333,0.0020254893333333,0.002533871,0.0002731493333333,0.0022138943333333,0.0002583626666666,0.0025973803333333,0.001674812,0.0001030263333333,0.0006867686666666,0.0090082233333333
0.0028288886666666,0.0149539186666667,0.0031350936666666,0.002024943,0.0053996286666666,0.0023843356666666,0.006536474,0.0037452706666666,0.0020416023333333,0.0010016846666666,0.0052747396666666
0.0007492186666666,0.0073986203333333,0.0005389953333333,0.002744684,0.003311479,0.0015968933333333,0.0012944116666666,0.002052958,0.0013082913333333,0.0006176256666666,0.004864916
0.000207737,0.0018077433333333,0.000364359,0.0011332556666666,0.0010851266666666,0.0006039783333333,0.0011019596666666,0.0005520706666666,0.000233809,0.0004752823333333,0.0002389293333333
0.0020185693333333,0.0091748896666666,0.0024577606666666,0.000495276,0.0024595636666666,0.002058169,0.0036759056666666,0.003660183,0.0008525976666666,0.0011466583333333,0.0021785993333333
0.00016612,0.0038987916666666,0.0016727643333333,0.000305097,0.0013616336666666,0.0010609413333333,0.0008754703333333,0.0011560623333333,0.0002645913333333,0.000315042,0.000989727
0.002692778,0.0205481086666667,0.003172237,0.001544104,0.0063654253333333,0.001198495,0.001858699,0.0079867603333333,0.0012687996666666,0.0026371973333333,0.0097990203333333
0.0024132993333333,0.003693112,0.003276902,0.001130049,0.0062511236666666,0.0023093603333333,0.01067348,0.0186786826666667,0.0015784686666666,0.00303777,0.0154576916666667
6.11873333333333e-05,0.0004383543333333,0.000579331,5.24756666666667e-05,0.0001857973333333,0.000176277,0.0037385226666666,0.0001283633333333,0.001969284,0.007381608,7.0355e-05
0.0009058646666666,0.003271653,0.0005057466666666,0.0005379516666666,0.000887685,0.0004307303333333,0.0030452063333333,0.0014384556666666,0.0005652843333333,0.000525423,0.001183437
0.0137902676666667,0.0063992783333333,0.006206917,0.0021498266666666,0.005390661,0.0016421993333333,0.009788697,0.0184853326666667,0.0010109193333333,0.0027856473333333,0.0274941926666667
