0.003936168,0.0005316666666666,0.000566241,0.000121179,0.0012688696666666,4.28383333333333e-05,0.0015819925,0.000248888,6.60483333333333e-06,0.000438982,0.0042567893333333
0.001583101,0.0078475876666666,0.0023560776666666,0.0003828213333333,0.0032200996666666,0.0006821303333333,0.0057879326666666,0.000521291,4.51313333333333e-05,0.000237762,0.0018876366666666
0.0002628363333333,0.004554974,0.00105607,0.0020681486666666,0.0025272036666666,0.002493347,0.0002383943333333,0.0015345866666666,0.0014575096666666,0.001249322,0.0039078826666666
0.000580161,0.001879851,0.0001759866666666,0.000713496,0.0008505943333333,0.0008542713333333,0.0019465203333333,0.0002443673333333,0.0,0.0001277293333333,0.0012016966666666
0.0021452473333333,0.005720131,0.0006422356666666,0.0002353083333333,0.0010821173333333,0.0010244023333333,0.0047907796666666,0.0014987343333333,1.1306e-05,0.0007170003333333,0.002406932
0.000181157,0.001991478,0.0017899673333333,0.000761942,0.0007992343333333,0.000679404,0.0005278396666666,0.000270613,0.0001086153333333,0.0002345556666666,0.0021849343333333
0.0022885053333333,0.011789581,0.000522212,0.00108329,0.0042252476666666,0.0017747746666666,0.0013060263333333,0.0072476606666666,0.001012503,0.0033984173333333,0.0177848696666667
0.0039528706666666,0.0044833856666666,0.003244128,0.001089149,0.0027498886666666,0.001410476,0.0065459146666666,0.0148552206666667,8.95433333333333e-05,0.0018406733333333,0.005614381
3.216e-05,3.1895e-05,4.386e-05,8.05066666666667e-06,0.0001509166666666,6.66666666666667e-06,0.0040847666666666,4.60446666666667e-05,0.0011835323333333,0.003162615,1.90336666666667e-05
0.0014534033333333,0.001555662,0.0003882,0.0001651553333333,0.0005835713333333,0.0005151203333333,0.0031010733333333,0.0007238333333333,0.000300042,0.0001236553333333,0.0006245893333333
0.0121429083333333,0.005779513,0.008167942,0.0024108706666666,0.0081095083333333,0.0030876693333333,0.0138706993333333,0.0155420753333333,0.000752581,0.0035510403333333,0.0197879676666667
