0.0053080003333333,0.001846747,0.0005869146666666,0.0020893763333333,0.0023852393333333,0.0014475923333333,0.0005655645,0.0013203703333333,0.0009536565,0.000359471,0.0061557363333333
0.0016753156666666,0.0138669453333333,0.0006623976666666,0.0010772776666666,0.0044785003333333,0.0013437276666666,0.0003731426666666,0.00233268,0.002712576,0.0009719763333333,0.0024607263333333
0.0026126363333333,0.0066337426666666,0.0026964396666666,0.0028398356666666,0.0033610813333333,0.0020359303333333,0.000146662,0.0033031176666666,0.003348303,0.001967972,0.007357602
0.0005959196666666,0.0031301993333333,0.001126795,0.0017784026666666,0.000367538,0.000216668,0.0003331376666666,0.0007630336666666,2.3036e-05,0.0001554223333333,0.000521681
0.002165864,0.010092758,0.0007880356666666,0.0006795526666666,0.0035074336666666,0.0014084403333333,0.0002949766666666,0.003180551,0.0006999123333333,0.0011518806666666,0.002966716
0.000502155,0.0024467966666666,0.00058468,0.0007833216666666,0.002060103,0.001450984,7.42116666666667e-05,0.0003048636666666,0.0006079653333333,0.000523429,0.000987823
0.0019768686666666,0.0135624033333333,0.0014745413333333,0.000770159,0.0026080346666666,0.0003597343333333,0.0028272313333333,0.0146195543333333,0.0031360716666666,0.0023034713333333,0.0118353663333333
0.0043793006666666,0.007538542,0.003728733,0.0007282653333333,0.0024715083333333,0.0012666676666666,0.0012046113333333,0.0142544383333333,0.005448112,0.002323992,0.01147668
3.57453333333333e-05,5.5748e-05,0.0032872463333333,6.66666666666667e-06,5.049e-05,3.33333333333333e-06,4.46893333333333e-05,1e-05,0.0064801853333333,0.004994215,0.0002611213333333
0.0016314356666666,0.004281069,0.000769796,0.0004707266666666,0.001577985,0.0004409946666666,0.000402115,0.0023615743333333,0.0017461736666666,0.001475698,0.007059499
0.0171920493333333,0.0131549123333333,0.0039549913333333,0.002943597,0.007362652,0.0053946553333333,0.0080856186666666,0.0189590416666667,0.0034686263333333,0.0029592233333333,0.03662223
