0.0034690153333333,0.0009689283333333,0.000384434,0.0013610653333333,0.002131769,0.000303862,0.0014300803333333,0.0009668776666666,0.0001194033333333,0.0010008,0.0076532876666666
0.000851888,0.0141987753333333,0.0023758866666666,0.0006341786666666,0.0043520193333333,0.0008224586666666,0.0052259563333333,0.0008453683333333,1e-05,0.0028787653333333,0.003113379
0.0012740916666666,0.0076020363333333,0.0004957736666666,0.001180047,0.0039443236666666,0.0010662763333333,0.000888606,0.0025257836666666,0.0005642616666666,0.0013110283333333,0.0056251143333333
0.0009126743333333,0.0016122926666666,9.29233333333333e-05,0.000726148,0.0001239076666666,0.000375672,0.000343936,0.0007948856666666,2.63573333333333e-05,0.0003229836666666,0.0007154976666666
0.003605249,0.0080548346666666,0.0010249743333333,0.0001693896666666,0.0017356423333333,0.0007795396666666,0.0077636356666666,0.0017187083333333,9.286e-06,0.0010835846666666,0.002179507
0.0003152653333333,0.0034517066666666,0.0014018316666666,0.0007244066666666,0.0013861046666666,0.000673108,0.000666916,0.00042205,0.0002446686666666,0.000878081,0.0009319776666666
0.001213169,0.017944795,0.0007544416666666,0.0017533583333333,0.0032306596666666,0.0002817506666666,0.0014652866666666,0.005024061,0.0018645353333333,0.00644037,0.0038461953333333
0.0043041083333333,0.0109149716666667,0.0035959343333333,0.000729386,0.003272767,0.0010571836666666,0.0076978763333333,0.012286578,9.4937e-05,0.003296788,0.0090060233333333
0.0001402863333333,4.19566666666667e-05,0.0007424893333333,1.24693333333333e-05,7.75596666666667e-05,7.50566666666667e-06,0.004395694,3.63033333333333e-05,0.0006832063333333,0.0038370736666666,2.12996666666667e-05
0.001336779,0.003633065,0.0007910546666666,0.0002871123333333,0.0020309823333333,0.0003373916666666,0.0026135666666666,0.0014200403333333,0.0001800036666666,0.0003279196666666,0.00129121
0.020463769,0.008525392,0.004511783,0.0018274896666666,0.0045543803333333,0.0018961756666666,0.0053311893333333,0.0163480096666667,0.0003644943333333,0.0041635236666666,0.0399139233333333
