0.0061139436666666,0.00132464,0.0006624753333333,0.0002265303333333,0.001555729,0.0002952033333333,0.0017014271666666,0.0010297556666666,2.90571666666667e-05,0.00053693,0.0037341866666666
0.0025713396666666,0.010332521,0.0020995146666666,0.0019739953333333,0.0048186053333333,0.0013282866666666,0.0062897743333333,0.002193094,0.0005666183333333,0.0018408983333333,0.0034746846666666
0.0006324903333333,0.0060333686666666,0.000845033,0.002633103,0.0030117183333333,0.000969232,0.0028841383333333,0.0020565633333333,0.0007023696666666,0.0016237193333333,0.0053516033333333
0.0002860963333333,0.0013895013333333,0.00021314,0.0020063976666666,0.0002702883333333,0.000473625,0.0005904146666666,0.0003868846666666,0.0001924983333333,0.0009743536666666,0.0011265233333333
0.002230438,0.0105140896666667,0.0007759553333333,0.0004345313333333,0.0012208746666666,0.0008435746666666,0.0030562673333333,0.002029466,0.0008420666666666,0.002627321,0.004622598
0.0004195346666666,0.0012731776666666,0.0008086516666666,0.000571316,0.0016225666666666,0.0010033236666666,0.0007875176666666,0.0008538606666666,0.000262608,0.000430218,0.0011227306666666
0.0034750376666666,0.0102858313333333,0.002667819,0.0009899926666666,0.0022161123333333,0.0006132416666666,0.0018781826666666,0.0052288626666666,0.0053119603333333,0.003893192,0.0126182153333333
0.0040532303333333,0.002184105,0.0035347906666666,0.0005522926666666,0.0015153686666666,0.0014708626666666,0.0086961496666666,0.012849103,0.000816446,0.0034249563333333,0.005841887
3.33333333333333e-06,3.33333333333333e-06,0.000810962,0.0,0.00050391,0.0,0.004642078,1.86093333333333e-05,0.001082422,0.004139889,7.11526666666667e-05
0.0007351806666666,0.001671606,0.000678444,0.0005603666666666,0.001019997,0.0006907733333333,0.0047862393333333,0.000992126,0.000565539,0.0019334533333333,0.0006464296666666
0.0089095833333333,0.0159706873333333,0.0058219146666666,0.0020529626666666,0.0046640966666666,0.0032845553333333,0.0175634676666667,0.0192030916666667,0.000280796,0.0048009826666666,0.0193132383333333
