0.0043016163333333,0.0037280263333333,0.000635232,0.0026653513333333,0.0024297133333333,0.000701409,0.0014609786666666,0.0005277206666666,0.000509456,0.0006090526666666,0.0083576886666666
0.0035170993333333,0.019387782,0.002132216,0.0019959813333333,0.0046089903333333,0.0015538463333333,0.005026288,0.002482584,0.002182157,0.0008337226666666,0.0076635203333333
0.000966489,0.0090944596666666,0.0014534983333333,0.002367913,0.0046792323333333,0.0019890436666666,0.0007803946666666,0.0021282473333333,0.0031247023333333,0.0010682866666666,0.0053313356666666
0.0005271013333333,0.0041422326666666,0.000982317,0.0012114156666666,0.0009559053333333,0.0003589273333333,0.0005718833333333,0.000618853,3.08276666666667e-05,0.0004112236666666,0.0018091873333333
0.002473277,0.0172801696666667,0.0005469616666666,0.001034012,0.002446918,0.001261806,0.0025976613333333,0.00189319,0.0006738886666666,0.002099894,0.0040935813333333
0.0004486416666666,0.004230407,0.000665871,0.002292388,0.0017719286666666,0.0012839096666666,0.0002437726666666,0.0008659946666666,0.0008244626666666,0.0002858466666666,0.0022620403333333
0.002873312,0.022062855,0.002913486,0.0011272346666666,0.0038348463333333,0.0012351796666666,0.0033544583333333,0.009224129,0.001566772,0.003247742,0.013437545
0.006343534,0.0127276936666667,0.003553115,0.0015301586666666,0.0042139276666666,0.002040725,0.0041998496666666,0.026055701,0.0034050986666666,0.003287766,0.0149082393333333
0.0001375716666666,0.000296793,0.0005368856666666,0.0008655973333333,0.0001942796666666,5.0258e-05,0.000556438,3.21053333333333e-05,0.005548777,0.0054211823333333,4.5983e-05
0.0013139306666666,0.0051678136666666,0.0004848393333333,0.0002582916666666,0.0017579163333333,0.000736668,0.0021123983333333,0.0037242743333333,0.003275344,0.0006678253333333,0.00239669
0.0170630223333333,0.0178643903333333,0.0083395356666666,0.0039229406666666,0.0067386276666666,0.004333073,0.0123441373333333,0.0229193223333333,0.0017766873333333,0.0057072003333333,0.0475175566666667
