0.0045331113333333,7.24956666666667e-05,0.0,0.002624435,0.0067056866666666,0.0,0.0,2.08023333333333e-05,2.9313e-05,3.33333333333333e-06,0.0290210806666667
0.005739657,0.0179405243333333,7.62533333333333e-06,0.0001405346666666,0.011095718,0.0032338723333333,1e-05,0.0064874033333333,2.94483333333333e-05,8.33333333333333e-06,0.026146467
0.0009632646666666,0.01107878,0.002777166,0.00857718,0.0060435936666666,0.0036435106666666,6.66666666666667e-06,0.0028042453333333,0.002169455,2.0203e-05,0.0091789676666666
0.0057739796666666,0.0002572283333333,3.33333333333333e-06,0.022982746,1e-05,3.33333333333333e-06,3.33333333333333e-06,8.704e-06,3.33333333333333e-06,0.0,0.0177199253333333
0.0028777836666666,0.0216020656666667,0.001964991,0.0002216156666666,0.0060184813333333,0.0038360806666666,6.66666666666667e-06,0.010649524,2.76573333333333e-05,0.0002936553333333,0.0157119456666667
0.0008714213333333,0.0052098473333333,0.0010687603333333,0.0022895986666666,0.0035164683333333,0.0012533123333333,0.0,0.0017845066666666,0.0,0.0,0.0026196166666666
0.004451824,0.0009677736666666,0.0030195206666666,0.026618863,9.4474e-05,0.0001252583333333,0.001096551,0.0100147696666667,0.0036273096666666,0.0034799683333333,0.0149719836666667
0.0001580923333333,1.08416666666667e-05,0.0,0.000214429,3.13486666666667e-05,8.37233333333333e-06,1.33333333333333e-05,0.0369950333333333,6.66666666666667e-06,6.66666666666667e-06,0.0897904133333333
0.0003778043333333,0.0001406013333333,0.002884552,0.0012522886666666,3.33333333333333e-06,0.0001610983333333,0.0043821076666666,0.001862931,0.0051777616666666,0.0062409413333333,0.0006717423333333
0.002541538,0.0002636186666666,0.0013535786666666,0.0097710383333333,5.31773333333333e-05,0.001035241,0.0025387283333333,0.0022846783333333,0.0020413956666666,0.0005652143333333,0.0027080996666666
0.0002716703333333,9.11756666666667e-05,1e-05,0.0006132856666666,1.56043333333333e-05,6.37333333333333e-06,3.2465e-05,8.33323333333333e-05,1.33333333333333e-05,3.33333333333333e-06,0.16707745
