0.0042982696666666,0.0028236903333333,0.0008906656666666,0.0029245113333333,0.0033206116666666,0.0011063623333333,0.0055179026666666,0.0013569436666666,0.0003363178333333,0.000538483,0.0059841416666666
0.002645713,0.0121761086666667,0.003689177,0.0019069393333333,0.006457949,0.0016186293333333,0.005846547,0.0028992106666666,0.0003950483333333,0.0009618463333333,0.006264224
0.001002914,0.0071386523333333,0.0026496583333333,0.0020312206666666,0.0066801493333333,0.002497061,0.0021668303333333,0.0026985696666666,0.0053948256666666,0.002960985,0.0054121876666666
0.001729497,0.0032943993333333,0.0007827546666666,0.0009407773333333,0.000548929,0.0005265346666666,0.001644778,0.000923977,2.5845e-05,0.001129441,0.0015571136666666
0.0043724413333333,0.0132638083333333,0.0011092913333333,0.000628995,0.0039036506666666,0.0016082843333333,0.0025214056666666,0.0040618443333333,0.000865141,0.001632463,0.0084889163333333
0.0007997616666666,0.0028236166666666,0.0021937793333333,0.0007331193333333,0.002187478,0.001437987,0.001603041,0.0014397986666666,0.0003700033333333,0.000804771,0.0018782223333333
0.0030787606666666,0.0179046733333333,0.003157056,0.00282436,0.0053338786666666,0.000867744,0.0020199173333333,0.0044995746666666,0.0017857553333333,0.0039621543333333,0.009249463
0.006851564,0.0037744526666666,0.0042697,0.001621318,0.00390196,0.0028580443333333,0.008067714,0.016100273,0.0006527143333333,0.003098132,0.009722138
3.07443333333333e-05,3.12513333333333e-05,0.0042057646666666,2.22363333333333e-05,0.0001389286666666,7.6723e-05,0.0048679693333333,0.0014882816666666,0.0014055726666666,0.00395658,0.0006849466666666
0.002140203,0.0025121013333333,0.0010022516666666,0.0008082666666666,0.0024527203333333,0.0011954083333333,0.003098488,0.0025772816666666,0.0010560533333333,0.0007188753333333,0.0024125703333333
0.0216653766666667,0.0157975466666667,0.0081291413333333,0.0038161733333333,0.009814293,0.0035055376666666,0.01102956,0.021602893,0.0005480206666666,0.0089258843333333,0.023334512
