0.0044264056666666,0.0027924503333333,0.000416059,0.0008466,0.0024746133333333,0.0003439043333333,0.0013860601666666,0.0009914646666666,0.0002065128333333,0.0005048186666666,0.0075169596666666
0.0021630863333333,0.006660903,0.001643057,0.0007594213333333,0.0062563983333333,0.0008801803333333,0.005102267,0.0012349086666666,0.0003255483333333,0.000592739,0.00317799
0.002982601,0.0174637053333333,0.0017244026666666,0.0024525253333333,0.0032856113333333,0.003785294,0.0016214013333333,0.0022726223333333,0.003128128,0.0024055003333333,0.006290462
0.000529079,0.0018802683333333,0.0001254583333333,0.001992034,0.000246402,0.0003406653333333,0.0008883936666666,0.0006588566666666,3.24313333333333e-05,0.0001575383333333,0.0022541576666666
0.0026019823333333,0.0150971293333333,0.0007120276666666,0.000350402,0.0017630916666666,0.0008355473333333,0.002736218,0.003029706,0.0001248386666666,0.000690208,0.0068637013333333
0.000388777,0.0025542536666666,0.001343495,0.0012858063333333,0.002124905,0.0016274516666666,0.0006353983333333,0.0003557743333333,0.0002343333333333,0.0003333786666666,0.0014408023333333
0.0024651693333333,0.0160093423333333,0.0022191993333333,0.0028934143333333,0.00369681,0.0006903086666666,0.0019411193333333,0.003660349,0.0022514293333333,0.0031452183333333,0.0047902193333333
0.0047663016666666,0.0058709173333333,0.0049085976666666,0.0008983466666666,0.0047454426666666,0.00217741,0.007236046,0.0178287346666667,0.0001132473333333,0.0024887106666666,0.012412132
8.2593e-05,1.461e-05,0.0003809303333333,3.1052e-05,6.4615e-05,8.98406666666667e-05,0.003619719,8.76266666666667e-05,0.000519982,0.0028027963333333,3.6816e-05
0.001179137,0.003588971,0.000454283,0.0002717556666666,0.0011386013333333,0.0007993396666666,0.0028675963333333,0.001505452,0.0006412283333333,0.0008213,0.001969751
0.0139481283333333,0.009707232,0.0090571693333333,0.0049794386666666,0.01023199,0.0022975883333333,0.0082280516666666,0.0230933993333333,0.0003218913333333,0.0048246876666666,0.04163314
