0.0077965306666666,0.0020683476666666,0.000556069,0.000253445,0.0028747543333333,0.0004190853333333,0.0023678835,0.000610857,9.71583333333333e-06,0.0003264486666666,0.0027865443333333
0.0018919273333333,0.008071423,0.0008947996666666,0.0016315743333333,0.0027740286666666,0.0013682313333333,0.0042561863333333,0.0013928106666666,0.0005287333333333,0.0009482196666666,0.004050161
0.0016904753333333,0.006846151,0.001726356,0.0032435243333333,0.0031666016666666,0.002353331,0.0012516216666666,0.001576474,0.0020250516666666,0.003674173,0.0043601493333333
0.000886485,0.0008459253333333,0.0002560583333333,0.0018468143333333,0.000130613,0.0011389023333333,0.000355785,0.0002351753333333,0.0,0.0001218846666666,0.0005883066666666
0.0020410713333333,0.0027979596666666,0.0018005746666666,0.0001731726666666,0.0021814976666666,0.000535349,0.0012210153333333,0.0008127036666666,1.47496666666667e-05,0.0016045373333333,0.002410258
0.0005469113333333,0.0014398346666666,0.0006214296666666,0.0004655466666666,0.002043839,0.001960359,0.00069669,0.000522753,0.0003393456666666,0.0005722706666666,0.0022147816666666
0.0018150073333333,0.0049842153333333,0.0018982156666666,0.0010637213333333,0.0008634143333333,0.0009055946666666,0.0007003086666666,0.0043629656666666,0.0027770826666666,0.0023508023333333,0.0075433366666666
0.0034399536666666,0.0020296833333333,0.0024026486666666,0.0015867256666666,0.0014401153333333,0.0008866826666666,0.0064312483333333,0.0068334363333333,8.73756666666667e-05,0.0020228656666666,0.009907947
0.0,0.0,0.000312867,0.0,2.8628e-05,0.0,0.004914778,1.0826e-05,0.0009851873333333,0.0051120056666666,6.66666666666667e-06
0.0012437713333333,0.0064069476666666,0.0010180356666666,0.0002015943333333,0.000280215,0.0004817906666666,0.001585369,0.000818469,0.000493538,0.0008693933333333,0.0005835363333333
0.0130178333333333,0.006378852,0.0066928713333333,0.0038682556666666,0.0032165256666666,0.001833694,0.0091426443333333,0.0151975556666667,0.000158816,0.0037586423333333,0.02559123
