0.0101855716666667,0.000902867,0.0005489233333333,0.0028661646666666,0.0028705676666666,0.0002011486666666,0.0016571193333333,0.001556848,0.000474131,0.0015096373333333,0.00587646
0.0025308526666666,0.00964104,0.0016595993333333,0.002009753,0.0107854606666667,0.0033516826666666,0.00334152,0.0036710006666666,0.0001731233333333,0.0007944416666666,0.0034737856666666
0.006311232,0.011306489,0.0044563973333333,0.0027554463333333,0.002884623,0.0027937743333333,0.0027822913333333,0.0022646643333333,0.0017358993333333,0.001929139,0.0059952066666666
0.0008041146666666,0.001563087,0.0001517623333333,0.0021247503333333,0.0005609343333333,0.0002372536666666,0.000569297,0.0005928773333333,3.6931e-05,0.000149764,0.0010747856666666
0.0031442873333333,0.012584823,0.001263581,0.0003326286666666,0.00522824,0.0007846486666666,0.0027462736666666,0.0052441643333333,0.000231045,0.0030625543333333,0.003299979
0.0004556683333333,0.0020745823333333,0.0007195986666666,0.0004314823333333,0.0022748996666666,0.0015806316666666,0.0004902023333333,0.000321225,0.0003831846666666,0.0003996486666666,0.0022989483333333
0.0043758313333333,0.0136244566666667,0.0026467906666666,0.0009175806666666,0.0023632996666666,0.0006847506666666,0.0021145166666666,0.006455005,0.0030573876666666,0.0024332946666666,0.01185602
0.006408501,0.006398571,0.0040204263333333,0.000719336,0.0077249513333333,0.0016335456666666,0.0094642323333333,0.0236009513333333,0.000280714,0.0022956056666666,0.010960774
3.33333333333333e-06,1e-05,0.0026873233333333,1.7393e-05,5.17486666666667e-05,0.0,0.0040292906666666,0.0002093673333333,0.001080638,0.004488364,3.33333333333333e-06
0.0011668786666666,0.0030984683333333,0.0009631463333333,0.0004081653333333,0.0012132426666666,0.000456409,0.0019317086666666,0.002974126,0.000633675,0.0009485636666666,0.002442151
0.0263035316666667,0.013980075,0.0110345086666667,0.0035696966666666,0.0088431926666666,0.0043777016666666,0.0125003883333333,0.03717679,0.0005648413333333,0.0046622836666666,0.030534481
