0.006508169,0.0029915693333333,0.0005521086666666,0.0012848456666666,0.0022305463333333,0.0008363256666666,0.0022210618333333,0.0007113156666666,7.37128333333333e-05,0.0007506223333333,0.0054726513333333
0.004424805,0.0103024906666667,0.0010299933333333,0.0018193003333333,0.009012733,0.001813898,0.0064335926666666,0.0023051943333333,0.0007561053333333,0.0007976063333333,0.0037995886666666
0.001066747,0.0082503603333333,0.0014031553333333,0.0026333393333333,0.0020135513333333,0.002148567,0.0015072323333333,0.0011034196666666,0.0015666163333333,0.002180749,0.00375113
0.0007523466666666,0.0013785826666666,0.0002875346666666,0.002158218,0.0011417796666666,0.0015556026666666,0.0007878496666666,0.0003262903333333,8.81726666666667e-05,0.000297081,0.0005650936666666
0.001112379,0.0044718483333333,0.0010523256666666,0.0002480103333333,0.002710423,0.0011534686666666,0.001351437,0.0009773673333333,0.000166525,0.0019120243333333,0.0020469766666666
0.0006812553333333,0.0029760796666666,0.000820314,0.0004737993333333,0.0019525043333333,0.0018367756666666,0.000658568,0.0003187096666666,0.000330692,0.000401214,0.0019908036666666
0.0025954493333333,0.0093514573333333,0.0025809313333333,0.00115304,0.000977324,0.00150078,0.0012934843333333,0.0038515053333333,0.0026570863333333,0.005875054,0.0100753036666667
0.002770132,0.009873829,0.002334474,0.0017364113333333,0.002610991,0.001151896,0.0072973733333333,0.006479311,0.0001308086666666,0.0027014846666666,0.0063321883333333
3.5254e-05,0.0,0.000876648,0.0,3.6369e-05,3.33333333333333e-06,0.0037270436666666,3.12616666666667e-05,0.001155686,0.0038841743333333,1.1412e-05
0.0011431736666666,0.0012562126666666,0.0002071466666666,0.0005345196666666,0.0005470983333333,0.000272879,0.0021476413333333,0.000786088,0.0004920213333333,0.0006098706666666,0.0008758663333333
0.016013831,0.0120583453333333,0.0064932806666666,0.0020330793333333,0.0032411843333333,0.00300946,0.006535941,0.0181722016666667,0.0009158823333333,0.0036106673333333,0.0288749153333333
