0.00404666,0.003379823,6.66666666666667e-06,0.0045753286666666,0.0047815586666666,0.0007785123333333,4.59e-06,0.0025910106666666,6.63766666666667e-05,6.33346666666667e-05,0.023117379
0.005750455,0.021520596,0.002334066,0.0134329536666667,0.0077248613333333,0.0029753523333333,8.76023333333333e-05,0.0053520086666666,1.66666666666667e-05,0.000242231,0.0064350943333333
0.0010035453333333,0.0169626953333333,0.0024628,0.006586696,0.0044693196666666,0.003190667,3.33333333333333e-06,0.0025433493333333,0.001365946,3.69483333333333e-05,0.0072900626666666
0.0052801326666666,0.0004682613333333,1.32173333333333e-05,0.0165950563333333,2.73496666666667e-05,1.60603333333333e-05,3.33333333333333e-06,0.001647746,7.06933333333333e-06,1.66666666666667e-05,0.0158446523333333
0.004368575,0.018608398,0.003773205,0.0161123076666667,0.0029953923333333,0.0033229876666666,1e-05,0.009133814,0.000910854,5.0004e-05,0.0052124003333333
0.000599454,0.0051288756666666,0.0012394146666666,0.0017718823333333,0.003550445,0.001219057,0.0,0.001181901,1.7726e-05,2.0374e-05,0.001964074
0.0042748786666666,0.0024270796666666,0.0012128026666666,0.0283966626666667,0.0001693796666666,6.90893333333333e-05,0.0011422276666666,0.0120545886666667,0.0013449296666666,0.003064937,0.0132901456666667
0.0062420086666666,0.013403266,0.004299737,0.012598423,0.008494797,0.003262255,1.0323e-05,0.033205854,1.2359e-05,0.000667726,0.0226564436666667
0.000105249,5.6623e-05,0.0002870403333333,0.0014701993333333,5.58433333333333e-06,4.11173333333333e-05,0.0045691293333333,0.0005223736666666,0.0030871373333333,0.0069516253333333,0.0002162306666666
0.0018193636666666,0.003699093,0.0009316406666666,0.007814373,7.8805e-05,0.0004543066666666,0.002838949,0.0027196373333333,0.0006169613333333,0.000592779,0.0057000906666666
0.017253379,0.0174489936666667,0.0002935736666666,0.04190778,0.0086621826666666,0.0027414846666666,2.54066666666667e-05,0.0266351453333333,0.000171432,0.0004968873333333,0.05617199
