0.004050153,0.0010061676666666,0.000562434,0.0037298886666666,0.0014154743333333,0.000196699,0.0470782666666667,0.0004314496666666,0.0001072213333333,0.0005986176666666,0.003533968
0.0029401663333333,0.00971023,0.002032804,0.00356863,0.0033456936666666,0.0013457206666666,0.0048008973333333,0.0008163373333333,0.0001386183333333,0.0005533843333333,0.0031520093333333
0.000614989,0.005311509,0.00108672,0.0019866646666666,0.0031947853333333,0.0026393583333333,0.0017268303333333,0.0041864296666666,0.0015677733333333,0.002949604,0.0059941516666666
0.0012871026666666,0.001500847,0.0003121343333333,0.0007674106666666,0.0008213763333333,0.0001027866666666,0.0007018423333333,0.000777207,0.0,6.85356666666667e-05,0.000272317
0.0038261013333333,0.0077003816666666,0.0005698763333333,0.0002755843333333,0.0108528676666667,0.0005704133333333,0.0036351906666666,0.001856205,5.28433333333333e-05,0.0008114996666666,0.0018972376666666
0.0014749413333333,0.0023228603333333,0.0013602066666666,0.0005275346666666,0.0014780153333333,0.0009577806666666,0.000603184,0.0004287293333333,0.000185372,0.000486916,0.0007773266666666
0.0032244836666666,0.010136722,0.002323181,0.000529326,0.0032041543333333,0.0005212636666666,0.0008688076666666,0.0059492456666666,0.0007106686666666,0.0038013603333333,0.013179592
0.0048582406666666,0.0041565043333333,0.0031430266666666,0.0017436756666666,0.0030672803333333,0.001110318,0.0091443193333333,0.0189619733333333,0.0001193843333333,0.001885161,0.0072568256666666
0.0001606256666666,6.61866666666667e-06,0.000885374,0.0001316306666666,4.77223333333333e-05,3.33333333333333e-06,0.004929675,3.09776666666667e-05,0.00231893,0.0031036463333333,6.66666666666667e-06
0.0015972476666666,0.0019033253333333,0.0004018963333333,0.000382267,0.001966016,0.0003128583333333,0.002214887,0.0008016113333333,0.000647658,0.0004941656666666,0.000482626
0.0162465656666667,0.008434326,0.00587298,0.0046161506666666,0.004912227,0.001451275,0.015541551,0.015931157,0.0003487326666666,0.002980454,0.0211496366666667
