0.0029680953333333,0.00350189,0.0003032316666666,0.0002598523333333,0.001746209,0.0001665316666666,0.0015650273333333,0.0008828733333333,3.35166666666667e-06,0.0011437306666666,0.003485026
0.0022047416666666,0.0107102183333333,0.00270563,0.001328614,0.005492742,0.0009522676666666,0.0077211903333333,0.0020011956666666,0.000134394,0.0010568206666666,0.0031758676666666
0.0003483913333333,0.0064567983333333,0.0023312743333333,0.002222678,0.004650691,0.0025098933333333,0.0038636356666666,0.001598387,0.001856527,0.002249872,0.004194552
0.000645508,0.0012565823333333,0.0001618963333333,0.0009256036666666,0.000261984,0.0006290586666666,0.0015129176666666,0.0002917813333333,3.33333333333333e-06,0.0001944113333333,0.000329805
0.001351813,0.0050282996666666,0.001923531,0.0001356473333333,0.004222541,0.000814778,0.0047047423333333,0.0034020846666666,1.024e-05,0.001374288,0.001994834
0.0002037143333333,0.0017155516666666,0.0016919556666666,0.0006936113333333,0.001521664,0.001157709,0.0007490953333333,0.0004158526666666,0.0003381866666666,0.000590212,0.001064688
0.002122587,0.0113223556666667,0.001750867,0.002051242,0.003077843,0.000599487,0.001584179,0.0055670233333333,0.0017312543333333,0.0063053393333333,0.12808764
0.0023137236666666,0.009146139,0.0037963193333333,0.001616615,0.004083821,0.0008409163333333,0.009848178,0.008499019,3.43706666666667e-05,0.0037743403333333,0.012028665
0.0,1.63866666666667e-05,0.002428725,5.63733333333333e-06,2.2216e-05,3.33333333333333e-06,0.004369353,6.3762e-05,0.0009154966666666,0.0035103896666666,1.648e-05
0.000976726,0.001533517,0.0004391626666666,0.0003285776666666,0.0006672,0.0002155336666666,0.0036035623333333,0.0008138623333333,0.0014343783333333,0.000878622,0.0009472333333333
0.0105034713333333,0.009710959,0.0086673073333333,0.006585366,0.004242966,0.0017331443333333,0.0091563906666666,0.0229086103333333,0.0004676896666666,0.0042305263333333,0.0256798676666667
