0.0032703126666666,0.0002615073333333,0.0004454656666666,4.29693333333333e-05,0.001217281,0.0005701183333333,0.001440253,0.0001262376666666,0.0,0.000964687,0.0023815386666666
0.0014303143333333,0.0067552,0.0021025536666666,0.0003547816666666,0.0019184023333333,0.0002100716666666,0.0059191563333333,0.000383052,2.6931e-05,0.0004393033333333,0.0021734353333333
0.0003381133333333,0.0050972013333333,0.0025402716666666,0.00159106,0.0025014946666666,0.0011145736666666,0.0003945113333333,0.000620492,0.0010075616666666,0.000529238,0.003446405
0.0016702296666666,0.0020617766666666,5.20046666666667e-05,0.000868354,8.27923333333333e-05,8.72586666666667e-05,0.000643245,9.59473333333333e-05,0.0,0.000138147,0.0001715533333333
0.0047775493333333,0.0036482733333333,0.0012665373333333,1.33333333333333e-05,0.0034922706666666,0.000170697,0.0042743613333333,0.0019662463333333,1.3791e-05,0.0005906696666666,0.000940059
8.44783333333333e-05,0.002095354,0.001327796,0.000521928,0.000837616,0.000575163,0.0016213716666666,6.03496666666667e-05,6.7024e-05,0.0005178253333333,0.000903011
0.0022807823333333,0.0083790813333333,0.0006013563333333,0.0010867476666666,0.001625955,0.000633182,0.0013723206666666,0.0039795773333333,0.0005763053333333,0.0022980816666666,0.0127742043333333
0.002772773,0.0041449186666666,0.0028755213333333,0.000308174,0.0024666766666666,0.0005284803333333,0.0076032543333333,0.0122220603333333,0.0001973616666666,0.002199356,0.00582789
3.33333333333333e-06,1.63703333333333e-05,0.001107203,9.11466666666667e-06,0.0001227826666666,0.0,0.0034188473333333,2.88403333333333e-05,0.0010131673333333,0.0026378046666666,3.33333333333333e-06
0.000905843,0.001636349,0.002110889,0.000366252,0.0004848453333333,0.0001217706666666,0.001991557,0.0008776536666666,0.000148914,0.0002062203333333,0.0002418836666666
0.0153591476666667,0.0063238016666666,0.007478952,0.0031205223333333,0.0068846136666666,0.0009320843333333,0.0138563483333333,0.0096844703333333,2.27353333333333e-05,0.0022492153333333,0.0272343603333333
