0.0036015786666666,0.0006516546666666,0.0016022283333333,0.0034471443333333,0.0035279193333333,0.000365599,0.0031204286666666,0.0013084563333333,3.5888e-05,0.0006524523333333,0.0058683653333333
0.003946146,0.0050511633333333,0.0021419406666666,0.0007756113333333,0.00452992,0.0010541246666666,0.0051280493333333,0.001396428,0.0001217636666666,0.001191509,0.0034859963333333
0.00085303,0.0133990526666667,0.000976929,0.0017470583333333,0.0033434083333333,0.0011594963333333,0.0006238313333333,0.0016828443333333,0.0015804396666666,0.0029059096666666,0.0046808383333333
0.002809998,0.0014356326666666,0.0001072283333333,0.0020530033333333,0.000202041,0.000125322,0.0006302153333333,0.0004183066666666,6.66666666666667e-06,0.0001339596666666,0.0005367126666666
0.0010478023333333,0.006388102,0.0018201366666666,0.0032224843333333,0.001134626,0.0002750573333333,0.002672941,0.00161406,0.000702978,0.0022312426666666,0.0019190263333333
0.00020112,0.0019328946666666,0.001104218,6.96146666666667e-05,0.001369664,0.0006206076666666,0.0005827853333333,0.0011202806666666,0.0004295046666666,0.0006932066666666,0.0016426236666666
0.0017063336666666,0.0089463983333333,0.0035883856666666,0.0006824256666666,0.001382353,0.000423033,0.0022594623333333,0.004920347,0.003669023,0.002567904,0.002917814
0.005347185,0.0032240886666666,0.003131725,0.0010734156666666,0.0031740636666666,0.0010293053333333,0.0087509336666666,0.0155284753333333,0.0006649826666666,0.002964496,0.0082660506666666
1.4815e-05,3.33333333333333e-06,0.0003736856666666,5.2378e-05,3.1707e-05,3.33333333333333e-06,0.004402874,0.0001006646666666,0.0008532153333333,0.0045039666666666,1.16706666666667e-05
0.0010435256666666,0.004529274,0.002273984,0.0002637353333333,0.0011099643333333,0.000320825,0.001877717,0.001124391,0.0003666473333333,0.0004233576666666,0.0010676993333333
0.0157362956666667,0.005222269,0.006015081,0.001527395,0.0052251506666666,0.0023655766666666,0.0073769243333333,0.0193271066666667,0.0006348153333333,0.005026073,0.03526221
