0.0030081973333333,0.0004990753333333,0.0006450116666666,0.0001206303333333,0.0012288323333333,6.6748e-05,0.0013614216666666,0.0005955623333333,3.67693333333333e-05,0.0005929326666666,0.003383042
0.0006241353333333,0.014484357,0.0012656856666666,0.0004845156666666,0.0029879163333333,0.0006260303333333,0.0048741393333333,0.0009174593333333,0.0005236976666666,0.001056215,0.0029892956666666
0.0007869506666666,0.0110349523333333,0.0017367326666666,0.002560154,0.003838662,0.0038809676666666,0.002084235,0.0021085893333333,0.0022128593333333,0.0015995206666666,0.0042625226666666
0.0007405116666666,0.0017107076666666,8.7306e-05,0.000670605,0.000179651,7.1603e-05,0.0002783243333333,0.0003857596666666,1.11403333333333e-05,8.33113333333333e-05,0.0025282806666666
0.0012048633333333,0.0056492026666666,0.001241582,0.002808311,0.0013065143333333,0.0001839963333333,0.0014917866666666,0.002603318,0.0002013363333333,0.0012710966666666,0.000605503
0.0004777306666666,0.0013891353333333,0.0012158763333333,0.0006309023333333,0.0014710776666666,0.0003236816666666,0.0007349553333333,0.0001738206666666,0.0003754016666666,0.000623429,0.001533624
0.001675426,0.0084781403333333,0.0028432186666666,0.0007533446666666,0.0007956173333333,0.0003409543333333,0.0021309836666666,0.0047119126666666,0.0027265143333333,0.0023639013333333,0.0015349946666666
0.0013132823333333,0.002289355,0.0028751753333333,0.001364741,0.0021185223333333,0.0005999686666666,0.008587611,0.0109306483333333,0.0001642316666666,0.0034609563333333,0.0048642073333333
3.33333333333333e-06,3.33333333333333e-06,9.77006666666667e-05,0.0,2.94793333333333e-05,0.0,0.0039275726666666,3.11186666666667e-05,0.0007581336666666,0.003864467,1e-05
0.0010205773333333,0.0043009246666666,0.0003695396666666,0.000287644,0.0005508606666666,0.0003464276666666,0.00165673,0.001042283,0.000287577,0.0009513233333333,0.0101702326666667
0.009592412,0.0088043613333333,0.0091083963333333,0.003232488,0.004197515,0.002817445,0.0054414083333333,0.0138018073333333,0.0002536726666666,0.0071447953333333,0.0498066033333333
