0.0031852753333333,0.004203122,1.87043333333333e-05,0.006938317,0.0038532353333333,0.0010072786666666,1.34283333333333e-05,0.0018721516666666,3.33333333333333e-06,5.4881e-05,0.0062628523333333
0.0039327646666666,0.014347843,0.0034345866666666,0.0204314203333333,0.008531221,0.0022826546666666,0.171878516666667,0.005282562,0.0,0.0002458576666666,0.0138395543333333
0.0014130223333333,0.006217233,0.0021207146666666,0.0049693666666666,0.005161585,0.0017921003333333,0.0,0.0021751853333333,0.0015158803333333,3.50663333333333e-05,0.005413163
0.00432399,0.0003212893333333,3.33333333333333e-06,0.0181567403333333,0.0,7.25e-06,4.43966666666667e-06,0.0007077476666666,0.0,4.07953333333333e-05,0.0154665583333333
0.001897685,0.0188340006666667,0.002624637,0.0182154646666667,0.0059168083333333,0.001930569,9.6017e-05,0.0094068813333333,6.789e-06,0.0005566873333333,0.004386739
0.000615218,0.0045683563333333,0.0016788446666666,0.002660733,0.0022102186666666,0.0008989726666666,0.0,0.001089096,0.0,7.24456666666667e-05,0.00260343
0.003670931,0.129137116666667,0.0044165916666666,0.027867922,0.0001420236666666,3.25126666666667e-05,0.0020322166666666,0.0133640866666667,0.0022594816666666,0.0046933,0.0144636726666667
0.0038588183333333,0.0115314886666667,0.0050381436666666,0.0185625213333333,0.0069091853333333,0.0017160666666666,5.4185e-05,0.028326148,2.3544e-05,0.0016857133333333,0.0129682233333333
3.52443333333333e-05,1.33333333333333e-05,0.0001177966666666,0.0011954053333333,0.0,5.04276666666667e-05,0.0055632076666666,0.001452019,0.0014993036666666,0.0067436643333333,0.0002391966666666
0.0015338533333333,0.000697978,0.0007237176666666,0.0052725146666666,5.4146e-05,0.0003972613333333,0.0038008166666666,0.0013320933333333,0.0013462853333333,0.0004773733333333,0.0011964753333333
0.014761121,0.0126637333333333,0.0008604826666666,0.0298129953333333,0.0071598563333333,0.0022964476666666,1.01666666666667e-05,0.0186263993333333,2.99103333333333e-05,0.0011463183333333,0.030288092
