0.0032425743333333,0.0009783256666666,0.0007378986666666,0.000107948,0.0012523913333333,0.0002411483333333,0.0018704415,0.000668446,1.32988333333333e-05,0.0008115836666666,0.0042028293333333
0.0043330756666666,0.0104948613333333,0.0008087763333333,0.0011301566666666,0.0035504193333333,0.001707735,0.0043261806666666,0.002201033,0.000126356,0.0009241883333333,0.002838998
0.001362549,0.0066984923333333,0.0006299783333333,0.002171255,0.003240763,0.00279569,0.0016657453333333,0.002594865,0.0018959863333333,0.001361653,0.0048029366666666
0.0002573466666666,0.0014567986666666,0.000150493,0.0023423173333333,0.0001206603333333,0.0001502033333333,0.001588196,0.0014706193333333,6.66666666666667e-06,0.0002723393333333,0.001603574
0.001193915,0.0059691216666666,0.0013862283333333,0.0029215013333333,0.0013878816666666,0.000590659,0.0018705866666666,0.0017981993333333,8.34393333333333e-05,0.0038490826666666,0.0021040793333333
0.000630331,0.0015078166666666,0.0011055306666666,0.000598295,0.001366318,0.000718258,0.0007583876666666,0.0002479943333333,0.00029123,0.0004769283333333,0.001444071
0.0015134763333333,0.0079933536666666,0.0011658423333333,0.0006643463333333,0.0038544333333333,0.000287375,0.0026807023333333,0.004336455,0.002780342,0.0039233763333333,0.0064104693333333
0.002936874,0.0051082593333333,0.0050160623333333,0.0010062053333333,0.003272109,0.0010409343333333,0.010370735,0.009390075,0.0003463083333333,0.003829813,0.018287889
1.0525e-05,0.0,0.0003471256666666,3.33333333333333e-06,0.000139397,0.0,0.0045122123333333,3.5784e-05,0.0006927793333333,0.0041206533333333,6.66666666666667e-06
0.0014402306666666,0.0047066446666666,0.0006222803333333,0.000693145,0.0011400636666666,0.0004401456666666,0.002401607,0.002244619,0.0014125726666666,0.002455998,0.0009140133333333
0.0165835093333333,0.0083883103333333,0.0071812933333333,0.003217042,0.0038243946666666,0.0015944946666666,0.009251915,0.0173462623333333,0.000480495,0.0056851503333333,0.02814506
