0.0026585493333333,0.0032397466666666,0.00064904,0.0035010856666666,0.0016998173333333,0.000785667,0.0025619948333333,0.001300085,6.18991666666667e-05,0.0012020643333333,0.0044131523333333
0.003696699,0.013703811,0.0031365736666666,0.0010242173333333,0.005853944,0.0005538656666666,0.0115535203333333,0.0042560846666666,0.0005202806666666,0.001509664,0.0046936736666666
0.0010826583333333,0.0067620263333333,0.0043066053333333,0.0018645226666666,0.0036373663333333,0.0024202013333333,0.0028604863333333,0.002133062,0.0023970746666666,0.0020831903333333,0.0049092586666666
0.0006479033333333,0.0010341376666666,0.00025734,0.0011624256666666,0.000274395,0.000240051,0.001347187,0.0003964583333333,1.2116e-05,0.0005713123333333,0.001621785
0.0029598083333333,0.009942189,0.0016426436666666,0.001325527,0.011087275,0.0021543146666666,0.0073923526666666,0.0029663196666666,0.000522111,0.0017335666666666,0.003076558
0.0004527616666666,0.002777485,0.0030267293333333,0.0007201103333333,0.0015960173333333,0.0007136966666666,0.0011956486666666,0.0003342376666666,0.0004236783333333,0.0004985453333333,0.0017279336666666
0.0032040726666666,0.0114501636666667,0.0019830676666666,0.0047137833333333,0.0036207616666666,0.001404065,0.0015706563333333,0.008252927,0.0023303053333333,0.0049554683333333,0.01738567
0.0057626936666666,0.0062376816666666,0.0046299956666666,0.0017878246666666,0.003235361,0.002495803,0.0121280216666667,0.0104169143333333,0.0005593996666666,0.0038563673333333,0.0097294063333333
0.001300903,6.3548e-05,0.0013527213333333,9.256e-05,0.0022365553333333,6.66666666666667e-06,0.005231551,0.000580019,0.0007716923333333,0.0037890846666666,4.20243333333333e-05
0.0016810626666666,0.0019555256666666,0.0008060116666666,0.00089026,0.0018208623333333,0.0005737823333333,0.0067896836666666,0.0018691003333333,0.0006793796666666,0.0008633776666666,0.0019249293333333
0.0144228176666667,0.0090308736666666,0.0085372036666666,0.0018366376666666,0.0041171963333333,0.001370159,0.016710414,0.0208562863333333,0.0011061026666666,0.0043492633333333,0.024299431
