0.004820535,0.0043461553333333,0.0,0.0037464016666666,0.0038480866666666,0.0006483046666666,0.0,0.0036088013333333,3.33333333333333e-06,0.0001279563333333,0.00545566
0.0047881733333333,0.011194094,0.001760368,0.0177396066666667,0.006015442,0.002332903,0.0,0.0061997356666666,3.33333333333333e-06,0.000105025,0.004956244
0.0008884133333333,0.0081989653333333,0.000475872,0.0052091776666666,0.0033005606666666,0.001757542,4.306e-06,0.0020458856666666,0.001304624,0.0002138003333333,0.005123414
0.0037359686666666,0.0001961263333333,0.0,0.0163677306666667,0.0,0.0,0.0,0.0006811973333333,0.0,4.641e-05,0.0125653296666667
0.0021277583333333,0.0205898233333333,0.0038180103333333,0.013959142,0.0029493726666666,0.003056991,0.0,0.0107189203333333,0.0006180123333333,0.000102458,0.0063755433333333
0.0009277063333333,0.0035752163333333,0.0013046206666666,0.0021589063333333,0.0013996473333333,0.0008082123333333,0.0,0.0010433053333333,6.66666666666667e-06,4.6561e-05,0.0017357183333333
0.003127933,0.0015414246666666,0.0016017813333333,0.0204955116666667,9.65733333333333e-05,1.48596666666667e-05,0.0019609026666666,0.007935775,0.0014452616666666,0.0027447083333333,0.0115999883333333
0.004509059,0.0155773816666667,0.0046817056666666,0.0148213373333333,0.0066619563333333,0.002082078,1.42943333333333e-05,0.0290239226666667,3.33333333333333e-06,0.000779398,0.0196319076666667
0.0006767676666666,2.14326666666667e-05,0.0003015563333333,0.0007023826666666,0.0,5.57076666666667e-05,0.0049009633333333,0.000618543,0.001726091,0.006639687,0.0001644613333333
0.0011315886666666,0.002750817,0.0007034543333333,0.0056025356666666,0.000107084,0.0006201453333333,0.003570821,0.002194834,0.0008464633333333,0.0004085703333333,0.0039842326666666
0.0134144986666667,0.0112490293333333,0.0005277126666666,0.0368961733333333,0.004676297,0.0014346376666666,0.0,0.0198500166666667,6.66666666666667e-06,0.000942662,0.0349962733333333
