0.0043880656666666,0.0036736573333333,2.41726666666667e-05,0.007352724,0.0045775006666666,0.000800852,3.33333333333333e-06,0.0027662163333333,1.33333333333333e-05,7.24973333333333e-05,0.012780684
0.0090810653333333,0.0182186733333333,0.0048218746666666,0.0178686393333333,0.0100559266666667,0.0033711963333333,0.6007133,0.005161026,6.66666666666667e-06,9.45056666666667e-05,0.0084662093333333
0.0019065103333333,0.0087289443333333,0.002605548,0.0065036856666666,0.0061114033333333,0.001883412,1.27116666666667e-05,0.003724326,0.0013495773333333,0.002170777,0.0064810163333333
0.00651401,0.0002004846666666,2e-05,0.0221980316666667,4.42e-06,2.26666666666667e-05,3.33333333333333e-06,0.0009777676666666,3.33333333333333e-06,2.84146666666667e-05,0.0219653123333333
0.003383783,0.022950098,0.0036858916666666,0.0216235373333333,0.0054086663333333,0.0030311736666666,4.9815e-05,0.0116403013333333,7.33926666666667e-05,0.0004877116666666,0.0090470963333333
0.000781347,0.0037643093333333,0.0014250916666666,0.0025421796666666,0.0018003416666666,0.0014861803333333,5.96146666666667e-05,0.0012776666666666,9.33066666666667e-06,9.73063333333333e-05,0.0014304873333333
0.005246744,0.0022820913333333,0.0060192456666666,0.028127855,0.0001711916666666,0.000174198,0.0017218563333333,0.01269855,0.0020268803333333,0.0056108996666666,0.0196384966666667
0.0098847373333333,0.0126655616666667,0.0078857906666666,0.0253164906666667,0.010749475,0.0034492273333333,0.0001430116666666,0.032320069,2.68636666666667e-05,0.0007716446666666,0.0235657173333333
9.9303e-05,6.7374e-05,0.000779264,0.001990841,0.0,7.71963333333333e-05,0.0062348773333333,0.000811144,0.0020253756666666,0.0072499983333333,0.0003233683333333
0.0013957356666666,0.0005839826666666,0.0013265446666666,0.0056332246666666,7.03793333333333e-05,0.0007651246666666,0.0056183983333333,0.0019645543333333,0.000887125,0.0005645593333333,0.002994744
0.0179840256666667,0.0172519676666667,0.001824856,0.04176485,0.0125611763333333,0.0042152483333333,6.7455e-05,0.0265659903333333,3.9792e-05,0.0008468936666666,0.0422831533333333
