0.0031745523333333,0.001337807,0.0006874383333333,8.6703e-05,0.0016706703333333,8.27426666666667e-05,0.0016856463333333,0.0007416866666666,0.0004329703333333,0.0003068603333333,0.003647417
0.001791693,0.016582149,0.001736313,0.0009133823333333,0.0014438806666666,0.0011570133333333,0.004600504,0.0020068656666666,0.0001712566666666,0.0014139263333333,0.0024989793333333
0.001229617,0.0067248036666666,0.0010009723333333,0.0019500166666666,0.0046398683333333,0.0022523273333333,0.0017074056666666,0.0018557006666666,0.000930927,0.001039795,0.005817026
0.0001791456666666,0.0047842643333333,0.0001160693333333,0.0007425636666666,0.0001856436666666,0.000350189,0.0004755616666666,0.000393363,0.0,0.000287926,0.0004869546666666
0.001801001,0.006006516,0.001374119,0.000212238,0.0103275946666667,0.0003030216666666,0.001942458,0.0012127156666666,0.0001495723333333,0.0009157776666666,0.002924055
0.000217643,0.0038537716666666,0.0009733,0.0005543636666666,0.0010502026666666,0.0005397796666666,0.000776576,0.0004602293333333,1.4586e-05,0.000210486,0.001235973
0.001685228,0.0107982953333333,0.0047757506666666,0.0006953113333333,0.0028187073333333,0.0011333533333333,0.001756832,0.0070764553333333,0.0008941753333333,0.0033994273333333,0.009986523
0.0022666786666666,0.0063629653333333,0.003487066,0.0011634376666666,0.0030664706666666,0.0014049643333333,0.0059967643333333,0.021318827,0.0004129333333333,0.002446352,0.01433622
6.66666666666667e-06,0.0001005093333333,6.9618e-05,6.66666666666667e-06,4.977e-05,3.33333333333333e-06,0.0050235123333333,0.009644163,0.0021610863333333,0.00677628,1.8046e-05
0.0013178393333333,0.002041563,0.0001630313333333,0.000324353,0.0005948686666666,0.0001718736666666,0.0022390556666666,0.00064072,0.0003344766666666,0.0004177216666666,0.0018314966666666
0.0089534093333333,0.0096654306666666,0.0066839283333333,0.0042592616666666,0.0052328896666666,0.001193066,0.0131815476666667,0.018864887,0.0006092033333333,0.0036568196666666,0.0281252486666667
