0.0034567733333333,0.0030289073333333,0.0007174333333333,0.000477165,0.003118646,0.0004524913333333,0.0019887023333333,0.0013033336666666,0.0001808546666666,0.0005938286666666,0.0099766736666666
0.0034259483333333,0.0083717346666666,0.0034382373333333,0.0010488193333333,0.0084461466666666,0.0034953713333333,0.007118231,0.002748845,0.0004172446666666,0.0009485443333333,0.0038239126666666
0.0012851133333333,0.0066277366666666,0.0023051323333333,0.0044750243333333,0.0036828543333333,0.0031494663333333,0.0024795166666666,0.0025211936666666,0.002925722,0.0024115763333333,0.0050926793333333
0.001206561,0.002146616,0.0003001663333333,0.0014490943333333,0.000762309,0.0003282013333333,0.0016710446666666,0.000375235,6.69036666666667e-05,0.000304161,0.0008392056666666
0.0037885453333333,0.011613361,0.002499695,0.0039709666666666,0.0042464746666666,0.001263926,0.003719809,0.0042018786666666,0.0004579623333333,0.002171538,0.004416616
0.0007674633333333,0.002704585,0.0009707923333333,0.0004176306666666,0.0016084686666666,0.0009794716666666,0.0002984823333333,0.0007679183333333,0.0003991696666666,0.000552023,0.0023991866666666
0.003874546,0.0137915383333333,0.001431315,0.0013653556666666,0.0066800893333333,0.0012570096666666,0.002997215,0.0059205696666666,0.002795386,0.0029013853333333,0.00701707
0.00606794,0.0028109326666666,0.004809231,0.0011539213333333,0.0049503616666666,0.0019460433333333,0.0094695633333333,0.0174442256666667,0.001189522,0.003799645,0.0216472553333333
2.4356e-05,0.0,0.00030003,3.54283333333333e-05,5.90823333333333e-05,2.3313e-05,0.0044681323333333,0.0010723343333333,0.000642863,0.003130899,4.31556666666667e-05
0.001652661,0.0041113553333333,0.000964827,0.0008400876666666,0.002644026,0.0006607186666666,0.0041849196666666,0.002681169,0.0006065683333333,0.0007327066666666,0.0059068226666666
0.022203661,0.0100014606666667,0.008095086,0.0052831136666666,0.0096471,0.0033672833333333,0.0122533246666667,0.0317259553333333,0.0032664593333333,0.0050621953333333,0.0445668266666667
