0.003857012,0.004282914,7.12703333333333e-05,0.0060694786666666,0.0047538466666666,0.0013816483333333,3.33333333333333e-06,0.0022273173333333,6.10133333333333e-06,4.15453333333333e-05,0.0072622306666666
0.005892004,0.0185904333333333,0.0057253496666666,0.018368603,0.007760525,0.0026986616666666,7.28973333333333e-05,0.0056359746666666,1e-05,8.64613333333333e-05,0.0055511296666666
0.0014406853333333,0.0095398506666666,0.0012494363333333,0.0051608576666666,0.0039085956666666,0.001374715,0.0,0.0025366203333333,0.0012843843333333,0.00196781,0.005269533
0.0054647213333333,0.0002639156666666,6.47536666666667e-05,0.0239044206666667,1.23546666666667e-05,6.66666666666667e-06,0.0,0.002935731,8.05566666666667e-06,4.37083333333333e-05,0.0180056033333333
0.003522607,0.016371252,0.0023912073333333,0.0105166916666667,0.0041300686666666,0.002811345,7.63366666666667e-06,0.0088563086666666,6.8716e-05,0.000353997,0.0069066166666666
0.001658942,0.0056725773333333,0.0009845643333333,0.0031796893333333,0.0021467553333333,0.000721034,0.0,0.0021096176666666,0.0,2.18333333333333e-05,0.002628361
0.004326706,0.001170358,0.0039243016666666,0.03621304,8.81216666666667e-05,7.05833333333333e-05,0.0036666936666666,0.0109363586666667,0.0028099626666666,0.005343236,0.0162273556666667
0.0089948166666666,0.248117496666667,0.0062601396666666,0.0235415206666667,0.007569943,0.0039092126666666,2.5995e-05,0.04077698,1.33333333333333e-05,0.0003273753333333,0.019585353
0.000435314,1.25933333333333e-05,0.0008728576666666,0.0010493393333333,0.0,0.000183483,0.0056891896666666,0.000167968,0.0016192076666666,0.0053373936666666,0.0003203193333333
0.0018618903333333,0.0002289663333333,0.0011819203333333,0.007276561,4.58143333333333e-05,0.001150819,0.004370725,0.0014320093333333,0.000701096,0.0006736876666666,0.0026611886666666
0.0219146196666667,0.018136109,0.002521583,0.032361723,0.0082681583333333,0.0032873303333333,4.64216666666667e-05,0.0218023453333333,6.7223e-05,0.0006535983333333,0.0365610933333333
