0.0062075006666666,0.0004809086666666,0.0005276143333333,0.003487351,0.0018029876666666,0.000121371,0.0017027168333333,0.000498982,5.8295e-06,0.000568605,0.0050948656666666
0.0015346416666666,0.007954479,0.0014013306666666,0.0010114746666666,0.0045206443333333,0.002035371,0.005027386,0.001145439,0.0002598163333333,0.0007863646666666,0.0010527103333333
0.00028578,0.0053437853333333,0.0044162956666666,0.002817814,0.0031115413333333,0.0034328003333333,0.002462152,0.001127913,0.0012734076666666,0.0032220436666666,0.004817692
0.0002384316666666,0.001398975,0.0004065426666666,0.0014205616666666,0.00016878,0.0001309696666666,0.0007980383333333,0.000386948,3.33333333333333e-06,0.0003386123333333,0.0009667946666666
0.0014134673333333,0.008547602,0.00081923,0.000152494,0.000206984,0.0003969776666666,0.0026059403333333,0.001347844,8.76606666666667e-05,0.001231595,0.002362214
0.0001986686666666,0.0020895586666666,0.00152445,0.0008436446666666,0.0016901263333333,0.001600495,0.0006660223333333,0.0001812353333333,0.0002599093333333,0.0006156313333333,0.0011749506666666
0.0018256243333333,0.0097636093333333,0.0009733793333333,0.0021409773333333,0.001809654,0.00083148,0.002765516,0.0042871553333333,0.001080017,0.0031568276666666,0.0116608936666667
0.002720058,0.0011877963333333,0.002958083,0.0008612773333333,0.003530595,0.0004754266666666,0.007893948,0.0086117163333333,0.0001195663333333,0.00365678,0.0065853026666666
1.34826666666667e-05,1.712e-05,0.0016310333333333,3.33333333333333e-06,0.0008217103333333,0.0,0.0044729483333333,2.6764e-05,0.0006414273333333,0.003533754,0.0
0.0006919083333333,0.001205475,0.000261345,5.98153333333333e-05,0.0003088066666666,0.0003564433333333,0.0024657123333333,0.0007674696666666,0.000129107,0.0016110103333333,0.000365586
0.0093967226666666,0.0096725633333333,0.007195032,0.0026774646666666,0.0082835336666666,0.0018800983333333,0.01675777,0.0202222516666667,0.0001887743333333,0.006008142,0.027387663
