0.0026618423333333,0.0027797896666666,0.0022913846666666,0.0012218393333333,0.0016349426666666,0.0004441906666666,0.0012659563333333,0.000937959,0.000569334,0.000350631,0.004621813
0.002236513,0.0084014233333333,0.002975125,0.0015762693333333,0.00488697,0.0033601836666666,0.0029465493333333,0.0022944963333333,0.0030578903333333,0.0023783963333333,0.0063004623333333
0.0018233573333333,0.0072228213333333,0.00136103,0.0021158773333333,0.0045911083333333,0.0027656506666666,0.0006360686666666,0.0024578243333333,0.0054183846666666,0.002480463,0.0051760163333333
0.0008339606666666,0.00159627,0.000495967,0.0016234856666666,0.0008644483333333,0.0004464556666666,0.000931413,0.0003427816666666,3.15813333333333e-05,0.0001887023333333,0.002490752
0.002422514,0.0128857596666667,0.001955809,0.0010693376666666,0.0049958523333333,0.0010320493333333,0.0033129906666666,0.0085964363333333,0.001840534,0.0032770313333333,0.0041582136666666
0.0007215833333333,0.0029722323333333,0.0011296936666666,0.0006817816666666,0.001782674,0.000870646,0.0006057773333333,0.000585656,0.0007456863333333,0.0003721803333333,0.0015635126666666
0.0048564733333333,0.012812421,0.00471298,0.0030447826666666,0.003189789,0.001542861,0.0028728686666666,0.0057798273333333,0.0022251016666666,0.0033299013333333,0.005663671
0.005297478,0.0042306503333333,0.0048521846666666,0.001340408,0.0040905296666666,0.0023777536666666,0.0043939263333333,0.0131593483333333,0.0034649166666666,0.0038900276666666,0.0151931233333333
2e-05,3.20106666666667e-05,0.0009336656666666,1.33333333333333e-05,5.1168e-05,3.33333333333333e-06,0.0012381866666666,0.0010590576666666,0.0032939156666666,0.0024136326666666,6.75656666666667e-05
0.0014719376666666,0.0026028123333333,0.001191204,0.0006339606666666,0.001891847,0.0004523733333333,0.0010221936666666,0.002720942,0.0018889086666666,0.0024374076666666,0.0028985403333333
0.017701893,0.0109148256666667,0.0117886503333333,0.0093268756666666,0.0096809043333333,0.0035563116666666,0.02087136,0.015116523,0.0033920363333333,0.0044219973333333,0.032855084
