0.0071865403333333,0.0026906573333333,0.001623447,0.0049386556666666,0.0020398696666666,0.000163466,0.0045798253333333,0.0008106666666666,1.10783333333333e-05,0.0019346696666666,0.006018025
0.0014425996666666,0.003013863,0.001071757,0.0004191013333333,0.0024905763333333,0.001031362,0.0044623723333333,0.001728721,0.0003494156666666,0.000384764,0.0037638243333333
0.0005990856666666,0.0058430786666666,0.000345288,0.0020262573333333,0.003577329,0.0009736413333333,0.002353243,0.001782094,0.0015904276666666,0.0010757026666666,0.0045206286666666
0.0025353066666666,0.0011254283333333,0.000125304,0.0021288823333333,0.0001147883333333,0.0002196576666666,0.0004138183333333,0.001347239,8.33333333333333e-06,0.000292091,0.000527932
0.001224892,0.0066763316666666,0.002243489,0.0030471606666666,0.0013297106666666,0.0005958426666666,0.0019611056666666,0.0030511303333333,3.05833333333333e-05,0.001613616,0.0025322016666666
0.0003366056666666,0.0019822746666666,0.00114523,0.0004943186666666,0.001498138,0.0007674513333333,0.0006715436666666,0.0008025143333333,0.000364972,0.000550674,0.0010818683333333
0.0016778983333333,0.007113277,0.0030780723333333,0.0017827836666666,0.0022518436666666,0.000238232,0.0022717223333333,0.0038541836666666,0.0043495073333333,0.0025444803333333,0.003998748
0.001351713,0.0019649843333333,0.0026391526666666,0.000871723,0.0018352136666666,0.000680577,0.006867076,0.0156749756666667,0.0002342956666666,0.0023535693333333,0.0051209036666666
6.98833333333333e-06,7e-06,0.0032227176666666,3.33333333333333e-06,2.14396666666667e-05,3.33333333333333e-06,0.0045270963333333,9.9729e-05,0.0010067033333333,0.004400068,6.66666666666667e-06
0.0007916033333333,0.0042199086666666,0.001664923,0.000169477,0.000959985,0.0004477523333333,0.0014638353333333,0.001602603,0.0005048343333333,0.0003130596666666,0.001082398
0.0137086616666667,0.0035836756666666,0.005005333,0.002741303,0.0050224776666666,0.000886618,0.0067739876666666,0.0214332076666667,8.51283333333333e-05,0.003941104,0.0254296823333333
