0.0025038433333333,0.0045905256666666,0.0,0.0048720106666666,0.004347285,0.0003377336666666,0.0,0.002176366,0.0,3.77533333333333e-05,0.0089315593333333
0.0030073196666666,0.0189419783333333,0.0023314996666666,0.0157009363333333,0.0101993373333333,0.003600964,2.62606666666667e-05,0.0059580323333333,0.0,0.0001615806666666,0.003912461
0.000421131,0.008630998,0.0013945403333333,0.004219448,0.003352431,0.0010352666666666,2.48063333333333e-05,0.002052966,0.000787697,1e-05,0.0032094526666666
0.003227788,0.0002485886666666,0.0,0.014057352,3.33333333333333e-06,0.0,0.0,0.0009007726666666,0.0,1.99203333333333e-05,0.012222126
0.0016167513333333,0.0191954003333333,0.0016475176666666,0.0127029063333333,0.005152169,0.000897038,6.88233333333333e-06,0.008753396,5.97943333333333e-05,4.90086666666667e-05,0.004835678
0.0008724886666666,0.0045143793333333,0.0007602896666666,0.0031435453333333,0.0019818646666666,0.0008446696666666,0.0,0.0011997633333333,0.0,4.99666666666667e-05,0.0017705296666666
0.0022839216666666,0.001926145,0.001440266,0.0284732833333333,6.77333333333333e-06,6.66666666666667e-06,0.0022180216666666,0.0116209476666667,0.0012118616666666,0.0040737426666666,0.011303627
0.0042462356666666,0.0148258406666667,0.0048210716666666,0.02256682,0.0078736986666666,0.0027900876666666,4.4367e-05,0.0321642256666667,3.33333333333333e-06,0.00061006,0.0134370106666667
5.0862e-05,3.2406e-05,0.0008349893333333,0.0004186436666666,0.0,3.46413333333333e-05,0.005539516,0.0005496463333333,0.0008333883333333,0.002812251,0.0002342506666666
0.0007802633333333,0.0004414736666666,0.0003492293333333,0.004390459,6.66666666666667e-06,0.0007952196666666,0.0035416383333333,0.0017969973333333,0.0003296823333333,0.000607385,0.004370857
0.0101458413333333,0.015634298,0.0,0.02969709,0.0072187493333333,0.002487749,1.62683333333333e-05,0.017672227,3.33333333333333e-06,0.0006817943333333,0.0542774533333333
