0.0081211456666666,0.0008958336666666,0.0004375853333333,5.31993333333333e-05,0.0012301283333333,6.37633333333333e-05,0.001422241,0.00115396,3.33333333333333e-06,0.000602541,0.0059589126666666
0.0033157243333333,0.0103755966666667,0.0012540223333333,0.0004630213333333,0.001820055,0.0014759393333333,0.003611459,0.0005710853333333,0.0001027036666666,0.000658093,0.001614964
0.0006509613333333,0.0060847283333333,0.000776788,0.002074133,0.0020316923333333,0.0008711213333333,0.001821231,0.001186989,0.000488539,0.0008756926666666,0.0035668376666666
0.0021478693333333,0.001596907,0.0003285093333333,0.0003438786666666,8.98653333333333e-05,0.00010618,0.0020902153333333,0.0002117416666666,0.0,0.000144559,0.000182932
0.0015371623333333,0.0059934016666666,0.0006890186666666,0.0005512713333333,0.0018894606666666,0.0008713796666666,0.0030791253333333,0.003199218,1.75333333333333e-05,0.000914705,0.0025531663333333
0.0001898473333333,0.001560827,0.001069931,0.000287007,0.0005135393333333,0.0003218276666666,0.0004665666666666,0.000166631,3.33333333333333e-06,9.90396666666667e-05,0.001613391
0.0013966313333333,0.01036351,0.0042332356666666,0.000638115,0.001587229,0.0001471316666666,0.0024023156666666,0.0052077873333333,0.0003747266666666,0.0028102593333333,0.013953303
0.0049265323333333,0.004511323,0.0029046273333333,0.0003379713333333,0.001815725,0.001015305,0.0078419523333333,0.010976794,0.0001722343333333,0.0024765433333333,0.0043972073333333
1.18683333333333e-05,2e-05,8.73623333333333e-05,6.66666666666667e-06,3.6477e-05,0.0,0.0055837226666666,5.65363333333333e-05,0.0011022696666666,0.0024149443333333,1.33333333333333e-05
0.0009968193333333,0.0029236656666666,0.0003055336666666,0.0002962553333333,0.0006217366666666,0.000414363,0.0029130583333333,0.000881626,0.000225073,0.000147136,0.0004931326666666
0.010268254,0.0059249923333333,0.005658422,0.0018701013333333,0.0061054896666666,0.0006910773333333,0.015140141,0.011225381,5.4945e-05,0.0031385423333333,0.0226608893333333
