0.002078432,0.00065228,0.0009712803333333,0.0006497356666666,0.0016812226666666,0.000392515,0.0011321633333333,0.0006622303333333,4.68863333333333e-05,0.000310256,0.0036120553333333
0.0015544463333333,0.00854398,0.000872013,0.0006431623333333,0.003139505,0.0006806283333333,0.126058943333333,0.0011630783333333,4.6334e-05,0.000974438,0.001926341
0.0006988136666666,0.005097453,0.0018496523333333,0.003122671,0.0035811513333333,0.0033223176666666,0.0032194606666666,0.0019334446666666,0.0008040863333333,0.002079122,0.0066833383333333
0.0008598393333333,0.0013189806666666,0.0001896383333333,0.002386833,0.0003768906666666,0.0001602676666666,0.000364424,0.0004281293333333,0.0,0.0002602746666666,0.0002439573333333
0.000643406,0.00731331,0.001352451,0.0005428096666666,0.0025109993333333,0.0004913193333333,0.00214841,0.0021258886666666,0.0001248826666666,0.000937175,0.0010262606666666
0.000234118,0.001662643,0.000582184,0.0005581423333333,0.0024875796666666,0.0021919426666666,0.0006580423333333,0.000143643,0.0003793553333333,0.000573556,0.001732884
0.00077048,0.0113138123333333,0.002651281,0.0003748203333333,0.0013562923333333,0.0005102,0.003678084,0.0037647396666666,0.0029157213333333,0.004092664,0.01059984
0.0016245143333333,0.001949529,0.003092851,0.000430187,0.0014156676666666,0.001060252,0.0084044096666666,0.0123628026666667,0.000136505,0.0027204816666666,0.0047742906666666
5.97183333333333e-05,0.0,0.0005927196666666,0.0,3.13473333333333e-05,0.0,0.004510892,6.66666666666667e-06,0.0010323633333333,0.0045638986666666,7.30626666666667e-05
0.000487077,0.002405528,0.000485495,0.000148562,0.000505914,0.0003460276666666,0.0586302333333333,0.001223175,0.000632121,0.0025444873333333,0.0010750486666666
0.008895196,0.007090853,0.0089489963333333,0.0041405173333333,0.0038119423333333,0.0006433746666666,0.0182122306666667,0.0175715476666667,0.0004963893333333,0.004986524,0.03874402
