0.0098954343333333,0.003045757,0.0006469906666666,0.000448284,0.0027832543333333,0.0007442636666666,0.0019111466666666,0.0019139466666666,8.5757e-05,0.0008133646666666,0.0069656873333333
0.0026907766666666,0.0087706486666666,0.0027257693333333,0.0023726433333333,0.0052449003333333,0.0018968723333333,0.0044874616666666,0.0029983606666666,0.000987468,0.0006961233333333,0.0039510616666666
0.000917574,0.0091041276666666,0.0014252663333333,0.002737526,0.0056124896666666,0.0041371563333333,0.0024245793333333,0.0019387213333333,0.0036291093333333,0.002185007,0.0065317863333333
0.0006903233333333,0.0015684593333333,0.0004984283333333,0.002305799,0.000569574,0.0009957926666666,0.0007668533333333,0.0004273593333333,9.3067e-05,0.000329136,0.00107754
0.0037994193333333,0.0072899066666666,0.0023154666666666,0.0039856636666666,0.0057004453333333,0.0011185453333333,0.0025489543333333,0.0039116563333333,0.0007031596666666,0.001293009,0.001995073
0.000609216,0.0027796296666666,0.001413049,0.0003264626666666,0.0022593673333333,0.0016263543333333,0.000577873,0.0008642153333333,0.0003743183333333,0.000804924,0.0027260446666666
0.0032730116666666,0.011013194,0.0052489453333333,0.0009545446666666,0.0026401596666666,0.0013797293333333,0.0023237536666666,0.008152986,0.0060951243333333,0.002581387,0.0053229886666666
0.006885185,0.004574296,0.0035858896666666,0.002138484,0.0055170173333333,0.0025341413333333,0.0085657676666666,0.0157100626666667,0.0005914393333333,0.0020526076666666,0.0148140146666667
1.0779e-05,5.67066666666667e-05,0.001247415,1.64243333333333e-05,4.70403333333333e-05,8.91533333333333e-06,0.004158799,4.37293333333333e-05,0.0010351866666666,0.0043782053333333,4.73866666666667e-05
0.0023207756666666,0.0054928553333333,0.0021968956666666,0.000793731,0.0018548496666666,0.0009685133333333,0.0021276393333333,0.0027666243333333,0.0005913086666666,0.000776012,0.0024419993333333
0.0146236386666667,0.0120971373333333,0.0092926463333333,0.003659463,0.0114491093333333,0.0030474006666666,0.0068087203333333,0.0243458066666667,0.0009778336666666,0.0044525976666666,0.0366774866666667
