0.004595896,0.0028185093333333,6.66666666666667e-06,0.0063544423333333,0.0047520963333333,0.0009503796666666,0.0,0.001719552,0.0,1.66666666666667e-05,0.0111685823333333
0.003426677,0.020051673,0.0083795403333333,0.003256766,0.0089149773333333,0.001970002,3.1392e-05,0.0042492083333333,1e-05,0.000299922,0.00426524
0.0004872203333333,0.001036248,0.0041970863333333,0.0032261416666666,0.0043740143333333,0.002561679,0.0,0.0002916456666666,0.011862596,3.33333333333333e-06,0.003948521
0.0053261103333333,6.20496666666667e-05,0.000124844,0.030008097,0.0,0.0,6.66666666666667e-06,0.0008707293333333,3.33333333333333e-06,3.33333333333333e-06,0.0126055863333333
0.00276339,0.015111054,0.0108197353333333,0.0018626976666666,0.0028534576666666,0.0047315133333333,0.0,0.0056972096666666,0.0,5.91693333333333e-05,0.0045243226666666
0.0012438156666666,0.0040281993333333,0.001320811,0.0008272996666666,0.001759254,0.0010117586666666,7.12e-06,0.000972984,0.0,2.44183333333333e-05,0.0010214353333333
0.0039148323333333,0.0007352463333333,0.0,0.012353487,0.0001328416666666,4.26463333333333e-05,0.0031291663333333,0.0002582993333333,0.0322113126666667,0.0021204883333333,0.0102802113333333
0.0086537946666666,0.0145323206666667,0.0120850266666667,0.0055728416666666,0.0049209756666666,0.0021101843333333,1.33333333333333e-05,0.0301499336666667,1.36366666666667e-05,0.0004945713333333,0.0126253986666667
0.000210869,3.33333333333333e-06,0.0,0.000144585,3.33333333333333e-06,0.0,0.0006348173333333,3.68466666666667e-06,0.008311657,0.004582792,0.0001832626666666
0.001399294,0.000419628,3.33333333333333e-06,0.000966811,2.34566666666667e-05,0.0002026426666666,0.001301418,0.0001290323333333,0.0133669736666667,0.0003631626666666,0.001157709
0.012585036,0.015904696,0.000413791,0.024796518,0.0045164753333333,0.0024507866666666,3.33333333333333e-06,0.0178360026666667,3.54833333333333e-06,0.0008020986666666,0.04354665
