0.00453858,0.0017509136666666,0.0004341803333333,0.000401308,0.0018215896666666,0.000397897,0.0026469973333333,0.00134339,0.0003181696666666,0.0011128913333333,0.0083832933333333
0.0015854293333333,0.0054634693333333,0.002123944,0.000562443,0.003067013,0.0011996006666666,0.002133221,0.000715552,0.0002962723333333,0.001130805,0.0014463763333333
0.000823426,0.005151339,0.000936772,0.000750481,0.0013011016666666,0.0021112793333333,0.0018321656666666,0.0009780983333333,0.0018081646666666,0.001650373,0.001667317
0.000418532,0.002967168,0.000383863,0.0005110703333333,0.000714353,0.000348985,0.000912284,0.000647485,0.000339216,0.000510005,0.0005932763333333
0.0007855486666666,0.0127395483333333,0.0017162026666666,0.000963734,0.0030712916666666,0.001650346,0.002127568,0.0039953573333333,0.0008130536666666,0.002022407,0.003493441
0.0003243216666666,0.0040582826666666,0.0007920203333333,0.0003557503333333,0.0016467596666666,0.0008377333333333,0.0006715436666666,0.0012104383333333,8.40556666666667e-05,0.0006784593333333,0.00126352
0.0012216823333333,0.0163140633333333,0.0010056036666666,0.001721086,0.004736188,0.001516466,0.0022131246666666,0.0068038023333333,0.0007287203333333,0.0038875736666666,0.0069738003333333
0.004114968,0.0081601323333333,0.0025947963333333,0.004459792,0.0053291576666666,0.002451968,0.0077379733333333,0.018510428,0.0013085033333333,0.0036945663333333,0.0080716906666666
9.0971e-05,0.0007325833333333,0.0017465166666666,0.0001587746666666,0.0002799383333333,6.96903333333333e-05,0.0013593176666666,0.0002699493333333,0.0002021423333333,0.0006917976666666,0.0002941546666666
0.0008792166666666,0.009031289,0.0005696153333333,0.0002578116666666,0.0005960143333333,0.0003816673333333,0.002458599,0.002650127,0.0005019706666666,0.0006963496666666,0.0011557993333333
0.012421027,0.0084116506666666,0.0049282563333333,0.00091938,0.0051599423333333,0.0015827263333333,0.0071118256666666,0.0151866926666667,0.000442885,0.0038317143333333,0.0451183866666667
