0.0036160566666666,0.0029791046666666,0.0007023523333333,0.0011320986666666,0.00269967,0.0009355503333333,0.0019731831666666,0.0012618223333333,0.0001089128333333,0.0015802776666666,0.0042640206666666
0.0119653043333333,0.011803012,0.0015652043333333,0.0031912026666666,0.0088838003333333,0.0036385893333333,0.0073113636666666,0.0025151676666666,0.000637854,0.0024489403333333,0.0063068643333333
0.0013684416666666,0.0045297123333333,0.0008363813333333,0.002171583,0.00220027,0.0016856713333333,0.001158696,0.000705462,0.0007154613333333,0.0017805386666666,0.003048733
0.000526207,0.0021791023333333,0.000204523,0.0018929806666666,0.002909453,0.0010290366666666,0.0008385286666666,0.0006175043333333,1.50853333333333e-05,0.001105304,0.0011651863333333
0.0013736776666666,0.0079163606666666,0.0011712936666666,0.0006213826666666,0.002143044,0.003687574,0.0021311103333333,0.0032082923333333,0.000153847,0.002949852,0.0059018773333333
0.0007484156666666,0.0048949866666666,0.0012350833333333,0.0017640163333333,0.0025353813333333,0.001329298,0.0007414863333333,0.0007269396666666,0.0002592393333333,0.001089542,0.0014169766666666
0.001614144,0.0112646103333333,0.0018335696666666,0.0008057653333333,0.0019692623333333,0.0009243673333333,0.000656515,0.0049410096666666,0.0021058923333333,0.0057898693333333,0.0074313736666666
0.0046235163333333,0.00571308,0.0019717523333333,0.002903289,0.006660893,0.002789743,0.0088932273333333,0.024612746,0.0006553993333333,0.002526866,0.017598755
0.0,0.0,0.002914475,2.09866666666667e-05,3.54003333333333e-05,4.92566666666667e-06,0.0014273643333333,4.74966666666667e-06,0.000853083,0.002743579,3.33333333333333e-06
0.0048362576666666,0.0076163733333333,0.003224951,0.0021740483333333,0.0096183556666666,0.0038775223333333,0.0044684533333333,0.0042921136666666,0.0003964853333333,0.0031130193333333,0.0081275886666666
0.015217678,0.0092745173333333,0.007490108,0.0041729486666666,0.0066890876666666,0.0032392163333333,0.0071641883333333,0.0231092626666667,0.0005733193333333,0.0046377376666666,0.0339970866666667
