0.006117287,0.000516148,0.0013130436666666,0.0001750866666666,0.0023095223333333,3.39023333333333e-05,0.001556895,0.0005964483333333,0.0,0.0005052536666666,0.0058584786666666
0.0004997493333333,0.0187833316666667,0.001121019,0.000510557,0.002612695,0.0034157496666666,0.005116207,0.0010021293333333,0.0004085183333333,0.0010159663333333,0.00229734
0.001119373,0.0087505656666666,0.000855098,0.0020597853333333,0.0036342653333333,0.002696448,0.0023575106666666,0.0019610213333333,0.0010785543333333,0.0010916496666666,0.004362131
0.0009687596666666,0.0017550566666666,0.0002225926666666,0.0021486523333333,0.000102995,0.000101604,0.0004433543333333,0.0003311606666666,5.24266666666667e-06,0.0001021403333333,0.001077672
0.001527036,0.0052789396666666,0.000781185,0.0029027503333333,0.0022647123333333,0.000265287,0.0012023956666666,0.0015786173333333,0.0001360223333333,0.00179791,0.0010776856666666
0.00047797,0.0018634143333333,0.000995767,0.00046768,0.001221888,0.0027729006666666,0.000702016,0.0003143506666666,0.000351286,0.0004861813333333,0.001725208
0.003313709,0.0103252986666667,0.001642385,0.0007472866666666,0.0008500076666666,0.000175059,0.002267778,0.0047270856666666,0.0032223623333333,0.002573163,0.0014463036666666
0.0017281906666666,0.0020910173333333,0.003140876,0.0009163416666666,0.002603829,0.000464111,0.0092540143333333,0.0113667753333333,0.000273452,0.0031686503333333,0.0077472803333333
3.34033333333333e-06,0.0,0.0006132856666666,3.33333333333333e-06,4.11906666666667e-05,3.33333333333333e-06,0.0042061416666666,3.09573333333333e-05,0.0008925776666666,0.003655338,1.33333333333333e-05
0.001079218,0.0047313596666666,0.00037164,0.0001848293333333,0.000518676,0.0002372586666666,0.0013529766666666,0.001145696,0.0003806896666666,0.0004421953333333,0.004729052
0.0066331156666666,0.007133299,0.006157098,0.0035904486666666,0.0044920133333333,0.000995414,0.006297661,0.0118918006666667,0.001170924,0.003573645,0.0428352866666667
