0.008890828,0.0046888866666666,0.0008014153333333,0.0010394613333333,0.002741235,0.0005615603333333,0.0022455505,0.0008688906666666,4.28128333333333e-05,0.001387657,0.00352072
0.0035552803333333,0.0134019056666667,0.0025415516666666,0.0015843306666666,0.0063281493333333,0.0023665636666666,0.006891699,0.0029991316666666,0.000466179,0.0035118943333333,0.0043071733333333
0.0006324163333333,0.004934825,0.0020607036666666,0.0024157986666666,0.0018215446666666,0.006562769,0.0020283636666666,0.001273571,0.001803968,0.0046627626666666,0.003020894
0.000697842,0.0019924623333333,0.0003537283333333,0.0014864093333333,0.000564897,0.001362094,0.001209153,0.0005339316666666,7.80833333333333e-05,0.000854497,0.0009640843333333
0.0024308066666666,0.0047387773333333,0.0027595176666666,0.0005465416666666,0.001494707,0.001995556,0.0015925443333333,0.0012634843333333,0.0003525573333333,0.0042359896666666,0.0030512296666666
0.000916102,0.0029659516666666,0.0011562873333333,0.0005195626666666,0.002602471,0.0018824263333333,0.000598031,0.0012698873333333,0.0003044373333333,0.001407218,0.0027287486666666
0.00196076,0.0102238106666667,0.0048033946666666,0.000721094,0.004944362,0.0006276646666666,0.002076779,0.0047981866666666,0.0022460176666666,0.006861405,0.0077200693333333
0.003577664,0.0043599806666666,0.002581452,0.001553056,0.0032030413333333,0.00140288,0.0085966506666666,0.0100689693333333,0.0003397863333333,0.0035989183333333,0.0113160453333333
6.56506666666667e-05,6.66666666666667e-06,0.0004486973333333,3.33333333333333e-06,5.0924e-05,0.0,0.001134355,3.18073333333333e-05,0.0008101026666666,0.0020325066666666,1.4925e-05
0.0024576166666666,0.0035295646666666,0.002316609,0.0009931163333333,0.0051583083333333,0.003360328,0.0054255133333333,0.0014305606666666,0.0005637736666666,0.0040153346666666,0.00455232
0.0142777696666667,0.0103616273333333,0.00840192,0.0041800823333333,0.0075268266666666,0.0041434473333333,0.0085209443333333,0.0224719226666667,0.00083126,0.0064613293333333,0.0301855396666667
