0.0047280793333333,0.0032153666666666,0.0011138606666666,0.0010796063333333,0.002981167,0.000783263,0.0019385046666666,0.0014984606666666,0.0001688153333333,0.0004937293333333,0.0094154933333333
0.0042195476666666,0.0214524866666667,0.0038576913333333,0.002017363,0.0134615446666667,0.0030780966666666,0.0074167326666666,0.00422193,0.000312836,0.0010918263333333,0.0095474063333333
0.0016831676666666,0.0112445926666667,0.0017332126666666,0.0018178543333333,0.0035185703333333,0.003156467,0.0011441433333333,0.003084351,0.001540636,0.001917044,0.0056464443333333
0.000734733,0.003765023,0.000488208,0.0011751063333333,0.0010009656666666,0.0008479083333333,0.0033490296666666,0.0008017186666666,0.0001141463333333,0.0007129453333333,0.000901826
0.004396574,0.021070596,0.002639783,0.0038610566666666,0.004328221,0.0025678843333333,0.0041851416666666,0.0077567833333333,0.0004151076666666,0.0016502093333333,0.0085500746666666
0.0005671273333333,0.006260838,0.0011561486666666,0.00055841,0.0018746246666666,0.001617781,0.000607514,0.0016196203333333,9.43703333333333e-05,0.0003715066666666,0.0028069753333333
0.002417951,0.023451875,0.0027839753333333,0.003310387,0.0068200856666666,0.0019633253333333,0.001764616,0.0129758476666667,0.0020780096666666,0.0046341526666666,0.0161008236666667
0.004464541,0.010145572,0.0049587053333333,0.002324349,0.0113951536666667,0.0036534916666666,0.0084725276666666,0.0410599033333333,0.0017584066666666,0.0038530293333333,0.0252748753333333
0.0001115356666666,0.0013585366666666,0.0009124526666666,7.82163333333333e-05,0.0005220326666666,6.2527e-05,0.0052908066666666,0.0001661193333333,0.0019012136666666,0.006895219,6.996e-05
0.0017166756666666,0.0054310486666666,0.0011211933333333,0.0003758886666666,0.0018851886666666,0.0011484286666666,0.0026799213333333,0.0017686633333333,0.000594621,0.000748228,0.0023258003333333
0.0169048586666667,0.015645997,0.008630588,0.0034355723333333,0.01203045,0.003778377,0.015589896,0.0341003433333333,0.0009889836666666,0.0047448463333333,0.0689804666666667
