0.003328475,0.001079415,0.000313284,0.003968843,0.0014415516666666,6.1481e-05,0.0012901006666666,0.0005519966666666,3.68016666666667e-05,0.000424842,0.0026479886666666
0.0010932076666666,0.0061455853333333,0.003226837,0.0004133566666666,0.002129525,0.0014770656666666,0.0061267986666666,0.0003155013333333,2.2471e-05,0.0006673336666666,0.0018083266666666
0.000410545,0.0056124296666666,0.002929296,0.001759425,0.0047815566666666,0.0019519643333333,0.0005077696666666,0.0016088276666666,0.0007326643333333,0.0021272063333333,0.0052048186666666
0.0017784053333333,0.001073406,0.0001629823333333,0.0006375656666666,4.49763333333333e-05,0.000195627,0.0004007556666666,0.000142152,0.0,8.86706666666667e-05,0.000230385
0.001174817,0.0037045043333333,0.0012004803333333,0.0001769183333333,0.0028221716666666,0.001183448,0.0057351313333333,0.002775282,4.20973333333333e-05,0.0004677503333333,0.0016161226666666
0.0008695183333333,0.0024678416666666,0.001658954,0.000749587,0.0012011633333333,0.001209764,0.0005476973333333,0.000225507,0.0002751026666666,0.0006091996666666,0.0010490753333333
0.001258121,0.0077186893333333,0.000686149,0.000993449,0.0018523616666666,0.000445877,0.0022629816666666,0.0045843523333333,0.001696703,0.004258247,0.0054515123333333
0.0024349526666666,0.0023911136666666,0.0029949573333333,0.0011098953333333,0.0025332293333333,0.001197851,0.0079647946666666,0.0081731136666666,0.0001149973333333,0.002977968,0.003871807
6.66666666666667e-06,1.33333333333333e-05,0.0006330903333333,0.0,0.0006109963333333,0.0,0.0025258163333333,0.0002445133333333,0.0007582676666666,0.0035864943333333,2.15756666666667e-05
0.0008244946666666,0.0015563906666666,0.000409145,0.000293147,0.000532073,0.000666565,0.01317521,0.0009388953333333,0.0006234253333333,0.000639763,0.00052525
0.007374987,0.006783225,0.0067295516666666,0.0011839276666666,0.005246914,0.001371456,0.005359331,0.0167369326666667,0.000161051,0.0041780426666666,0.0195922293333333
