0.004024446,0.0019734906666666,0.0002768946666666,0.002461085,0.0023971736666666,0.0003417283333333,0.0009915755,0.0006771953333333,0.0005515831666666,0.00033425,0.0087923586666666
0.0015762716666666,0.020548944,0.0024730833333333,0.0013964023333333,0.0032509316666666,0.0010217633333333,0.0042168693333333,0.0020635203333333,0.0033522353333333,0.0010120416666666,0.0060138343333333
0.000549557,0.0092676933333333,0.0014983696666666,0.002577336,0.0039595533333333,0.0024275176666666,0.000775254,0.001685549,0.0030632673333333,0.0012317393333333,0.004733715
0.0015492486666666,0.0050401796666666,0.0001691316666666,0.000654062,0.0003103873333333,0.0002767156666666,0.001425471,0.0007024146666666,2.0812e-05,0.0002079496666666,0.000690781
0.0038705903333333,0.0140779683333333,0.000753547,0.000305961,0.0012352103333333,0.0008312383333333,0.0016956516666666,0.00274019,0.0011434946666666,0.0009147073333333,0.0020156586666666
0.0003203963333333,0.004325098,0.0004607656666666,0.0003491706666666,0.0012350516666666,0.000614464,0.0001572923333333,0.0003222166666666,0.000222529,7.47463333333333e-05,0.0011600033333333
0.0026926883333333,0.0189104536666667,0.001754429,0.001518896,0.003812144,0.0008832566666666,0.0038036573333333,0.0093782296666666,0.0019902993333333,0.0034848926666666,0.016678568
0.004814442,0.008724587,0.0037001656666666,0.000911479,0.004146507,0.0011362423333333,0.0035205746666666,0.0217742123333333,0.0033714686666666,0.0029369403333333,0.0106811846666667
2.96853333333333e-05,0.0002042913333333,0.0003919826666666,1e-05,9.21443333333333e-05,0.0001346363333333,0.0003827826666666,0.0033054496666666,0.005381994,0.004481067,0.0005691883333333
0.0012728746666666,0.0042916493333333,0.0004654156666666,0.0002823526666666,0.001054352,0.0001435793333333,0.0015864866666666,0.0039999193333333,0.0030145856666666,0.000683622,0.0010936266666666
0.0126295473333333,0.0183883926666667,0.00673149,0.0028679966666666,0.0029944853333333,0.002700441,0.0117143933333333,0.0167970086666667,0.0011990313333333,0.004259408,0.05416606
