0.005895894,0.0016748566666666,0.0002586123333333,5.89286666666667e-05,0.0013317123333333,0.0001872546666666,0.0004979886666666,0.000390953,6.66666666666667e-06,0.0003343616666666,0.0034753966666666
0.001405663,0.007300174,0.001259796,0.0014462856666666,0.0025163836666666,0.0020250886666666,0.0034292506666666,0.00292279,2.12946666666667e-05,0.0013031926666666,0.002032972
0.000638724,0.0050065066666666,0.001728684,0.002877427,0.0042529763333333,0.0030967623333333,0.00102892,0.0021259006666666,0.000926425,0.00088328,0.0049509053333333
0.000357289,0.000634683,0.000581169,0.0020865443333333,6.6051e-05,0.0002010753333333,0.00059246,0.0002912753333333,6.66666666666667e-06,7.59386666666667e-05,0.0011004353333333
0.0023430966666666,0.0055927016666666,0.0017935716666666,6.55186666666667e-05,0.0040017193333333,0.0006915443333333,0.001593503,0.0005577876666666,2.5174e-05,0.001027839,0.000757749
0.0004996136666666,0.000789671,0.0007120003333333,0.00077327,0.0016128483333333,0.00113929,0.0005713943333333,0.000184961,0.0003245013333333,0.0001467373333333,0.0013862303333333
0.002182154,0.005164423,0.0013160263333333,0.0003731676666666,0.0015209096666666,0.000390365,0.0017893573333333,0.002649859,0.0034157473333333,0.003901101,0.0096202926666666
0.0021502283333333,0.0019798933333333,0.0030326073333333,0.000702875,0.0009358303333333,0.0004973976666666,0.006407452,0.0083913976666666,6.80173333333333e-05,0.0030024516666666,0.0055226526666666
9.20166666666667e-05,3.33333333333333e-06,0.0010405406666666,0.0,2.8256e-05,3.33333333333333e-06,0.005007645,9.75766666666667e-06,0.0010387496666666,0.0045673143333333,3.33333333333333e-06
0.00082365,0.001934009,0.0001537026666666,0.000145587,0.0006958753333333,0.0003310373333333,0.001238519,0.001475641,0.0011074813333333,0.0004513196666666,0.0004732173333333
0.011800634,0.0078380953333333,0.0080873996666666,0.0022364813333333,0.0044905713333333,0.003250867,0.0113596316666667,0.019900406,0.0002517886666666,0.003276614,0.0256483693333333
