0.0033508913333333,0.001694031,0.0004545873333333,0.0003819736666666,0.0027149253333333,0.0004427746666666,0.0021738231666666,0.0008261326666666,1.34505e-05,0.000678747,0.0035435686666666
0.002041727,0.0110442283333333,0.0033991076666666,0.000751194,0.003131352,0.001719172,0.0104314026666667,0.0005828396666666,0.000484429,0.001279082,0.0040842703333333
0.0004110243333333,0.006116913,0.001299039,0.0024084093333333,0.005808883,0.0032776756666666,0.0014815663333333,0.0022491623333333,0.0006796466666666,0.0014450253333333,0.005307743
0.0010838603333333,0.0012057093333333,0.0002222786666666,0.0006928256666666,0.0001693983333333,0.000452501,0.002162193,0.0004818546666666,4.80863333333333e-05,0.0002163743333333,0.0034886313333333
0.00229399,0.015321805,0.0027114176666666,0.0004728573333333,0.0027195196666666,0.000857054,0.005165282,0.0035374986666666,0.0003548193333333,0.0022861563333333,0.0020572293333333
0.0004322253333333,0.0020562706666666,0.0021285173333333,0.000904686,0.0025997793333333,0.0006967203333333,0.0009712866666666,0.0003930713333333,0.0005248423333333,0.0004218096666666,0.0013823886666666
0.0017266026666666,0.012620991,0.001671621,0.0010562626666666,0.0043831123333333,0.0013664726666666,0.002220911,0.0042464383333333,0.0014684336666666,0.0046789076666666,0.005836255
0.0039781703333333,0.0063486183333333,0.002966744,0.0010277373333333,0.0036924266666666,0.001679072,0.0104342173333333,0.0109201636666667,0.0003986586666666,0.0047756383333333,0.0101819676666667
1.38176666666667e-05,3.00356666666667e-05,0.0029724903333333,0.000142301,0.0002166886666666,3.33333333333333e-06,0.0049024926666666,0.0003342593333333,0.0010356856666666,0.006891031,0.0005095576666666
0.001084972,0.0020233663333333,0.000621907,0.0004185466666666,0.0014659686666666,0.0004433276666666,0.0038961996666666,0.0010652323333333,0.000330219,0.000517585,0.0016271343333333
0.0168773306666667,0.011676673,0.0101208516666667,0.00273473,0.0033142006666666,0.001475764,0.014423171,0.017284147,0.000223232,0.004258089,0.0284493673333333
