0.002078237,0.0005864623333333,0.0003938283333333,0.0001104706666666,0.001441523,0.0004308283333333,0.001300739,0.0010171413333333,3.67536666666667e-05,0.000434674,0.004470186
0.000705481,0.015443521,0.002028499,0.00044136,0.003257448,0.000511018,0.009360751,0.0023973256666666,0.000206549,0.0008179473333333,0.001443636
0.0001529096666666,0.006231306,0.0026773403333333,0.0016683136666666,0.0030572433333333,0.001683462,0.0003777453333333,0.0018307343333333,0.000931803,0.0008329893333333,0.003893982
0.0004941076666666,0.0016360513333333,0.0003619196666666,0.001107105,6.49173333333333e-05,0.000883617,0.0011847376666666,0.0002263826666666,2.37313333333333e-05,0.0001748573333333,0.0009680443333333
0.002231032,0.0077940026666666,0.0013990783333333,0.002785722,0.0011214176666666,0.0010002933333333,0.002513591,0.0023434443333333,5.4771e-05,0.001765492,0.0022045183333333
0.00023093,0.002816035,0.0011177786666666,0.0002907296666666,0.0011924983333333,0.0010472036666666,0.0005990373333333,0.0005586013333333,0.0002517896666666,0.0005101233333333,0.001324594
0.0014994956666666,0.011291664,0.000595277,0.0005766023333333,0.0007236993333333,0.0002355626666666,0.0020345593333333,0.0063443126666666,0.003997911,0.0018742183333333,0.0022021926666666
0.0012419826666666,0.002550126,0.002842654,0.0006523696666666,0.0040390783333333,0.0005390996666666,0.008199746,0.009594696,0.0001801263333333,0.0035671443333333,0.0062647463333333
3.33333333333333e-06,3.33333333333333e-06,0.0008465293333333,0.0,3.05643333333333e-05,3.33333333333333e-06,0.0028929006666666,2.0472e-05,0.0012102466666666,0.0032352956666666,6.34976666666667e-05
0.000877264,0.0056334546666666,0.0005843903333333,0.0001247323333333,0.0007011276666666,0.0003286066666666,0.0015511693333333,0.0007884546666666,0.000261536,0.0019558413333333,0.006661066
0.0103890653333333,0.00690837,0.005442313,0.003996143,0.004423205,0.0009601586666666,0.007597876,0.013388785,0.000511433,0.004596555,0.0325507933333333
