0.0014044363333333,0.0026470423333333,0.000914399,0.000695816,0.0026169603333333,0.0005182033333333,0.0016824231666666,0.0023053883333333,5.82171666666667e-05,0.001332106,0.006163565
0.0026656646666666,0.010775158,0.0029945076666666,0.0026314363333333,0.0080008713333333,0.0028109913333333,0.0051946016666666,0.0035041313333333,0.000941683,0.0023030756666666,0.0034241453333333
0.0007090236666666,0.0091992173333333,0.002079586,0.002705568,0.0032752303333333,0.0015106653333333,0.0014844236666666,0.0024482036666666,0.0008984063333333,0.0016713873333333,0.0075631506666666
0.0005581686666666,0.00454569,0.0004979726666666,0.0018530723333333,0.0014141963333333,0.000395259,0.001515432,0.000581114,0.0001216556666666,0.0005467886666666,0.0004961206666666
0.0014097546666666,0.0147951583333333,0.0027358856666666,0.000973797,0.003192581,0.0012325053333333,0.0035982693333333,0.0043500023333333,0.0003377173333333,0.003003005,0.0027290086666666
0.0009027253333333,0.0037212713333333,0.0012756856666666,0.0006065536666666,0.001319406,0.000809386,0.001279954,0.000921811,0.000106316,0.0007179073333333,0.001082892
0.0032707426666666,0.011220788,0.0036841263333333,0.0013348813333333,0.0059653136666666,0.001162035,0.0031919366666666,0.0041387606666666,0.000827361,0.0037381753333333,0.005365735
0.0037037936666666,0.0083514266666666,0.0044673403333333,0.003222724,0.0067571836666666,0.0033321703333333,0.0098219973333333,0.02064251,0.0008558366666666,0.0053619203333333,0.0182452603333333
3.95303333333333e-05,0.0006367296666666,0.0002970253333333,0.0001105293333333,0.0002378276666666,4.68043333333333e-05,0.0038856533333333,0.0003229246666666,0.0015015593333333,0.006381036,4.2177e-05
0.000875121,0.0049501523333333,0.001261724,0.0006704893333333,0.001558822,0.0007173783333333,0.0042495226666666,0.0021849676666666,0.000822714,0.0005015663333333,0.0008871143333333
0.0137407056666667,0.0106397573333333,0.008350677,0.003723548,0.0081205406666666,0.0029743796666666,0.0096799186666666,0.0226780076666667,0.0004834313333333,0.0046425233333333,0.0350041333333333
