0.0060371013333333,0.002480368,0.000742217,0.003152607,0.003398571,0.000582263,0.002677508,0.0022599763333333,0.0001104176666666,0.0030284716666666,0.005834918
0.0084948746666666,0.0167226676666667,0.0020258216666666,0.0016830456666666,0.0106126423333333,0.0040744253333333,0.0046954096666666,0.00273714,0.0008108723333333,0.0032593166666666,0.0124660876666667
0.0023224586666666,0.0053327503333333,0.001941134,0.0018564266666666,0.0024449616666666,0.0025338126666666,0.0021330463333333,0.0015288763333333,0.001048813,0.002600181,0.0041469726666666
0.0006912266666666,0.0025035626666666,0.0002883906666666,0.0021865,0.0014939013333333,0.0013079496666666,0.0008327336666666,0.0009995846666666,0.000121342,0.0012763656666666,0.0021245456666666
0.0019325086666666,0.01053351,0.0012782966666666,0.0008720316666666,0.006395505,0.0018431303333333,0.0031307463333333,0.0043527683333333,0.0003224466666666,0.004019228,0.003684629
0.0021132183333333,0.002976209,0.00123034,0.0005382236666666,0.0020477473333333,0.0012781336666666,0.0008893976666666,0.000928318,0.000403576,0.0012797676666666,0.0017638896666666
0.0024977753333333,0.016448103,0.001821917,0.0010448346666666,0.0029963076666666,0.0006619533333333,0.0022431713333333,0.0061932363333333,0.0030602123333333,0.0116345096666667,0.0114039886666667
0.005434207,0.0092309793333333,0.002147925,0.001999899,0.0069663446666666,0.0028955756666666,0.0106988866666667,0.028238178,0.0016805196666666,0.0057948326666666,0.0207933123333333
7.35053333333333e-05,1.33333333333333e-05,0.0028701836666666,0.0,5.93726666666667e-05,3.6139e-05,0.0022481493333333,1e-05,0.001175435,0.0025668646666666,1.33333333333333e-05
0.003793455,0.0087427673333333,0.001797657,0.0029120546666666,0.005640442,0.0031433726666666,0.0080120236666666,0.0020750586666666,0.000666761,0.003870521,0.006438585
0.0128386356666667,0.0140515656666667,0.0078107616666666,0.0046921146666666,0.0066561683333333,0.0029660903333333,0.015489763,0.030829929,0.0004409406666666,0.00847734,0.0293224266666667
