0.0033509636666666,0.004503989,5.687e-06,0.005624797,0.0047692313333333,0.0006512686666666,0.0,0.002039407,6.66666666666667e-06,6.23156666666667e-05,0.0058402783333333
0.0039594553333333,0.0112928833333333,0.002647647,0.0108929703333333,0.0074646213333333,0.002971046,0.0,0.0079826136666666,0.0,0.0001597143333333,0.0084332393333333
0.001606274,0.0074743206666666,0.001305031,0.0069499196666666,0.0048950066666666,0.001852576,0.0,0.001854913,0.0013850573333333,0.000183428,0.0064341093333333
0.0065369416666666,0.0002740216666666,1.3927e-05,0.0198566456666667,6.66666666666667e-06,2.3689e-05,0.0,0.0007157703333333,3.33333333333333e-06,2.5715e-05,0.0157615093333333
0.004123891,0.019523798,0.0022385306666666,0.008816615,0.004530269,0.0030896213333333,6.66666666666667e-06,0.013536952,0.000607174,0.0001601006666666,0.006829148
0.00079167,0.003799009,0.001063513,0.0041501866666666,0.0022232076666666,0.0016484693333333,0.0,0.0018378156666666,0.0,3.9008e-05,0.0026397306666666
0.0052830923333333,0.000763592,0.0024700996666666,0.018976358,0.0001733303333333,2.5669e-05,0.0025422976666666,0.0086741086666666,0.0014818813333333,0.0038514723333333,0.0121243533333333
0.0050858196666666,0.0148680636666667,0.004730435,0.018598172,0.007563262,0.0025687716666666,6.66666666666667e-06,0.030965397,3.33333333333333e-06,0.0011605396666666,0.0211054393333333
0.0001260693333333,1e-05,0.0005407356666666,0.0010147116666666,3.33333333333333e-06,6.03763333333333e-05,0.0046994346666666,0.000888913,0.00178243,0.0066650376666666,9.95546666666667e-05
0.0012143673333333,0.0026972066666666,0.0008258156666666,0.0053778766666666,2.77306666666667e-05,0.0010066573333333,0.0039095823333333,0.002294333,0.0010105703333333,0.0007787353333333,0.00427677
0.0174690596666667,0.0195300406666667,0.000468153,0.03974022,0.0056978883333333,0.0019450133333333,3.33333333333333e-06,0.025260966,1.49576666666667e-05,0.000361616,0.0427429266666667
