0.0051406213333333,0.0009427333333333,0.000292927,0.000103098,0.001754486,6.4354e-05,0.0020116703333333,0.0005843243333333,0.0,0.0004322206666666,0.0051646646666666
0.0006479003333333,0.0123642296666667,0.001360586,0.0005459433333333,0.0013411956666666,0.0006186806666666,0.004263469,0.0029633996666666,0.0004145883333333,0.0012041586666666,0.0018793546666666
0.0007241563333333,0.0067945446666666,0.001145044,0.0026536566666666,0.0030820276666666,0.0027475943333333,0.0017452523333333,0.0026821253333333,0.0009467593333333,0.0007302606666666,0.005419275
0.001634212,0.0019482843333333,0.0001250783333333,0.0017571583333333,8.9778e-05,0.0001004183333333,0.000597963,0.0009355443333333,7.56773333333333e-05,0.0001448336666666,0.0005101156666666
0.0004682956666666,0.008565252,0.0018986876666666,0.000177508,0.0023269866666666,0.0001795736666666,0.0015695556666666,0.0016568733333333,0.0008489216666666,0.001444106,0.0022163063333333
0.0003660956666666,0.002662962,0.002738406,0.0003798253333333,0.0014206903333333,0.001110877,0.000692675,0.000286747,0.0004644413333333,0.0003453443333333,0.001250166
0.001688154,0.0127341576666667,0.0010337236666666,0.00109285,0.0011881396666666,0.0002466566666666,0.002729252,0.0052589156666666,0.0033212746666666,0.003282244,0.009703741
0.0012651236666666,0.0052417836666666,0.0029586166666666,0.0009784366666666,0.0017311856666666,0.000631743,0.008239303,0.0103102476666667,0.00045398,0.0021823633333333,0.003976667
0.0001509766666666,6.66666666666667e-06,0.0001661043333333,0.0,2.39136666666667e-05,3.33333333333333e-06,0.004575915,0.0071722603333333,0.002142652,0.005584531,5.216e-05
0.0010766066666666,0.0023721036666666,0.0004119763333333,0.0001752393333333,0.000747226,0.0001358916666666,0.0021241226666666,0.0012447956666666,0.0011246226666666,0.0004908126666666,0.0010587866666666
0.0093252213333333,0.0108466703333333,0.0057852693333333,0.0034728656666666,0.003379062,0.001473095,0.0121925093333333,0.017666403,0.0011132186666666,0.003915483,0.0343858766666667
