0.0032485403333333,0.0009356453333333,0.000886195,0.0015860693333333,0.0016101683333333,0.0001472143333333,0.0022544193333333,0.0009467953333333,6.66666666666667e-06,0.000815126,0.0036425183333333
0.0017336476666666,0.0075287996666666,0.003709437,0.0008608816666666,0.002649587,0.001079235,0.0105396283333333,0.0012039033333333,0.0002169363333333,0.000848174,0.0019683153333333
0.0006910013333333,0.0047156353333333,0.002717541,0.0020166466666666,0.0052309283333333,0.002580149,0.0015905846666666,0.001963347,0.0008903926666666,0.0020937176666666,0.004481501
0.0005459816666666,0.0019068796666666,0.0001188343333333,0.0004849283333333,6.93106666666667e-05,0.0002341486666666,0.001926262,0.000412561,0.0,0.0004022483333333,0.0001687903333333
0.0021134293333333,0.0052001816666666,0.0017651203333333,0.0005231933333333,0.001252685,0.001372835,0.005024289,0.0012919843333333,0.0002572076666666,0.0019899186666666,0.0012322543333333
0.0002892933333333,0.0017322373333333,0.001312703,0.000860443,0.0013566053333333,0.0013596133333333,0.0008535633333333,0.0001906946666666,0.000279928,0.0004945916666666,0.001155677
0.001697529,0.012337908,0.003942883,0.0006477573333333,0.0049536,0.0006805546666666,0.0041690723333333,0.00476612,0.0018679513333333,0.006482828,0.008255685
0.0024961533333333,0.0061504516666666,0.003684565,0.0012811506666666,0.0020630896666666,0.0010142013333333,0.0065964976666666,0.0105913343333333,0.0001742766666666,0.0025881913333333,0.0100803233333333
0.0,0.0001902546666666,0.0008609383333333,5.48e-06,4.10306666666667e-05,0.0,0.003582356,2.9196e-05,0.0012304846666666,0.0036300376666666,3.3306e-05
0.0013540876666666,0.0012970493333333,0.0004931966666666,0.0001755223333333,0.0009511576666666,0.0003264093333333,0.0610591,0.000906801,0.0010462413333333,0.00068828,0.0011916916666666
0.0121250736666667,0.014010976,0.0069783693333333,0.002032537,0.0043594593333333,0.001885295,0.0088594716666666,0.0143639333333333,0.000647838,0.005257411,0.0226019993333333
