0.0058729423333333,0.001996687,0.0004525053333333,0.0006082056666666,0.0017058056666666,0.000298935,0.002023047,0.0007751326666666,4.66233333333333e-05,0.000427635,0.0041679013333333
0.0021954026666666,0.0136854006666667,0.001369615,0.0059133923333333,0.00514266,0.0013570896666666,0.0062301506666666,0.0021632996666666,0.0002366963333333,0.0023147233333333,0.003195156
0.000650135,0.011029361,0.0012186876666666,0.0024330243333333,0.0033663523333333,0.0019698693333333,0.0006287143333333,0.0016537636666666,0.0011536716666666,0.0011394756666666,0.004336652
0.0007252676666666,0.001921477,0.0002251793333333,0.0005847976666666,0.0004562713333333,0.0001515283333333,0.000223912,0.0004407613333333,5.16346666666667e-05,0.0002091956666666,0.000530299
0.001570738,0.01295862,0.000767127,0.0005140333333333,0.0023829813333333,0.000621302,0.0032430616666666,0.0064450523333333,0.0001893966666666,0.0010722196666666,0.0044891876666666
0.0002132773333333,0.0035091956666666,0.0007534016666666,0.0004051356666666,0.0013868883333333,0.001281877,0.0004287036666666,0.000454052,8.06566666666667e-06,0.0001654573333333,0.002149754
0.0030762926666666,0.009987005,0.0007417406666666,0.000496189,0.0027392696666666,0.0009523033333333,0.0012781796666666,0.0072547466666666,0.000676174,0.0039363263333333,0.008968152
0.0015438296666666,0.0061811853333333,0.003796998,0.001333056,0.0032449213333333,0.0014982663333333,0.0075289413333333,0.0201224016666667,0.0003389443333333,0.0030008756666666,0.010321829
1.48883333333333e-05,0.0001729573333333,0.0001603663333333,4.2092e-05,2.60883333333333e-05,1e-05,0.0035712766666666,0.0001451946666666,0.0016615843333333,0.0054296696666666,2.34263333333333e-05
0.000582687,0.0024021846666666,0.0001786203333333,0.0002729426666666,0.0006855303333333,0.000341943,0.002491332,0.001035865,0.000690574,0.0005786013333333,0.0017155583333333
0.0077695446666666,0.007828515,0.0067888533333333,0.001160682,0.0093109126666666,0.0023705003333333,0.0106317243333333,0.019450958,0.0005353913333333,0.003434664,0.0278062463333333
