0.0031425563333333,0.0021041653333333,0.0011336233333333,0.002293236,0.0033787293333333,0.0004454393333333,0.0025658901666666,0.0008188153333333,3.11568333333333e-05,0.000627151,0.003278608
0.0021254883333333,0.0150276863333333,0.003311972,0.0016193673333333,0.003674322,0.000813252,0.006713047,0.001167987,0.0001491156666666,0.0015900023333333,0.0042292636666666
0.0007809523333333,0.008353591,0.00262053,0.0035854046666666,0.0044182303333333,0.0035022053333333,0.0044107136666666,0.0034296856666666,0.0019504426666666,0.0034529843333333,0.005799663
0.0026042903333333,0.0013763453333333,0.0002935086666666,0.0003930273333333,0.000710168,0.000529136,0.001625749,0.001149716,6.72166666666667e-06,0.0004148636666666,0.0008391343333333
0.001630621,0.0118007676666667,0.0020020806666666,0.00170219,0.009068313,0.0012471913333333,0.0030553806666666,0.0045219413333333,0.000277958,0.0021299456666666,0.0039835033333333
0.000257082,0.0026593166666666,0.001308773,0.0018611756666666,0.0017790593333333,0.000911885,0.0008246233333333,0.000221084,0.0003067683333333,0.000754109,0.00111793
0.0026463576666666,0.0140405093333333,0.0023048206666666,0.0034478823333333,0.0054148046666666,0.0011447453333333,0.0021279093333333,0.0046184803333333,0.0016040536666666,0.004830005,0.0087597706666666
0.0030383726666666,0.004171697,0.004247918,0.0016751493333333,0.0029079013333333,0.0010058053333333,0.01052583,0.0179048483333333,0.0004496153333333,0.002316091,0.0076490503333333
3.33333333333333e-06,6.31146666666667e-05,0.0040738003333333,0.0,5.8283e-05,1e-05,0.0034454393333333,6.21063333333333e-05,0.000858646,0.0051120823333333,2.77086666666667e-05
0.0011020776666666,0.0019150273333333,0.0009679223333333,0.0008263416666666,0.0017022256666666,0.0011798943333333,0.006055709,0.0017210403333333,0.0026994293333333,0.000835253,0.001314772
0.013503544,0.007697081,0.008281462,0.002755535,0.0054371366666666,0.0017788156666666,0.0086614716666666,0.0182692573333333,0.0002813003333333,0.004401224,0.03336284
