0.003369375,0.0055262123333333,0.0,0.0064236636666666,0.004683225,0.000557985,0.0,0.001652348,0.0,4.3592e-05,0.0081828836666666
0.003755405,0.014947755,0.0021734896666666,0.0187500753333333,0.0120300636666667,0.0047908553333333,5.8489e-05,0.0060070196666666,3.33333333333333e-06,0.000253629,0.008060385
0.0005150936666666,0.0069098896666666,0.0024792956666666,0.0051615053333333,0.00429557,0.0018628666666666,0.0,0.002293743,0.001135651,3.37383333333333e-05,0.0033909923333333
0.0037254426666666,0.0001709186666666,0.0,0.0184552683333333,1.16953333333333e-05,0.0,0.0,0.0013168726666666,3.33333333333333e-06,1.726e-05,0.014409934
0.002104511,0.0205132983333333,0.0019883436666666,0.012704701,0.0092124393333333,0.0009659983333333,3.33333333333333e-06,0.0084844846666666,7.86733333333333e-05,0.000163536,0.0044077143333333
0.001032277,0.004120345,0.0010056703333333,0.0029299686666666,0.0025512523333333,0.0007160976666666,0.0,0.001025737,0.0,1.62283333333333e-05,0.0033076543333333
0.002880889,0.0007331353333333,0.0019022096666666,0.028837893,4.64513333333333e-05,0.0003952263333333,0.003123665,0.0129351183333333,0.0006690653333333,0.004504097,0.01322493
0.0062986613333333,0.014507048,0.0045836813333333,0.0240507743333333,0.0103643043333333,0.0026979156666666,8.36473333333333e-05,0.0344246066666667,0.0,0.0010879576666666,0.0196224103333333
6.7824e-05,3.30956666666667e-05,0.0009005186666666,0.001161351,0.0,3.57563333333333e-05,0.0052341593333333,0.0004968816666666,0.000981882,0.003688994,0.0001805033333333
0.0010671533333333,0.0001946546666666,0.0007240226666666,0.0037341166666666,0.0,0.000771829,0.003269249,0.0018803476666666,0.000549256,0.000919997,0.0057874283333333
0.0162337616666667,0.0197237256666667,0.0,0.0295376453333333,0.0088780843333333,0.0023055986666666,2.6236e-05,0.023980098,3.33333333333333e-06,0.0006391753333333,0.0270712816666667
