0.0034595086666666,0.0005410326666666,0.000403657,0.001039912,0.0025256596666666,0.0001738353333333,0.0019899433333333,0.0005340083333333,6.23e-05,0.0011827126666666,0.004033484
0.0008773183333333,0.006715243,0.0007419886666666,0.0006492736666666,0.0015344166666666,0.0020159026666666,0.003207794,0.0013464466666666,3.96833333333333e-05,0.0006415833333333,0.0016393816666666
0.0006375916666666,0.0066083876666666,0.0020946883333333,0.0022678213333333,0.0035324473333333,0.00201489,0.0025193416666666,0.001449716,0.0007234263333333,0.0037217033333333,0.0050138463333333
0.0003144213333333,0.0014006803333333,7.93106666666667e-05,0.0026083926666666,0.0003609223333333,0.0001661586666666,0.0003753333333333,0.000607848,0.0,0.00016053,0.0002196203333333
0.000822366,0.0048333723333333,0.0007125216666666,3.23803333333333e-05,0.0016220406666666,0.0001957563333333,0.003147395,0.0010822473333333,6.66666666666667e-06,0.0021888373333333,0.0102238193333333
0.0003382666666666,0.002212232,0.002233736,0.000627119,0.0026946376666666,0.0017522553333333,0.0005514226666666,0.0003154666666666,0.0003049306666666,0.0003520623333333,0.0007372606666666
0.0024738793333333,0.0182158923333333,0.000718499,0.0002176193333333,0.0014606453333333,0.0001491926666666,0.0019566236666666,0.00409095,0.002815847,0.003852117,0.0056341163333333
0.001368602,0.00376193,0.0025608393333333,0.0008941386666666,0.0013433626666666,0.0007570083333333,0.009743538,0.0121492356666667,0.0014447126666666,0.0037825736666666,0.0091580293333333
3.33333333333333e-06,0.0,0.0003649803333333,0.0,4.39383333333333e-05,6.66666666666667e-06,0.0049586196666666,6.66666666666667e-06,0.0012461726666666,0.004993541,3.33333333333333e-06
0.0008638883333333,0.0023456133333333,0.0004740533333333,0.000493323,0.0007628606666666,0.0003600476666666,0.0025933593333333,0.000747221,0.0013144816666666,0.0005226183333333,0.0004209873333333
0.010215532,0.01367314,0.0066731213333333,0.0017765493333333,0.004617987,0.0016599323333333,0.0076129166666666,0.0159813523333333,0.000502575,0.003586915,0.0276766603333333
