0.0027283823333333,0.001694539,0.000589466,0.0002137976666666,0.0029764243333333,0.000304595,0.0017848268333333,0.0011690966666666,0.0015270991666666,0.000985467,0.0085154726666666
0.001420146,0.023874683,0.0019769756666666,0.0013951743333333,0.004124405,0.0021750066666666,0.006133246,0.003332634,0.0008274943333333,0.002367971,0.0053407786666666
0.0008657343333333,0.0108335673333333,0.001574962,0.0018021753333333,0.004199134,0.002436707,0.001725026,0.0028821583333333,0.0012791243333333,0.0010953586666666,0.0081620243333333
0.000113566,0.0033320533333333,0.000211769,0.001293209,0.001271314,0.0002385,0.0008414703333333,0.000449957,0.0002241856666666,0.0004601666666666,0.0004129396666666
0.0032970216666666,0.021127525,0.0022064343333333,0.000427839,0.0063861186666666,0.0030784996666666,0.0031015633333333,0.0032986763333333,0.0010422783333333,0.0019679293333333,0.0020945
0.0006783776666666,0.0053700796666666,0.0014791583333333,0.0005389993333333,0.001599521,0.0009210446666666,0.0012026243333333,0.0013098526666666,0.0002023246666666,0.0006215296666666,0.00090758
0.0014727753333333,0.02121049,0.0015540373333333,0.0019451686666666,0.0038920673333333,0.0009677586666666,0.0012908546666666,0.0065569846666666,0.001129942,0.003972567,0.008955019
0.0033165606666666,0.01180607,0.004265843,0.0040811763333333,0.0041419483333333,0.0024272766666666,0.00986222,0.0256529983333333,0.0013041993333333,0.003672924,0.015667882
5.16566666666667e-05,0.0006410506666666,0.0007729986666666,5.6001e-05,0.000225614,5.90633333333333e-05,0.004909192,0.00024414,0.0017698856666666,0.0057899143333333,5.06753333333333e-05
0.0010224896666666,0.007767516,0.000636318,0.0004426693333333,0.000907438,0.000388739,0.0029749243333333,0.0024677013333333,0.0009941706666666,0.0009999856666666,0.0007960063333333
0.013014819,0.0131376126666667,0.0083741943333333,0.0010786426666666,0.003560672,0.002370114,0.0105471076666667,0.0225218633333333,0.001306935,0.0048045843333333,0.04521943
