0.0003849923333333,0.0012253466666666,0.0001728813333333,0.0005610276666666,0.001576062,0.000170242,0.001813528,0.000684629,4.40906666666667e-05,0.0006618873333333,0.0099358186666666
0.0043053866666666,0.018052199,0.0029780756666666,0.0007398486666666,0.0052196326666666,0.001349317,0.0097068106666666,0.0026929,0.0003040376666666,0.001295409,0.003079127
0.0002527153333333,0.013524854,0.001687886,0.0012202446666666,0.0033439403333333,0.0016078533333333,0.0032067696666666,0.0028839796666666,0.0015316386666666,0.001362946,0.0048774233333333
0.0001551043333333,0.002299474,8.25433333333333e-05,0.0001691956666666,0.000420407,0.0002145666666666,0.0007416006666666,0.000195084,6.66666666666667e-06,0.000251617,0.0004610323333333
0.0031567763333333,0.0170842586666667,0.0012585926666666,0.0003915616666666,0.0006608483333333,0.0009639086666666,0.003983282,0.00268529,0.000162368,0.0007353216666666,0.002187522
0.0001579196666666,0.002537863,0.000536059,0.0001809813333333,0.001053846,0.0009183173333333,0.000553866,0.000359313,7.7558e-05,0.0005554596666666,0.0012201646666666
0.001235759,0.019851871,0.0025998756666666,0.000717834,0.004147634,0.000724829,0.001818392,0.0098377303333333,0.0008764863333333,0.005254342,0.012738978
0.003874817,0.0069645723333333,0.0039573606666666,0.0013669306666666,0.004985669,0.0021228,0.0137392073333333,0.0274536443333333,0.0011696053333333,0.003329843,0.0133157426666667
0.001487228,0.000211486,0.000556977,1.3619e-05,2.33043333333333e-05,3.33333333333333e-06,0.0043697956666666,0.008761883,0.002356868,0.00483633,8.115e-05
0.000799815,0.0046299386666666,0.000395571,0.0001309346666666,0.0007728683333333,0.0002693686666666,0.0027233006666666,0.001131622,0.001365227,0.0008683766666666,0.0006150543333333
0.010893954,0.0097623293333333,0.0071370536666666,0.0011813326666666,0.008067258,0.002853233,0.015541606,0.0112845263333333,0.0002054483333333,0.0043514066666666,0.04513772
