0.0033197196666666,0.0021617116666666,0.0006689623333333,0.00039936,0.0020216046666666,0.0004214373333333,0.0034868016666666,0.0010305786666666,7.34233333333333e-05,0.001166199,0.0032309586666666
0.002913705,0.010465073,0.0036690406666666,0.001638992,0.0067526986666666,0.001899285,0.011050863,0.003148909,0.0003945116666666,0.002559669,0.00407915
0.0005940886666666,0.0078999153333333,0.001108652,0.0019992,0.0039588823333333,0.001928914,0.0011395396666666,0.0032181883333333,0.000988247,0.0010440933333333,0.005740515
0.0005078316666666,0.003774205,0.0006000786666666,0.0014268973333333,0.001197555,0.000682599,0.000961261,0.0010363276666666,9.58923333333333e-05,0.0004798276666666,0.001841297
0.0024144736666666,0.013579947,0.0014468063333333,0.0013788213333333,0.0052519663333333,0.001606924,0.0082923743333333,0.010362769,0.000267165,0.0017198076666666,0.0058043533333333
0.000753719,0.003871047,0.0011886013333333,0.0006744436666666,0.0036070316666666,0.001172169,0.0009596763333333,0.0011110606666666,9.35073333333333e-05,0.0002469956666666,0.0026912896666666
0.0018087196666666,0.0105383073333333,0.0015126506666666,0.00457433,0.0054660126666666,0.0023204043333333,0.0022346296666666,0.0114435146666667,0.002079095,0.003812145,0.0126533543333333
0.0053130866666666,0.010835983,0.0051797193333333,0.002076902,0.0076372096666666,0.0037501886666666,0.013741494,0.0302840553333333,0.000433868,0.0051946313333333,0.032725599
2.2688e-05,0.000190862,5.50423333333333e-05,3.731e-05,0.0007494083333333,4.80513333333333e-05,0.0041422726666666,0.0001650093333333,0.001506219,0.0062814043333333,0.0001076666666666
0.0008491416666666,0.002485867,0.0006792353333333,0.000559021,0.0011150083333333,0.000715854,0.004200966,0.0014994986666666,0.000414105,0.0003895286666666,0.0010849363333333
0.0116432933333333,0.0107837936666667,0.007362045,0.004481345,0.0052347403333333,0.001946899,0.0156903383333333,0.0227964283333333,0.0001948756666666,0.0050501226666666,0.024720582
