0.001811257,0.0043977993333333,0.0010148656666666,0.0005171303333333,0.0033863156666666,0.0007964646666666,0.0019315738333333,0.0018130896666666,0.0001903761666666,0.0006738643333333,0.0108163406666667
0.0015330933333333,0.0076120286666666,0.0022634906666666,0.00279382,0.0047727493333333,0.0014745543333333,0.0037730116666666,0.0012778813333333,0.0001861503333333,0.0007303513333333,0.001608134
0.0008261696666666,0.008414703,0.0021234156666666,0.001763416,0.003686431,0.002324316,0.001085778,0.003278354,0.0012344146666666,0.0014527766666666,0.0067565613333333
0.0005070053333333,0.0047325986666666,0.000489043,0.000761915,0.0009801783333333,0.0003606066666666,0.0133561036666667,0.0023315163333333,0.000379532,0.000310988,0.0011530333333333
0.003652146,0.0137081923333333,0.0031993586666666,0.0008606453333333,0.005152278,0.003126773,0.0042100503333333,0.0052689203333333,0.0006631703333333,0.0013359906666666,0.0045703006666666
0.000680719,0.0042619313333333,0.0009819203333333,0.000617373,0.001235491,0.000872465,0.000741309,0.000864183,0.0001702406666666,0.000411837,0.001659367
0.0021625533333333,0.01976914,0.0015514506666666,0.001554577,0.0055405956666666,0.001364257,0.0023623013333333,0.007861121,0.0019025343333333,0.00372179,0.0114871373333333
0.004457643,0.0096351986666666,0.004705287,0.004852905,0.008369076,0.002577456,0.0108685216666667,0.01873177,0.0013998696666666,0.0032824136666666,0.0113549026666667
0.0001200436666666,0.000951228,0.001371817,6.93163333333333e-05,0.000211572,0.000129534,0.0044237646666666,0.0002045546666666,0.0019240996666666,0.007975308,0.0002037686666666
0.001221713,0.007432048,0.000740942,0.0004139146666666,0.0010610426666666,0.0008718263333333,0.0031592386666666,0.0022706556666666,0.0006092066666666,0.001715108,0.0014173453333333
0.012722769,0.0110039363333333,0.005845784,0.0027804976666666,0.0081170483333333,0.0021813053333333,0.0073489616666666,0.023383697,0.0020611786666666,0.0046504043333333,0.0378592433333333
