0.002350301,0.0016630516666666,0.0005900223333333,0.0021976586666666,0.0013804916666666,0.0002527056666666,0.0022213263333333,0.0004696806666666,1.8269e-05,0.0005851186666666,0.006457587
0.0009019513333333,0.0136826523333333,0.0021679723333333,0.0012409056666666,0.0059087976666666,0.0011134716666666,0.0105298773333333,0.002653056,0.0004299143333333,0.0009868663333333,0.0038971713333333
0.0003074,0.008563702,0.0016625983333333,0.0026463553333333,0.0048022536666666,0.0028472236666666,0.002691046,0.0021874256666666,0.0015307553333333,0.001830525,0.0049381
0.0013204193333333,0.0018481546666666,0.0001187163333333,0.001461514,0.0008578986666666,0.0004567526666666,0.0007984503333333,0.0005703336666666,0.0,0.0002562406666666,0.0013241406666666
0.000934069,0.015383998,0.003252243,8.79583333333333e-05,0.0011314153333333,0.0010437706666666,0.0050536263333333,0.0040855643333333,7.48013333333333e-05,0.0012026546666666,0.0008674963333333
0.000844519,0.0035071453333333,0.0011816663333333,0.0003340313333333,0.0013497793333333,0.0010310173333333,0.0026638913333333,0.0012408823333333,2.17096666666667e-05,0.0001473303333333,0.0010690706666666
0.0010876803333333,0.0191810226666667,0.0016601383333333,0.0010410133333333,0.0069242403333333,0.0009417106666666,0.0043243673333333,0.0123002983333333,0.0029699463333333,0.006005571,0.0127632103333333
0.001257308,0.0097116483333333,0.0025516933333333,0.00100196,0.0028317113333333,0.0007441413333333,0.0109165043333333,0.017797514,0.0001744333333333,0.0047679166666666,0.0067315416666666
3.33333333333333e-06,0.0001060733333333,0.000183108,3.99466666666667e-06,2.9287e-05,0.0,0.007824638,6.11693333333333e-05,0.0030711263333333,0.0050142536666666,2.99253333333333e-05
0.0007175873333333,0.003754819,0.0003450553333333,0.0003229996666666,0.000699688,0.0003114533333333,0.0037016503333333,0.0025455933333333,0.000781598,0.000597123,0.0007607396666666
0.009154312,0.014610025,0.007302807,0.0028699073333333,0.0100181666666667,0.0024396773333333,0.0167194866666667,0.0176479293333333,0.000767282,0.005614018,0.04961405
