0.0020208443333333,0.0022180436666666,0.0007620276666666,0.000480443,0.0030732446666666,0.0006209603333333,0.002231298,0.0021601776666666,8.36733333333333e-05,0.0018557346666666,0.0080473383333333
0.0022919843333333,0.0134912046666667,0.0023304013333333,0.0022073383333333,0.009923395,0.003306413,0.0071767283333333,0.0026865956666666,0.0008553463333333,0.0028200976666666,0.0034821866666666
0.00072698,0.01097975,0.0020469466666666,0.0025900843333333,0.0036892303333333,0.001870036,0.001656817,0.0029394026666666,0.000763438,0.002324539,0.007493872
0.0002006973333333,0.0037321683333333,0.000602073,0.001843665,0.000951314,0.0005443033333333,0.012075413,0.0016486963333333,0.0004007126666666,0.000420947,0.000707131
0.001344035,0.0154960396666667,0.0022270446666666,0.0024996963333333,0.0030212006666666,0.0016966656666666,0.0031514573333333,0.0054207726666666,0.0004922613333333,0.0023844733333333,0.0048907476666666
0.0006420543333333,0.0046505433333333,0.0010563756666666,0.001027319,0.0016984936666666,0.0012545153333333,0.0010125996666666,0.0009342973333333,0.0003774096666666,0.0006090363333333,0.001070596
0.0011293383333333,0.0168475033333333,0.002879579,0.001153348,0.0039865316666666,0.00104171,0.0031860113333333,0.0041322306666666,0.0010840303333333,0.0038793076666666,0.0056891713333333
0.0032974106666666,0.0075867243333333,0.004416002,0.0032659236666666,0.006688924,0.0030811903333333,0.009460556,0.020783785,0.0013759366666666,0.004743633,0.0122318643333333
4.33373333333333e-05,0.0005327533333333,0.0008334983333333,0.0003012686666666,0.0002502476666666,4.89233333333333e-05,0.0044320313333333,0.0002268596666666,0.001615406,0.0065121463333333,0.0001587013333333
0.0009679566666666,0.006475682,0.0011570866666666,0.0006800903333333,0.001788984,0.000732801,0.0046636996666666,0.0017828256666666,0.0010083133333333,0.0005306393333333,0.0010941513333333
0.0118907683333333,0.0097896566666666,0.0084585853333333,0.0029878153333333,0.0071841516666666,0.003247303,0.00897414,0.0231334296666667,0.0005502836666666,0.004630951,0.0379908566666667
