0.0036622673333333,0.0027107263333333,0.001382231,0.0008000203333333,0.0033608873333333,0.0006865173333333,0.0024799288333333,0.002742511,8.86578333333333e-05,0.0017689536666666,0.0074532396666666
0.0063338293333333,0.0138230553333333,0.0021901346666666,0.0020587473333333,0.0084554056666666,0.0031747523333333,0.013568085,0.0039342606666666,0.000524724,0.0040724763333333,0.0090420693333333
0.002761115,0.0049163933333333,0.0023213753333333,0.001792891,0.0026539856666666,0.0035756353333333,0.001400639,0.0015190283333333,0.0012964423333333,0.0025591353333333,0.0030601023333333
0.0007084913333333,0.001974828,0.0001824126666666,0.002155965,0.0014722603333333,0.0012979763333333,0.001919217,0.000929732,1.03666666666667e-05,0.001154826,0.001902664
0.001813258,0.009507887,0.0006809956666666,0.0038031603333333,0.0072407413333333,0.00164792,0.00226257,0.0038958646666666,0.0002932023333333,0.003783402,0.003154313
0.0007915496666666,0.0035778823333333,0.0013745563333333,0.000787046,0.0031442026666666,0.0016619916666666,0.0006268536666666,0.001389539,0.0003646866666666,0.0014382913333333,0.002322009
0.0026289476666666,0.0196434786666667,0.0018096896666666,0.0013296806666666,0.00380847,0.0009854296666666,0.0017006716666666,0.0054181496666666,0.003395764,0.0113074803333333,0.0103933586666667
0.006053546,0.0063817186666666,0.002348285,0.002580499,0.0077422306666666,0.0032195656666666,0.0092620166666666,0.026330683,0.0007594303333333,0.0059250636666666,0.019625153
9.12603333333333e-05,1.33333333333333e-05,0.002184343,0.0,5.13066666666667e-05,0.0,0.0017929943333333,2.75643333333333e-05,0.0008912296666666,0.002685857,1.66666666666667e-05
0.005175,0.006858626,0.0031548673333333,0.0029363423333333,0.0064985936666666,0.0034090453333333,0.0074333613333333,0.002524505,0.0007205266666666,0.0036368623333333,0.0062986886666666
0.0151580813333333,0.0140104863333333,0.008333845,0.0056431216666666,0.0078516473333333,0.0021750453333333,0.0140485743333333,0.031897012,0.000420527,0.0077992586666666,0.0286912956666667
