0.0048232776666666,0.0033987326666666,0.0004289643333333,0.0035852476666666,0.001756005,0.0002534343333333,0.0017505966666666,0.001279655,6.4982e-05,0.0017171493333333,0.0038295896666666
0.0037647883333333,0.005937101,0.0007946293333333,0.0009853953333333,0.003569579,0.0007569956666666,0.004302683,0.0018556113333333,0.0001178163333333,0.0011779816666666,0.0016568366666666
0.0009878743333333,0.007333914,0.001021391,0.002957423,0.0033584343333333,0.0028222483333333,0.0028660003333333,0.0019718753333333,0.0015385146666666,0.0015119573333333,0.0058579386666666
0.000824552,0.0009294273333333,0.000160267,0.0019791593333333,0.000225711,0.0002293,0.0012078926666666,0.0003905906666666,6.66666666666667e-06,0.0002258356666666,0.0001956566666666
0.001967329,0.0062867456666666,0.0007591506666666,0.0005273486666666,0.0011096546666666,0.0003324593333333,0.0018351083333333,0.0009383453333333,9.60993333333333e-05,0.002124818,0.001078531
0.0003807283333333,0.0016669586666666,0.0007388113333333,0.000863232,0.0023547473333333,0.0023208096666666,0.0008574373333333,0.0005062843333333,0.000331941,0.0004175753333333,0.0011030693333333
0.00874072,0.0060222716666666,0.003052667,0.0004999343333333,0.0018301963333333,0.0007716863333333,0.0037094686666666,0.0039763193333333,0.0041085096666666,0.002786427,0.0032312766666666
0.003997711,0.0035858766666666,0.0027382416666666,0.001232862,0.0014344973333333,0.0005687256666666,0.0085159403333333,0.010635576,0.0002736323333333,0.002876645,0.007462061
0.0,3.33333333333333e-06,0.0005756693333333,3.33333333333333e-06,4.74076666666667e-05,0.0,0.0048398103333333,6.42123333333333e-05,0.0011095696666666,0.0052048266666666,6.66666666666667e-06
0.0011405636666666,0.0012372886666666,0.0004332336666666,0.0004169573333333,0.0003949283333333,0.0003019196666666,0.0016915763333333,0.0006095023333333,0.00070325,0.000776767,0.010666691
0.0154246613333333,0.0082757066666666,0.005925369,0.002826374,0.0043793373333333,0.000602962,0.0148496556666667,0.01819473,0.0002983066666666,0.0045325036666666,0.0263213476666667
