0.0039665636666666,0.004572111,4.82046666666667e-05,0.0079744836666666,0.0040194133333333,0.002395635,5e-06,0.0020350993333333,4.6661e-05,4.89413333333333e-05,0.0079150043333333
0.0037785963333333,0.0147404136666667,0.0022167176666666,0.0108971733333333,0.0083583973333333,0.003164302,1.76446666666667e-05,0.0038957333333333,1.33493333333333e-05,0.000168889,0.0061060996666666
0.0037036876666666,0.016870416,0.0018750686666666,0.006587413,0.005871991,0.0021015053333333,0.0,0.0023205943333333,0.002429007,3.44566666666667e-05,0.0057571276666666
0.0051731103333333,0.0002783443333333,0.0,0.0299232363333333,0.0,2.4987e-05,6.66666666666667e-06,0.0009143306666666,6.66666666666667e-06,2.712e-05,0.012718574
0.0027648423333333,0.0172876816666667,0.0050506033333333,0.00657181,0.0073741233333333,0.0032002966666666,3.455e-05,0.007642043,0.000119116,0.0006468546666666,0.005855401
0.0006311746666666,0.0038407996666666,0.0007929943333333,0.0042924306666666,0.0036843193333333,0.0014282956666666,6.66666666666667e-06,0.0013040586666666,1.15573333333333e-05,1.76653333333333e-05,0.001615844
0.0041327656666666,0.001937297,0.005429976,0.0188983706666667,6.06346666666667e-05,0.000112636,0.0013972943333333,0.0084772403333333,0.002942012,0.003943668,0.0118968393333333
0.0053070293333333,0.0092585276666666,0.005386677,0.0170368343333333,0.0099624003333333,0.003365153,0.0002787323333333,0.0245268876666667,0.0001252576666666,0.0003644393333333,0.0151892343333333
0.000406248,4.25246666666667e-05,0.002349426,0.0009331193333333,0.0,0.0001452296666666,0.004417167,0.0005839466666666,0.002128147,0.0055180973333333,0.000101767
0.001946926,0.0006862623333333,0.0024398283333333,0.0074105096666666,1e-05,0.0008162533333333,0.002627213,0.002631981,0.0011599293333333,0.0005515663333333,0.0029300326666666
0.011797533,0.0145137893333333,0.0001084073333333,0.0357338,0.0089673933333333,0.006888033,2.02736666666667e-05,0.026003844,5.8974e-05,0.0011722606666666,0.0348256266666667
