0.0032789066666666,0.0022094296666666,1.06666666666667e-05,0.005061589,0.0030593213333333,0.000745697,0.0,0.0014257763333333,3.33333333333333e-06,5.80043333333333e-05,0.0048227316666666
0.003600688,0.0095907866666666,0.0021341246666666,0.0135791026666667,0.0082388043333333,0.0022893976666666,0.588639,0.0053327553333333,1.38696666666667e-05,0.00013249,0.0040239936666666
0.0006419806666666,0.0063789996666666,0.000802556,0.003047938,0.0039286876666666,0.001199503,0.0,0.0020214783333333,0.0005740036666666,0.000153062,0.0048905206666666
0.0025691696666666,7.1293e-05,0.0,0.016357484,1e-05,3.33333333333333e-06,0.0,0.000984919,0.0,3.61973333333333e-05,0.010621949
0.0013050666666666,0.0106811583333333,0.0016475886666666,0.0093836833333333,0.0031841743333333,0.0023225383333333,8.25833333333333e-06,0.0102777693333333,3.2976e-05,0.0001492526666666,0.0048883733333333
0.0005839956666666,0.0023273123333333,0.001115846,0.00246702,0.0011540273333333,0.0001959856666666,0.0,0.0014071693333333,3.33333333333333e-06,2.30853333333333e-05,0.0019601743333333
0.003708521,0.002893466,0.0033450086666666,0.0157963936666667,0.000614696,3.57093333333333e-05,0.0017397013333333,0.009384114,0.000769572,0.00231306,0.0100287606666667
0.004871965,0.0074079063333333,0.004164359,0.0176105683333333,0.0090537206666666,0.0021856426666666,2.1849e-05,0.026358561,0.0,0.0005251403333333,0.011400845
0.0001720396666666,1.38736666666667e-05,0.0008128396666666,0.0016310403333333,8.73e-06,0.0002288656666666,0.0040681096666666,0.000595418,0.00131471,0.006290976,7.3566e-05
0.0011305393333333,0.0004604403333333,0.0006797526666666,0.0045361116666666,9.13566666666667e-05,0.000734233,0.0027410496666666,0.0018650273333333,0.0004405273333333,7.4349e-05,0.0014255576666666
0.0134463303333333,0.008269572,0.0006452406666666,0.0285800323333333,0.0061219726666666,0.0026232096666666,3.448e-06,0.0152995106666667,2.28383333333333e-05,0.0008678016666666,0.016670253
