0.002644629,0.001037305,0.0009617273333333,0.0002280033333333,0.0015569083333333,0.000104097,0.111173696666667,0.0006445193333333,7.2595e-06,0.0016160023333333,0.0078379833333333
0.000718327,0.0124917753333333,0.0038549403333333,0.000322954,0.0021547693333333,0.0002088526666666,0.0063708006666666,0.001238386,1.3403e-05,0.0007945906666666,0.0053785966666666
0.0002886423333333,0.0064303473333333,0.0007818213333333,0.0013135236666666,0.0037703173333333,0.0014887536666666,0.0027178673333333,0.0027927223333333,0.001358739,0.0015335523333333,0.0040554973333333
0.0008237546666666,0.0017231876666666,0.0001448453333333,0.0002577083333333,2.3284e-05,0.0001242386666666,0.0007454233333333,0.000445619,8.32533333333333e-06,5.56696666666667e-05,0.0011481036666666
0.0026978353333333,0.0066138913333333,0.0011595853333333,0.0007307443333333,0.0020068706666666,0.0015081883333333,0.0026059833333333,0.001264647,4.38153333333333e-05,0.001040174,0.0008335853333333
0.000148438,0.002792438,0.0018719363333333,0.0005133246666666,0.0010373616666666,0.0006481363333333,0.001003397,0.000530441,0.0002463586666666,0.0003879333333333,0.0009173803333333
0.01160463,0.0139517366666667,0.0018281386666666,0.0011138736666666,0.0019657426666666,0.0003810546666666,0.0034176056666666,0.0040541796666666,0.000655584,0.002896191,0.006917083
0.0010667483333333,0.003731842,0.0028881083333333,0.0005968186666666,0.0016835303333333,0.0011127873333333,0.0099300786666666,0.0090810446666666,0.000265514,0.0033847826666666,0.006540666
1.70833333333333e-05,0.0001056123333333,7.45493333333333e-05,5.256e-06,2.50496666666667e-05,6.66666666666667e-06,0.002746804,0.0001009953333333,0.000802095,0.0034235876666666,5.65793333333333e-05
0.0011824233333333,0.0040011363333333,0.0003558976666666,0.0002699243333333,0.0004994223333333,0.0002129996666666,0.0024853196666666,0.001134269,0.001634754,0.000328194,0.0005568073333333
0.013235551,0.007479112,0.0061139063333333,0.0011351053333333,0.003567361,0.0015299066666666,0.0092491703333333,0.012094676,7.30153333333333e-05,0.0031744676666666,0.0312991826666667
