0.0033968156666666,0.0023931643333333,0.0005391243333333,0.0010343213333333,0.0015677406666666,0.0001290783333333,0.0017330686666666,0.000314587,1.17023333333333e-05,0.0004947726666666,0.0041697353333333
0.0020487826666666,0.0062168786666666,0.0008668516666666,0.0007523593333333,0.0040852056666666,0.001292093,0.0034357043333333,0.001937357,0.0003128703333333,0.001138207,0.002349528
0.0008622696666666,0.006758575,0.0024699163333333,0.0037938186666666,0.0032760573333333,0.0016794663333333,0.0014541946666666,0.001696737,0.0009276096666666,0.0020789553333333,0.0052711066666666
0.000943264,0.0011574153333333,0.0003112123333333,0.0024957653333333,0.0015089066666666,0.000183715,0.0013305703333333,0.0003025506666666,3.33333333333333e-06,0.0006417776666666,0.000190513
0.0019253606666666,0.004369481,0.0021592836666666,0.0001575526666666,0.001262742,0.0004898936666666,0.002580728,0.001460919,3.5939e-05,0.002133954,0.0004277756666666
0.0003490873333333,0.0012018523333333,0.001286369,0.000418,0.001757826,0.001743503,0.0007059713333333,0.0005497706666666,0.000358624,0.000516837,0.0011826643333333
0.0022879943333333,0.007858109,0.002759746,0.0014604833333333,0.001502302,0.000332034,0.0023558046666666,0.0028291776666666,0.0029725563333333,0.004073726,0.012246248
0.0032686793333333,0.0032304866666666,0.003033244,0.001343745,0.0023184336666666,0.000882727,0.0072090323333333,0.011829825,0.0004371796666666,0.0034151636666666,0.006325548
0.0001537246666666,6.66666666666667e-06,0.000157235,3.33333333333333e-06,2.72866666666667e-05,6.66666666666667e-06,0.0054603323333333,8.72243333333333e-05,0.0011794563333333,0.0047821583333333,3.33333333333333e-06
0.001468735,0.0037197513333333,0.0004356446666666,0.0004438486666666,0.0013846923333333,0.0005384806666666,0.015702691,0.002149024,0.0003746816666666,0.0020789226666666,0.012993206
0.0107136333333333,0.023379203,0.0084019503333333,0.004101445,0.0035909603333333,0.001253774,0.01087108,0.0243485593333333,0.000130033,0.0054936573333333,0.028015216
