0.0034461833333333,0.0014189313333333,0.0005398486666666,0.0003182113333333,0.00120318,0.0003539356666666,0.001171286,0.0014358706666666,6.4534e-05,0.0005152746666666,0.0102672356666667
0.004134247,0.0156996043333333,0.000910267,0.000971293,0.006091191,0.0005939886666666,0.0054560456666666,0.000983628,5.14026666666667e-05,0.0007877263333333,0.0052318113333333
0.0009999693333333,0.0086979063333333,0.0036818306666666,0.0025816643333333,0.0033726483333333,0.0031516896666666,0.0006325343333333,0.0013924546666666,0.0017614966666666,0.0015308213333333,0.0037318293333333
0.001274709,0.0018448993333333,0.0002093513333333,0.0006425973333333,0.000141087,0.000616976,0.00127312,0.0006252716666666,1.15823333333333e-05,0.0001010523333333,0.0003987656666666
0.0014954736666666,0.0118066013333333,0.0004011843333333,0.0003018413333333,0.0013822083333333,0.00079906,0.0027759676666666,0.00238017,5.86433333333333e-05,0.0013312436666666,0.003460112
0.0003310586666666,0.003938409,0.001028586,0.000368682,0.0013911066666666,0.0011963466666666,0.000606636,0.0004739726666666,9.28466666666667e-06,0.000220963,0.000862925
0.0018800003333333,0.018214824,0.0016869593333333,0.0020428043333333,0.0121160096666667,0.00042079,0.0018662856666666,0.0072967236666666,0.0018949916666666,0.0044679726666666,0.013816502
0.005805095,0.0096491796666666,0.002683355,0.0014284503333333,0.0044944053333333,0.0024515163333333,0.00755183,0.013824823,0.000335831,0.0027346686666666,0.0115216346666667
1.37356666666667e-05,6.69603333333333e-05,0.001519022,1.14106666666667e-05,0.0007604696666666,2e-05,0.0029309313333333,3.78716666666667e-05,0.0011568563333333,0.0021860453333333,0.0002094743333333
0.0015749183333333,0.005547421,0.0001941123333333,0.0001625046666666,0.0011468123333333,0.0002591376666666,0.0019750513333333,0.0021154506666666,0.000230428,0.001088221,0.0012705823333333
0.0128515856666667,0.0143898846666667,0.0077471476666666,0.0041179073333333,0.0054304803333333,0.002985626,0.0125277603333333,0.018415739,0.000213466,0.0036296286666666,0.03551583
