0.0060961503333333,0.0015532256666666,0.0006524096666666,0.0011819,0.0018135913333333,0.000386749,0.0014315523333333,0.000884685,0.0005429263333333,0.0003505346666666,0.0076598076666666
0.0025958103333333,0.0087689623333333,0.0015502636666666,0.0011436176666666,0.0068777136666666,0.001275491,0.0016736076666666,0.002380124,0.0025824546666666,0.0016546776666666,0.0059878143333333
0.0019435793333333,0.0081039393333333,0.0013502966666666,0.0034642206666666,0.003770125,0.003700376,0.0020680613333333,0.001982915,0.0023052583333333,0.0028159993333333,0.005210244
0.0006149186666666,0.002779628,0.0010573043333333,0.0019011953333333,0.0007573806666666,0.0002697496666666,0.0012847053333333,0.0008027283333333,3.09276666666667e-05,0.000110432,0.0010919706666666
0.0030638566666666,0.012907399,0.00099288,0.000627289,0.0050939993333333,0.0018617973333333,0.0017001113333333,0.0040392406666666,0.0008153303333333,0.000505373,0.0057262096666666
0.001082298,0.003528627,0.0019303453333333,0.0008177563333333,0.0026050976666666,0.0012982786666666,0.0004133503333333,0.0006530313333333,0.0005549403333333,0.001007133,0.0033591966666666
0.002554726,0.0171695006666667,0.0029014343333333,0.0021538763333333,0.0029635723333333,0.0012957203333333,0.0468242466666667,0.0045994956666666,0.0020322173333333,0.003414098,0.0049193756666666
0.0059692886666666,0.0038885096666666,0.0035146783333333,0.0020343073333333,0.005972261,0.0019960756666666,0.004681791,0.0149620093333333,0.0027007443333333,0.0025853893333333,0.007538004
1.84633333333333e-05,0.0001005173333333,0.0001268386666666,1.20466666666667e-05,4.06983333333333e-05,6.66666666666667e-06,0.000684518,0.000112263,0.0045024686666666,0.0039276213333333,0.0001657926666666
0.001417849,0.0044846133333333,0.0005649783333333,0.0004600293333333,0.0029433163333333,0.0005264966666666,0.0006416623333333,0.002078085,0.0018035876666666,0.000597959,0.0026888023333333
0.015991539,0.0111725746666667,0.010719076,0.0084157086666666,0.0123307926666667,0.0026313143333333,0.0077241866666666,0.0237028276666667,0.0017774883333333,0.003792169,0.04276058
