0.0035544516666666,0.0003225156666666,0.0006234646666666,0.0016527836666666,0.001296747,2.99726666666667e-05,0.0011834363333333,0.00040994,1.33446666666667e-05,0.0011474783333333,0.0028851773333333
0.0020600016666666,0.00906173,0.000798407,0.001092521,0.0044349723333333,0.000573406,0.00297067,0.0014234933333333,3.54023333333333e-05,0.0004839213333333,0.003385604
0.0007106463333333,0.004300718,0.001354588,0.0023923813333333,0.003065358,0.0017560233333333,0.0004448896666666,0.002247883,0.0012562523333333,0.0010187816666666,0.0039770906666666
0.003916056,0.001112556,0.0002463003333333,0.001526993,0.0001209403333333,9.40366666666667e-05,0.000261005,0.0005372613333333,0.0,0.000133758,0.000166061
0.0008013666666666,0.0057410533333333,0.0006530846666666,0.0001251316666666,0.00429595,0.000412356,0.001777628,0.0027864816666666,0.0001111893333333,0.0021837253333333,0.0013571043333333
0.0004299116666666,0.001465478,0.0003962836666666,0.0002985933333333,0.0011971133333333,0.0007485246666666,0.0003269013333333,0.0001432083333333,0.0011334013333333,0.000332823,0.0010540333333333
0.0021582566666666,0.0076113316666666,0.0007230006666666,0.0006654736666666,0.001682422,0.0001285,0.0012500526666666,0.002635413,0.0022598003333333,0.002650559,0.0025024966666666
0.0023472173333333,0.0035462473333333,0.0033076246666666,0.0005331383333333,0.003130526,0.001110359,0.0080246063333333,0.011825759,9.3837e-05,0.0011488033333333,0.0044308286666666
0.0,0.0,4.91413333333333e-05,3.33333333333333e-06,2.89966666666667e-05,3.33333333333333e-06,0.0036283346666666,1e-05,0.0010672626666666,0.0045090563333333,0.0
0.0009174826666666,0.001932191,0.0003740743333333,0.0003291986666666,0.001130594,0.000454732,0.0207032183333333,0.0016081963333333,0.0003392383333333,0.0005702236666666,0.000679473
0.011343498,0.007969675,0.0062820873333333,0.001381529,0.0056053803333333,0.0006334436666666,0.0041566426666666,0.023578977,8.66736666666667e-05,0.0020748043333333,0.014364995
