0.0032096023333333,0.0003528403333333,0.000317503,0.0002896343333333,0.001320899,6.97463333333333e-05,0.0015055243333333,0.000730581,1.6388e-05,0.0003234676666666,0.0035731306666666
0.0005570326666666,0.0044133736666666,0.0043724443333333,0.0012961236666666,0.0028465593333333,0.0013685776666666,0.00429135,0.000256039,0.00010227,0.0010110736666666,0.0016515736666666
0.000198978,0.0054512163333333,0.0004622863333333,0.0016457886666666,0.003123378,0.0014022213333333,0.000878088,0.0020031276666666,0.0005416286666666,0.001203317,0.0040471413333333
0.0014172116666666,0.0007910476666666,0.000130076,0.0015700353333333,0.0002152503333333,0.000132452,0.0006124933333333,0.00032962,0.0,0.0001417416666666,0.000315453
0.0011551166666666,0.0052028816666666,0.001090252,9.30773333333333e-05,0.0002219963333333,0.001286858,0.0019599523333333,0.003283359,5.24016666666667e-05,0.001249904,0.0012075046666666
0.0002161576666666,0.001182937,0.000851419,0.000348237,0.0011046146666666,0.0004618733333333,0.0006993143333333,0.000337133,0.000296444,0.000394635,0.0008310773333333
0.0009687773333333,0.0061438763333333,0.0016293303333333,0.002055179,0.002155834,0.00072165,0.002552955,0.0027721156666666,0.001898632,0.002588188,0.0102651796666667
0.001692094,0.0010956133333333,0.003428709,0.0011460716666666,0.001583266,0.001432316,0.0068619983333333,0.0065926433333333,0.000137113,0.00334834,0.0046454783333333
6.96e-06,3.33333333333333e-06,0.00092423,3.33333333333333e-06,2.2569e-05,3.33333333333333e-06,0.0043009513333333,0.0002866106666666,0.0005520413333333,0.0036415283333333,0.0
0.0007783216666666,0.001130424,0.0001331386666666,7.84473333333333e-05,0.0001348353333333,0.0001720763333333,0.003354935,0.0011343933333333,0.0002588706666666,0.000112106,0.0012117486666666
0.009218528,0.0051224526666666,0.0078448226666666,0.002656967,0.005662516,0.0015387556666666,0.0264344806666667,0.0114719776666667,6.4251e-05,0.0044047693333333,0.0179695506666667
