0.0052244046666666,0.0011585806666666,0.0007752393333333,0.0010960703333333,0.0019171143333333,0.0002807443333333,0.0015865253333333,0.0007373486666666,8.53566666666667e-06,0.000386271,0.0030391653333333
0.0020949536666666,0.0075036866666666,0.00096181,0.0008714523333333,0.0125878613333333,0.0015311013333333,0.0071386283333333,0.0025565876666666,0.000477937,0.000814972,0.002829475
0.0002574246666666,0.005123963,0.0028086993333333,0.0025699236666666,0.0036002206666666,0.0049341766666666,0.002695648,0.0021918593333333,0.000971669,0.001024086,0.0048416413333333
0.0004396533333333,0.0028511876666666,0.0001073963333333,0.0013596536666666,0.000403696,0.0001586606666666,0.0018863126666666,0.000542873,4.32703333333333e-05,4.00723333333333e-05,0.0026959786666666
0.0019532353333333,0.0066758323333333,0.0025880163333333,0.0032366783333333,0.0020009553333333,0.000264657,0.0012681813333333,0.001248285,0.0004751843333333,0.0019698963333333,0.001023741
0.0003620946666666,0.0017351283333333,0.0015914776666666,0.000469729,0.0015735816666666,0.0005705526666666,0.0009106963333333,0.0015875693333333,0.000359512,0.000443746,0.0018950986666666
0.0026974176666666,0.0069319856666666,0.0011572716666666,0.000695454,0.001304218,0.0006112943333333,0.0007897546666666,0.0064842453333333,0.0033548653333333,0.002009692,0.0029894336666666
0.002635262,0.002620499,0.0033251026666666,0.0017408786666666,0.004587599,0.0008402896666666,0.0078521336666666,0.00910281,0.0001082396666666,0.0027029913333333,0.007699115
3.33333333333333e-06,0.0,3.88073333333333e-05,0.0,2.8999e-05,0.0,0.0057171093333333,2.58533333333333e-05,0.001144036,0.003708622,6.95433333333333e-06
0.0009605086666666,0.0035434986666666,0.0005280296666666,0.0003594706666666,0.0022865356666666,0.0005891076666666,0.0011405753333333,0.0014019743333333,0.0004715446666666,0.001034744,0.0024525013333333
0.011720764,0.005594134,0.0091354963333333,0.0029844793333333,0.0053224903333333,0.0024376136666666,0.0067929136666666,0.0129244626666667,0.0001686226666666,0.0047747433333333,0.0226581983333333
