0.0008638836666666,0.0010417433333333,0.0002872033333333,0.0001691836666666,0.0014021716666666,0.000151246,0.0015246631666666,0.0005443996666666,6.96716666666667e-06,0.0008550553333333,0.0055423826666666
0.001504953,0.0145323443333333,0.0021608156666666,0.0012286333333333,0.0043878946666666,0.0008680216666666,0.613117,0.0024847576666666,0.000187709,0.0011739236666666,0.005365388
0.0004455653333333,0.0075745026666666,0.001284971,0.002098846,0.0029640493333333,0.0015548,0.0016703273333333,0.0013277713333333,0.0013215323333333,0.001088096,0.005514115
0.0001169683333333,0.0035823306666666,0.000324266,0.0004529596666666,0.0003842793333333,0.0003255303333333,0.0019930683333333,0.000602468,3.33333333333333e-06,0.000518612,0.0006664046666666
0.0017310043333333,0.0074451146666666,0.000784382,0.0005005696666666,0.001421678,0.0007088626666666,0.0049658006666666,0.0054835393333333,0.000179789,0.001030935,0.0015901573333333
0.0003016016666666,0.0028832973333333,0.0005486246666666,0.0003705786666666,0.0010741586666666,0.0007127296666666,0.000700673,0.000491637,6.5996e-05,0.0002493433333333,0.002224561
0.001742455,0.0149312896666667,0.0037703803333333,0.001141081,0.0039316636666666,0.0010574813333333,0.0038233106666666,0.014372177,0.0007664403333333,0.0047795533333333,0.0123825656666667
0.003013053,0.0085269253333333,0.0038564776666666,0.002424207,0.007006965,0.0017263226666666,0.0141345573333333,0.024103338,0.0011292203333333,0.0040764926666666,0.012589013
0.0,0.0001533226666666,0.00025563,1.9754e-05,0.000651896,6.66666666666667e-06,0.008074303,0.0001107083333333,0.002452755,0.0051054523333333,4.2839e-05
0.0010362713333333,0.002930221,0.0003108533333333,0.000426957,0.0011049693333333,0.00037952,0.0036254613333333,0.0017321076666666,0.0003553733333333,0.001316388,0.003748983
0.0101271843333333,0.0116726943333333,0.0075497286666666,0.001758567,0.0059016146666666,0.0014645383333333,0.0145228156666667,0.016381577,7.36463333333333e-05,0.0067849226666666,0.0294641996666667
