0.0032931106666666,0.001166422,0.0004661536666666,0.0033882436666666,0.0014482533333333,0.000300188,0.0015696321666666,0.001038711,1.45401666666667e-05,0.000560324,0.003501289
0.0011236906666666,0.0031701113333333,0.0025249646666666,0.000663738,0.0030518136666666,0.0010139863333333,0.752872433333333,0.011353944,0.0002487456666666,0.0012373766666666,0.002834022
0.0010482606666666,0.0040219306666666,0.001438246,0.0032508656666666,0.003134062,0.002541586,0.0025354873333333,0.004789634,0.001515434,0.0016951726666666,0.0054087326666666
0.001861941,0.0006765113333333,0.0002464083333333,0.0041426966666666,0.0012720783333333,9.38813333333333e-05,0.0005426753333333,0.000802229,7.285e-06,0.000684481,0.00078137
0.002313037,0.006888366,0.0004632746666666,0.0001992003333333,0.000774723,0.0007392843333333,0.0055092546666666,0.0048117846666666,0.0003121653333333,0.0020670063333333,0.0016524703333333
0.0002110733333333,0.0021946383333333,0.001268094,0.000239054,0.0017584466666666,0.001119141,0.001452895,0.0017157866666666,2.31343333333333e-05,0.0001923113333333,0.001588983
0.004547627,0.0112326273333333,0.002458302,0.0011034416666666,0.005771647,0.001188604,0.0035908816666666,0.0160194466666667,0.0018323763333333,0.007868583,0.011447648
0.0031883156666666,0.0120148956666667,0.003805626,0.001978342,0.0046959723333333,0.000739599,0.011392216,0.0196495356666667,0.000395687,0.0043919046666666,0.0069543803333333
5.1578e-05,0.0,0.0010028376666666,6.816e-06,5.31933333333333e-05,0.0,0.0079782703333333,0.001048302,0.0014328493333333,0.0057436696666666,6.66666666666667e-06
0.0009865866666666,0.0009816603333333,0.0004989346666666,0.0004744343333333,0.0009214293333333,0.0004950713333333,0.0038170976666666,0.002475236,0.0004847533333333,0.0012582206666666,0.0007570746666666
0.0145532886666667,0.0130713946666667,0.0053887596666666,0.0017148703333333,0.004545934,0.0016090703333333,0.0165508316666667,0.012690356,0.0002375033333333,0.004401364,0.03371165
