0.00418512,0.0008633603333333,0.001036666,0.0001689246666666,0.0009912073333333,0.0001104553333333,0.0035654793333333,0.0025758976666666,1.66666666666667e-06,0.0005386133333333,0.004552546
0.004255425,0.011645752,0.001535177,0.0007232236666666,0.0027535103333333,0.001378804,0.0045765983333333,0.0011722713333333,3.39416666666667e-05,0.001023079,0.002172601
0.000835431,0.0053981293333333,0.0032070803333333,0.0031316706666666,0.0023069956666666,0.0031786023333333,0.002587074,0.0011548696666666,0.0011559166666666,0.0023167133333333,0.003879364
0.0016121876666666,0.0021354263333333,0.0002191836666666,0.0017882543333333,0.0009079866666666,7.53543333333333e-05,0.0007415886666666,0.000298823,0.0,0.000135127,0.0002983263333333
0.0017256933333333,0.006511664,0.0008924963333333,0.00020461,0.0016039053333333,0.0005143766666666,0.002042865,0.002402481,9.037e-06,0.0006495386666666,0.0049413023333333
0.000347648,0.002949506,0.0009369743333333,0.0003617323333333,0.002389551,0.0007765146666666,0.0005124473333333,0.000260617,5.05516666666667e-05,0.000144359,0.0015161186666666
0.0030108003333333,0.012576015,0.0078982963333333,0.0017378036666666,0.0019257526666666,0.000197242,0.0012211593333333,0.006939682,0.000712908,0.003471385,0.01432943
0.008264289,0.0052003246666666,0.003753575,0.0006430983333333,0.00278872,0.0009492833333333,0.0074738093333333,0.0111613483333333,0.0001157893333333,0.0025626163333333,0.010439149
6.66666666666667e-06,5.72733333333333e-05,0.0005835643333333,1.0872e-05,0.0006777663333333,7.64233333333333e-06,0.0057531026666666,6.56386666666667e-05,0.0010648886666666,0.002500703,6.66666666666667e-06
0.0013450273333333,0.0026701733333333,0.0001858746666666,0.0009043953333333,0.0007831006666666,0.000258902,0.0023805086666666,0.0008959286666666,0.0002728316666666,0.000208849,0.0019808273333333
0.016214659,0.0127076,0.0078932976666666,0.0006473116666666,0.0058488176666666,0.001467209,0.0144133263333333,0.0198717933333333,2.93466666666667e-05,0.0040223503333333,0.022865909
