0.0051832183333333,0.0014105933333333,0.0005267613333333,0.000194187,0.0013128523333333,5.17546666666667e-05,0.0013839511666666,0.000222995,3.04035e-05,0.000298299,0.003251266
0.002655836,0.004250671,0.000873147,0.0021140563333333,0.0012965966666666,0.0006064813333333,0.005789941,0.001113232,0.0003438923333333,0.0004447716666666,0.0024581063333333
0.0001480576666666,0.0043439756666666,0.001116676,0.0018499833333333,0.0056440766666666,0.0021639323333333,0.0011516503333333,0.001794732,0.0007002873333333,0.000931182,0.0036144873333333
0.0001049933333333,0.0003557956666666,4.4053e-05,0.0019117986666666,5.1693e-05,8.2943e-05,0.0008847723333333,0.0002293083333333,0.0,0.000127973,0.0004665273333333
0.001339661,0.004145362,0.0009346353333333,0.0002289276666666,0.0018957373333333,0.0003167733333333,0.001504531,0.002878848,1.57533333333333e-05,0.0007591776666666,0.0010994936666666
0.0001245643333333,0.0005413776666666,0.0009180386666666,0.0007517223333333,0.0011358396666666,0.0010457143333333,0.00068128,0.0001304333333333,0.000284583,0.0003774373333333,0.001460205
0.0034613786666666,0.0063090373333333,0.001352976,0.0004463463333333,0.001938133,0.0008524683333333,0.0014311013333333,0.004849591,0.0016841903333333,0.002012884,0.001959181
0.0013896196666666,0.0017199013333333,0.0028905826666666,0.0015242636666666,0.0019456643333333,0.0003161996666666,0.0074224866666666,0.007027077,0.000110354,0.0008590496666666,0.005641859
9.3768e-05,1.96816666666667e-05,0.0015839863333333,0.0,3.7124e-05,3.33333333333333e-06,0.0037968666666666,5.74733333333333e-05,0.0006673523333333,0.003217889,3.33333333333333e-06
0.0007295873333333,0.000998306,0.0001946683333333,0.0002698176666666,0.000925089,0.0002459703333333,0.0015276016666666,0.0009866116666666,0.000224748,0.000591345,0.00027135
0.0112252983333333,0.009668663,0.0062798103333333,0.00239251,0.0037324713333333,0.001257864,0.005817015,0.018435288,0.0002327696666666,0.0028914966666666,0.022136614
