0.0052271643333333,0.0012652136666666,0.0016206486666666,0.0002669516666666,0.0025530596666666,0.000509981,0.0021872286666666,0.0022290793333333,6.1868e-05,0.001046465,0.0061364246666666
0.0023308133333333,0.0194545583333333,0.0029684896666666,0.0014991923333333,0.0057514426666666,0.0016228463333333,0.0062919046666666,0.0011428726666666,0.000171223,0.0012250383333333,0.003711092
0.0015727226666666,0.0068287823333333,0.0012794426666666,0.002024864,0.003765097,0.0024531206666666,0.003698126,0.002559169,0.001566192,0.0009986066666666,0.007915212
0.0020653496666666,0.002393982,0.0003314703333333,0.003460523,0.0016293923333333,0.0005744073333333,0.001308112,0.0008128216666666,2.1478e-05,0.0003473806666666,0.0011171586666666
0.003468975,0.0111012576666667,0.001940765,0.0006852753333333,0.005079412,0.002399608,0.005531567,0.0046888703333333,0.0002417053333333,0.0028533276666666,0.0040060003333333
0.000870372,0.0026844233333333,0.0034707676666666,0.0006300373333333,0.0024188653333333,0.0007722246666666,0.0008839143333333,0.0009052796666666,4.10373333333333e-05,0.000459114,0.0037565346666666
0.0032236283333333,0.018717183,0.0050103453333333,0.0013323253333333,0.0064527523333333,0.0011245373333333,0.0021404103333333,0.0104224163333333,0.001795766,0.0093321313333333,0.013854464
0.0081473506666666,0.0098320456666666,0.0042407326666666,0.002314769,0.0087961176666666,0.0026427336666666,0.0098021976666666,0.0177792563333333,0.000534218,0.004102075,0.0136614423333333
2.9195e-05,8.76643333333333e-05,0.0009008543333333,1.43893333333333e-05,0.0001006926666666,3.65566666666667e-05,0.0036053213333333,0.0002729123333333,0.0015273413333333,0.0030003116666666,0.0001421126666666
0.0018601573333333,0.0031280756666666,0.0007616143333333,0.00083821,0.0018692346666666,0.0004259696666666,0.005923728,0.002242631,0.0007502216666666,0.0008064463333333,0.0022417826666666
0.0166766416666667,0.01152928,0.0114112306666667,0.0057965106666666,0.0078590263333333,0.0032137776666666,0.0166102946666667,0.019605241,0.0005868373333333,0.0045114386666666,0.0367665733333333
