0.002759762,0.0009475673333333,0.0004290526666666,0.0003936066666666,0.0025154996666666,0.000149482,0.0047747466666666,0.0009900956666666,5.22781666666667e-05,0.000770973,0.0047829003333333
0.0011866263333333,0.027389563,0.000924668,0.001250159,0.005074126,0.0011538943333333,0.0046272913333333,0.001342369,0.0005298643333333,0.0018081946666666,0.0035340783333333
0.002890508,0.005783778,0.0020024806666666,0.0015986646666666,0.0042514756666666,0.001800084,0.001808825,0.0025050623333333,0.0053376043333333,0.0019420193333333,0.0069771303333333
0.0004865943333333,0.0030943993333333,0.0002055976666666,0.0016756603333333,0.0004019583333333,0.000183711,0.0011607723333333,0.0003719453333333,6.66666666666667e-06,0.0010497723333333,0.0004234176666666
0.0019747876666666,0.0070669586666666,0.002240012,0.000482217,0.0029976553333333,0.0018677283333333,0.0031931023333333,0.0034291176666666,0.0003487746666666,0.0044711526666666,0.004331352
0.0002279826666666,0.0019295466666666,0.0029726913333333,0.000542194,0.001534996,0.0007838936666666,0.0007353836666666,0.0002690626666666,0.0004465003333333,0.0003964596666666,0.0013812153333333
0.001963901,0.01051613,0.0012119453333333,0.001021457,0.0032824983333333,0.0006761876666666,0.0019019476666666,0.0033468836666666,0.0052986333333333,0.0046463133333333,0.004127993
0.002957833,0.0044864123333333,0.0035358923333333,0.001798383,0.0045171436666666,0.002009186,0.008227403,0.0213771946666667,0.0009599246666666,0.003716367,0.0099802213333333
1e-05,3.33333333333333e-06,0.0016943986666666,3.33333333333333e-06,4.43423333333333e-05,3.33333333333333e-06,0.0050910656666666,5.73253333333333e-05,0.0010045166666666,0.003811702,3.33333333333333e-06
0.00075531,0.002047053,0.0007383216666666,0.0005135103333333,0.0013882383333333,0.0002603813333333,0.005021134,0.002010705,0.0010663016666666,0.00236148,0.001454419
0.0087048436666666,0.0073196553333333,0.009907212,0.0032797,0.0055187473333333,0.0023906473333333,0.0083929266666666,0.0157453826666667,0.0006340293333333,0.005193244,0.0450363166666667
