0.0037833496666666,0.0045109393333333,0.0005033563333333,9.0761e-05,0.0020716296666666,6.48676666666667e-05,0.005605885,0.0007635186666666,5.52736666666667e-05,0.000758323,0.0028021223333333
0.0012593306666666,0.006193139,0.0016055903333333,0.0010249453333333,0.003323686,0.0010842843333333,0.0040720813333333,0.0017382016666666,0.000122454,0.001238748,0.0046148523333333
0.0007817003333333,0.0083724083333333,0.0016752993333333,0.0030097333333333,0.0035646116666666,0.0033840403333333,0.001303055,0.0014232006666666,0.0009710673333333,0.0034780026666666,0.00562891
0.001029885,0.00164535,0.0001054596666666,0.002048207,9.7887e-05,0.0001630996666666,0.0009606196666666,0.0003718306666666,3.33333333333333e-06,0.000304452,0.000879349
0.0010447596666666,0.0053286246666666,0.0006089573333333,4.1748e-05,0.000420848,0.0005372656666666,0.0012587876666666,0.0016308563333333,1.57726666666667e-05,0.002461713,0.0024577073333333
0.0001689383333333,0.0014040203333333,0.0005993793333333,0.0004940576666666,0.0023071913333333,0.0023354186666666,0.0008299526666666,0.0003969866666666,0.000275442,0.0005073716666666,0.0011043543333333
0.0018393403333333,0.0075496283333333,0.0018211586666666,0.0006093606666666,0.0019594056666666,0.000579517,0.002830146,0.0027768606666666,0.003147701,0.0039822203333333,0.008914282
0.001820608,0.0037435046666666,0.003099043,0.000884216,0.0016713296666666,0.0005016936666666,0.0099348596666666,0.0092248796666666,0.000487214,0.003321082,0.0049771756666666
1.78546666666667e-05,0.0,0.0011966066666666,3.33333333333333e-06,4.14813333333333e-05,3.33333333333333e-06,0.0046197543333333,1.1318e-05,0.0011090453333333,0.0048028373333333,6.66666666666667e-06
0.00072963,0.001349534,0.0005553783333333,0.000257699,0.0004388213333333,0.000252598,0.0020555666666666,0.0008578976666666,0.0013992796666666,0.0007399173333333,0.000725924
0.009689673,0.011028736,0.0068142613333333,0.0017563003333333,0.0040451403333333,0.004857064,0.0166908096666667,0.0167305246666667,0.0001203706666666,0.0040303253333333,0.0206026873333333
