0.0043649803333333,0.0020499053333333,0.001580746,0.0032624003333333,0.001732903,0.000313644,0.000975377,0.0006792796666666,4.3326e-05,0.0012588533333333,0.0047186623333333
0.0020923716666666,0.012728968,0.0015965316666666,0.002176966,0.004715648,0.0021510776666666,0.009646433,0.005245703,0.0003481863333333,0.002122304,0.0029113596666666
0.0003985783333333,0.002314427,0.001778337,0.002548487,0.00114224,0.0037286396666666,0.0020119236666666,0.0005412716666666,0.0016321593333333,0.00217023,0.0029668806666666
0.0005084566666666,0.001478616,0.000121469,0.0018559723333333,0.0005986813333333,0.001163901,0.0002913226666666,0.000664332,0.0,0.0006070576666666,0.0017376336666666
0.000765789,0.0080054263333333,0.0005813946666666,0.0003189083333333,0.0015978403333333,0.0010110096666666,0.002297706,0.0015452276666666,6.987e-06,0.0020294566666666,0.0024615056666666
0.0005882963333333,0.0032909926666666,0.001009692,0.000419034,0.001336467,0.0019339666666666,0.0004131383333333,0.0006132506666666,0.000223843,0.001079825,0.0019139306666666
0.0006989586666666,0.0249725823333333,0.0011022906666666,0.0003792733333333,0.0015652123333333,0.0022865286666666,0.0023100566666666,0.0045331296666666,0.00234941,0.005715534,0.0053813486666666
0.0025646773333333,0.0032516373333333,0.001068928,0.0011029513333333,0.002431796,0.0007967136666666,0.0051656043333333,0.0164158656666667,0.0001148256666666,0.002225579,0.010090436
3.33333333333333e-06,0.0,0.001548595,0.0,2.9744e-05,3.33333333333333e-06,0.0005397873333333,1.24833333333333e-05,0.0010454463333333,0.0032314963333333,1.66666666666667e-05
0.002130903,0.004613456,0.0006906806666666,0.001042328,0.0026992413333333,0.0014308203333333,0.0020982713333333,0.001856317,0.000182829,0.0034451776666666,0.0033714733333333
0.0200920756666667,0.0064661053333333,0.0080948316666666,0.0038436556666666,0.004568628,0.0013421023333333,0.0070175863333333,0.0190506553333333,0.0002656543333333,0.0040313073333333,0.020010009
