0.0040198463333333,0.003912292,0.0,0.004974605,0.0052575366666666,0.002389585,1.21303333333333e-05,0.002539441,6.69266666666667e-06,5.4032e-05,0.0060248976666666
0.0028529996666666,0.012361343,0.003749643,0.0162673373333333,0.008035139,0.0030195623333333,4.85703333333333e-05,0.0058318823333333,6.66666666666667e-06,0.0001785206666666,0.0055083256666666
0.0010817723333333,0.0068555033333333,0.0021785466666666,0.0071376373333333,0.0038530003333333,0.0023009596666666,0.000141307,0.0019508983333333,0.0015959096666666,0.0001424533333333,0.0054612803333333
0.0048441643333333,0.000213895,0.0,0.0191375433333333,2.07773333333333e-05,8.162e-06,0.0,0.0016963156666666,3.33333333333333e-06,8.76933333333333e-06,0.015465423
0.0021301713333333,0.0146864693333333,0.0023652323333333,0.0096342556666666,0.0029805626666666,0.002803835,3.08843333333333e-05,0.0080842223333333,2.95736666666667e-05,0.000214852,0.0064356833333333
0.0008162863333333,0.003915314,0.0011050036666666,0.0018060883333333,0.0025267533333333,0.0014861933333333,5.05733333333333e-06,0.0025730453333333,3.33333333333333e-06,4.04896666666667e-05,0.0017984606666666
0.0041507886666666,0.002460614,0.0035817466666666,0.0224877643333333,3.4544e-05,9.8214e-05,0.003448408,0.010826544,0.0028921456666666,0.0036063193333333,0.0131530293333333
0.0057084836666666,0.013485125,0.0054175303333333,0.0221294066666667,0.0102622756666667,0.0026146856666666,9.74173333333333e-05,0.0295665866666667,2.61466666666667e-05,0.00049478,0.0193796616666667
0.000118157,2.24806666666667e-05,0.0006367016666666,0.0007379873333333,0.0,3.24883333333333e-05,0.0047460436666666,0.001958404,0.0012518303333333,0.0062335373333333,4.88376666666667e-05
0.0016304136666666,0.0005353686666666,0.001103076,0.0053465156666666,0.0,0.0006190993333333,0.004201486,0.002605817,0.0007605223333333,0.0009023836666666,0.0027786776666666
0.015949577,0.0105924406666667,1e-05,0.03906189,0.0085530463333333,0.0048046503333333,2.48716666666667e-05,0.0240784126666667,5.37593333333333e-05,0.0009034586666666,0.028328644
