0.0046902183333333,0.001884892,0.0004183243333333,0.0012236646666666,0.0033127276666666,0.0017659753333333,0.002042104,0.0010252796666666,0.000184791,0.0006037936666666,0.005865647
0.0024228856666666,0.0132148076666667,0.000937547,0.002096858,0.004002154,0.002961799,0.003947136,0.0034090046666666,0.0002526476666666,0.000545125,0.002466138
0.0003172413333333,0.0091733023333333,0.0025956976666666,0.001895478,0.003389412,0.00414547,0.001320412,0.002642035,0.002657443,0.0027248556666666,0.0067751123333333
0.0004499223333333,0.0024195683333333,0.0006554463333333,0.0012101333333333,0.0004409643333333,0.000195658,0.0005065923333333,0.000290594,5.08036666666667e-05,0.000156373,0.0007685606666666
0.0024589686666666,0.009435634,0.0011027846666666,0.0038101923333333,0.004392689,0.000883382,0.0024585,0.002053758,0.0001612813333333,0.0015056306666666,0.003294118
0.000472157,0.0025830963333333,0.0012131103333333,0.0004655933333333,0.0017688036666666,0.00155934,0.0002872143333333,0.0003869606666666,0.0003036836666666,0.0005294353333333,0.0016938543333333
0.002068526,0.0124896676666667,0.0018486006666666,0.0009020286666666,0.004599337,0.0008188656666666,0.0024355606666666,0.0062246073333333,0.0029720756666666,0.0037255256666666,0.0062552413333333
0.0031509216666666,0.005569199,0.00443906,0.001884895,0.004480376,0.001519064,0.0074977796666666,0.0128731763333333,0.0006189406666666,0.0015343313333333,0.0099198383333333
1.8299e-05,1.66666666666667e-05,0.0008686523333333,3.162e-05,4.81923333333333e-05,0.0,0.0043047156666666,0.000992609,0.0013867906666666,0.003534636,2.03076666666667e-05
0.0014160386666666,0.0051473383333333,0.0003775606666666,0.0004395853333333,0.002057469,0.0009241076666666,0.001611137,0.002300098,0.0004616283333333,0.000807929,0.0021625226666666
0.0173283866666667,0.0123979066666667,0.0064034536666666,0.0041699256666666,0.008565985,0.0027263393333333,0.0056068886666666,0.0204686966666667,0.000975145,0.010935256,0.0394636666666667
