0.009002971,0.001817972,0.0015759766666666,0.0041748113333333,0.0024852,0.0005137843333333,0.0015184045,0.001265864,9.75748333333333e-05,0.0006485803333333,0.008815824
0.0032528996666666,0.0066360526666666,0.001044959,0.0013954333333333,0.0152802273333333,0.004099183,0.003773049,0.001779535,0.0002101266666666,0.000652071,0.006979568
0.001354552,0.0080837296666666,0.0032436156666666,0.002602892,0.0051995913333333,0.00323837,0.0024120793333333,0.002662088,0.002724346,0.0013448483333333,0.0045180286666666
0.0026534396666666,0.001231025,0.0001532863333333,0.0018574713333333,0.0002570603333333,0.0002925706666666,0.0002952006666666,0.001335924,3.87963333333333e-05,0.0004474766666666,0.0006667643333333
0.0022722793333333,0.007190736,0.0021255613333333,0.0036293036666666,0.0017207183333333,0.0011390456666666,0.0024818806666666,0.001971234,0.0001793226666666,0.0023085113333333,0.0023462983333333
0.0003708963333333,0.001674972,0.0015260456666666,0.0004301946666666,0.0015139353333333,0.0011608193333333,0.0011999266666666,0.0008202756666666,0.0003525053333333,0.0007105216666666,0.001494316
0.0023971796666666,0.013660271,0.0095277596666666,0.003540196,0.009612064,0.001039698,0.001671176,0.0052674003333333,0.0035592486666666,0.0031254593333333,0.0033498353333333
0.004316736,0.005998022,0.006493861,0.0039192913333333,0.0048444023333333,0.0024730243333333,0.0083903586666666,0.0194466473333333,0.000221909,0.0043256506666666,0.015866879
2.0464e-05,1.88366666666667e-05,0.0013908723333333,4.18663333333333e-05,0.0002442483333333,2.9084e-05,0.004082818,0.0001079456666666,0.000999578,0.003962965,1.6467e-05
0.0017523806666666,0.008488741,0.0007631273333333,0.0007621686666666,0.0027380333333333,0.0005516976666666,0.001291077,0.0026731533333333,0.0003407213333333,0.0006806226666666,0.002003708
0.013838695,0.0098362516666666,0.0088642513333333,0.0023896813333333,0.011625413,0.003400451,0.005044061,0.029218816,0.0005817686666666,0.0044087176666666,0.0417524433333333
