0.0042300903333333,0.0007488883333333,0.0004975273333333,5.94833333333333e-05,0.0009210736666666,3.36136666666667e-05,0.001737249,0.000857965,6.66666666666667e-06,0.0007205733333333,0.0073451086666666
0.0033916183333333,0.0112910733333333,0.0012421803333333,0.0004365346666666,0.0021602406666666,0.0012568283333333,0.003960572,0.0003767486666666,0.0001178373333333,0.001091655,0.001896253
0.0007189973333333,0.0053915963333333,0.000463767,0.0019346833333333,0.0012485226666666,0.0009425296666666,0.0016091983333333,0.001140987,0.0004297846666666,0.000819993,0.0034538106666666
0.00172828,0.001823359,0.0002647943333333,0.0002785086666666,8.24233333333333e-05,0.0001158346666666,0.002141485,0.0003076096666666,0.0,0.0001382376666666,0.0002014316666666
0.0015533423333333,0.006221179,0.0003589156666666,0.0005613943333333,0.001524323,0.0003475593333333,0.0039665896666666,0.0032359463333333,1.68376666666667e-05,0.0013609326666666,0.003768933
0.0001918336666666,0.0016801933333333,0.0012861466666666,0.0003182873333333,0.000370693,0.0002507743333333,0.0004947016666666,0.0002154606666666,3.33333333333333e-06,0.0001083743333333,0.0015595956666666
0.0018418453333333,0.0120342203333333,0.004589847,0.0002672356666666,0.0014621426666666,0.000112981,0.0023937573333333,0.0056873676666666,0.0013934353333333,0.0034473696666666,0.0114846266666667
0.004176966,0.005189888,0.0031183456666666,0.0005225876666666,0.0015779216666666,0.0006418813333333,0.0072912876666666,0.0109058913333333,0.000121441,0.0027649083333333,0.0049135696666666
1e-05,0.000155544,0.0001384243333333,3.83733333333333e-06,3.11493333333333e-05,0.0,0.005842137,6.1212e-05,0.001073773,0.0027256003333333,1e-05
0.001063575,0.0029061473333333,0.000141999,0.0003222993333333,0.0004933913333333,0.000112068,0.0028212733333333,0.0010261706666666,0.0002666203333333,0.0001036633333333,0.0004783986666666
0.015028457,0.0077368986666666,0.007161913,0.002485398,0.0035830806666666,0.0007933306666666,0.015590004,0.0124198176666667,3.3018e-05,0.0041951766666666,0.0192419526666667
