0.0040625803333333,0.000645224,0.0004956276666666,0.0001264336666666,0.003485634,0.00017285,0.0012605033333333,0.000992315,0.0004643963333333,0.0002696696666666,0.006101716
0.0017244143333333,0.0105503543333333,0.0008075586666666,0.0004579856666666,0.0043841006666666,0.0010667726666666,0.003759181,0.011048883,0.0005205693333333,0.0004103463333333,0.0025124586666666
0.000357019,0.0076873376666666,0.0010016603333333,0.002692814,0.0039898693333333,0.0024629673333333,0.0009001453333333,0.001284304,0.0015058936666666,0.001217355,0.0050620963333333
0.001167407,0.0016439346666666,0.0001429546666666,0.0025002303333333,0.0001297496666666,0.0010953536666666,0.0004103493333333,0.0003066486666666,2.32133333333333e-05,5.7812e-05,0.000504065
0.0028350113333333,0.0081348593333333,0.0006799,0.0028477956666666,0.0009264353333333,0.0010048706666666,0.00233862,0.002104789,0.0013943886666666,0.0006161656666666,0.0040475843333333
0.0004503463333333,0.0022405116666666,0.0013902826666666,0.0012685,0.001634867,0.000917922,0.0004938326666666,0.00087213,0.0002405883333333,0.0004161466666666,0.0028304356666666
0.0019915276666666,0.0130741693333333,0.00095357,0.0004417546666666,0.001588253,0.000271585,0.0019102306666666,0.0077260173333333,0.0042175443333333,0.0017447516666666,0.002646982
0.0022613173333333,0.0024956463333333,0.0037604523333333,0.000878537,0.0026151393333333,0.0015127933333333,0.0078838243333333,0.0139146633333333,0.0001211183333333,0.0019056476666666,0.0143908603333333
3.33333333333333e-06,1.9146e-05,0.0001250613333333,1.4084e-05,5.36923333333333e-05,0.0,0.0037963076666666,3.70653333333333e-05,0.000972625,0.004778652,0.0001430933333333
0.0016044816666666,0.0074703123333333,0.0002280816666666,9.54156666666667e-05,0.0013215516666666,0.0016432396666666,0.0016744083333333,0.0013497196666666,0.0001896096666666,0.000346644,0.0020574836666666
0.0104763203333333,0.009768833,0.0054908003333333,0.0014002603333333,0.007936044,0.00074019,0.0060827983333333,0.0199234756666667,9.20276666666667e-05,0.0041418233333333,0.0461885966666667
