0.0036107213333333,0.0023397493333333,0.0004346093333333,0.001140675,0.0023390196666666,0.000332147,0.0017365565,0.0005905086666666,0.0001166645,0.0005142923333333,0.0076357176666666
0.0033712506666666,0.0065057133333333,0.0018905346666666,0.0012276836666666,0.0096004666666666,0.0024449003333333,0.0050766156666666,0.003439384,0.000184596,0.0006667843333333,0.004430221
0.0012831316666666,0.0087475613333333,0.0005607236666666,0.0015005513333333,0.0034855466666666,0.00152837,0.001473712,0.0015413346666666,0.00174323,0.0011668586666666,0.0060051746666666
0.0008220623333333,0.0033956573333333,0.0001581456666666,0.0021988066666666,0.0005697723333333,0.0002889406666666,0.0007078946666666,0.0005948233333333,3.72426666666667e-05,0.0001877616666666,0.0028958616666666
0.002643477,0.0131508846666667,0.0020677936666666,0.00112046,0.003117326,0.002022305,0.003573419,0.004913311,0.0001347653333333,0.0016317906666666,0.006093135
0.0005184616666666,0.0031591876666666,0.0026913366666666,0.0006538796666666,0.0014687153333333,0.000737803,0.0006564883333333,0.0003645786666666,0.000235583,0.000318526,0.0012244173333333
0.001990346,0.0165800613333333,0.0016294833333333,0.0010202416666666,0.0044035153333333,0.000968631,0.002672531,0.0038618456666666,0.0016121293333333,0.0026262333333333,0.0087131816666666
0.0051967136666666,0.0043544406666666,0.005036118,0.001232519,0.004330923,0.002549506,0.0072082283333333,0.0160578843333333,0.0004838313333333,0.002763727,0.0166598426666667
2.16866666666667e-05,1e-05,0.0004306253333333,3.61386666666667e-05,4.61963333333333e-05,1.8303e-05,0.0035583986666666,0.0001557376666666,0.000664856,0.002949369,2.6847e-05
0.0017698403333333,0.0029127873333333,0.0004772263333333,0.0003465166666666,0.0014641663333333,0.000674182,0.0032946293333333,0.0017211423333333,0.0004376046666666,0.001566127,0.0020532023333333
0.0092274693333333,0.0067020316666666,0.0076534013333333,0.00341049,0.0083428116666666,0.0030295406666666,0.0104314106666667,0.0290018713333333,0.000321886,0.0049758866666666,0.0373288333333333
