0.0028675393333333,0.0005955213333333,0.000366615,0.000966218,0.0012816026666666,0.000173071,0.0017787943333333,0.0013651936666666,0.0002519513333333,0.0004527733333333,0.006241702
0.000672698,0.0105134823333333,0.000338271,0.0007433466666666,0.0022381816666666,0.0017756303333333,0.0075275393333333,0.0009536943333333,2.30836666666667e-05,0.001372232,0.0028559446666666
0.0002603246666666,0.0075381563333333,0.0002802653333333,0.001448409,0.003135818,0.0014432663333333,0.001515712,0.0030339876666666,0.000622088,0.000487008,0.0056553343333333
0.0009617273333333,0.0019269506666666,3.8142e-05,0.0011412263333333,0.000216991,0.00023646,0.001341751,0.000194207,6.66666666666667e-06,0.000305855,0.0002955773333333
0.002179784,0.00825032,0.0012843416666666,0.000173297,0.0023320376666666,0.0005698853333333,0.0015798663333333,0.0018295506666666,6.48476666666667e-05,0.0014032546666666,0.0034970613333333
0.0002642723333333,0.0019834466666666,0.0010912346666666,0.0003503333333333,0.0025143486666666,0.003040743,0.000682458,0.0004617406666666,0.0002008563333333,0.0005434233333333,0.001622603
0.001320981,0.016252661,0.000608226,0.0004832686666666,0.000898701,0.000581892,0.0018787196666666,0.0037693846666666,0.0023142233333333,0.0051852083333333,0.002805627
0.0025321623333333,0.0024644163333333,0.003118321,0.000509949,0.0022309973333333,0.0008627223333333,0.0072846446666666,0.0125481526666667,0.0001472743333333,0.0023587743333333,0.005813801
9.56333333333333e-05,6.66666666666667e-06,0.000407843,4.376e-06,3.0327e-05,3.33333333333333e-06,0.0055334893333333,2.74613333333333e-05,0.0006016963333333,0.0029601626666666,3.33333333333333e-06
0.000685611,0.00430021,0.0002229096666666,0.0002207233333333,0.0010365846666666,0.000445395,0.0023568743333333,0.002350848,0.0002352096666666,9.7703e-05,0.0096362226666666
0.0130470853333333,0.0117058646666667,0.007525136,0.0018915973333333,0.0052578166666666,0.0032054756666666,0.04731406,0.014847098,0.0001572133333333,0.0041261083333333,0.0325952366666667
