0.0033438363333333,0.000671009,0.000629205,0.0001317863333333,0.0012072316666666,0.0001549213333333,0.0013311746666666,0.0002547666666666,1.17443333333333e-05,0.0004740316666666,0.0043203326666666
0.0014209796666666,0.0020789146666666,0.0013789043333333,0.0009487626666666,0.0029504316666666,0.001138277,0.0064984403333333,0.0096252843333333,0.0001719166666666,0.0006682926666666,0.002241292
0.0013427653333333,0.0050402943333333,0.0012557856666666,0.002914627,0.0039194643333333,0.002352363,0.0027490846666666,0.00286247,0.0018952376666666,0.001972225,0.00521765
0.0012649933333333,0.001210409,9.2966e-05,0.001032306,0.0001602706666666,0.000445377,0.0007630656666666,0.000378301,1.93966666666667e-05,0.0007677946666666,0.0009729503333333
0.0014448946666666,0.0049702366666666,0.0004800253333333,0.0002364206666666,0.0003416193333333,0.0004266006666666,0.00613847,0.005940098,8.82493333333333e-05,0.000722087,0.001360816
9.66263333333333e-05,0.0013016096666666,0.0011820756666666,0.000450308,0.001212557,0.0006356056666666,0.0007830456666666,0.0006320946666666,0.0001503796666666,6.12533333333333e-05,0.0009403503333333
0.001610639,0.00621493,0.0017074566666666,0.000625308,0.004589243,0.000749612,0.0017073726666666,0.0131378773333333,0.001538088,0.005390421,0.0108612506666667
0.0019871966666666,0.0049674193333333,0.0035365876666666,0.0007819123333333,0.0044709826666666,0.0007895343333333,0.0088057763333333,0.013931699,0.0002870436666666,0.002221071,0.0067926436666666
3.33333333333333e-06,1.03976666666667e-05,5.71526666666667e-05,5.82133333333333e-06,0.0001741703333333,3.33333333333333e-06,0.0056451896666666,7.0536e-05,0.0017493256666666,0.0046838753333333,6.1655e-05
0.001229369,0.0007516066666666,0.000587,0.000663922,0.000866068,0.000156668,0.0020097806666666,0.0021301623333333,0.0005194283333333,0.0006456433333333,0.001395116
0.0368157333333333,0.0067287383333333,0.0078068086666666,0.0043146573333333,0.0039006013333333,0.0006164693333333,0.0124303193333333,0.0124705206666667,0.0006377643333333,0.002459776,0.021402261
