0.0054695006666666,0.0018658303333333,0.0009991676666666,0.0034909066666666,0.001684305,9.79286666666667e-05,0.001358798,0.001646855,0.0,0.000342738,0.005236354
0.000785144,0.0068862656666666,0.0013274763333333,0.0005005753333333,0.003479692,0.0004609593333333,0.005434121,0.0015968063333333,2.42763333333333e-05,0.0009522416666666,0.0017342823333333
0.0010442403333333,0.0068613666666666,0.0016114573333333,0.002088503,0.0031091623333333,0.0026739926666666,0.001511783,0.0016759863333333,0.0022052906666666,0.0021799523333333,0.0041959523333333
0.000261132,0.0009671133333333,0.0005758593333333,0.001477882,0.0004117326666666,0.0003848013333333,0.0007770166666666,0.000416664,7.92666666666667e-06,0.0002377373333333,0.0020679026666666
0.001335938,0.0073926053333333,0.0007367116666666,4.5151e-05,0.0009458456666666,0.000640108,0.004000432,0.0018712273333333,0.0002636013333333,0.000761974,0.0013525543333333
0.0002651243333333,0.0020424276666666,0.0019880186666666,0.0010168616666666,0.001481142,0.0005684093333333,0.00097037,0.0002831726666666,0.0003379036666666,0.0005096943333333,0.0007140483333333
0.003024244,0.0123901686666667,0.0032359406666666,0.0010326206666666,0.0016818296666666,0.000424926,0.0271726903333333,0.0044302566666666,0.001183514,0.004293833,0.0041654996666666
0.002616252,0.0021439303333333,0.0042605956666666,0.0010271563333333,0.0028786343333333,0.0008807466666666,0.0071877993333333,0.011683513,0.0001162646666666,0.0045898686666666,0.0074516123333333
4.3676e-05,3.58533333333333e-05,0.0002071386666666,4.02133333333333e-06,3.5085e-05,3.33333333333333e-06,0.0048079196666666,4.4096e-05,0.0007947926666666,0.0053348296666666,3.33333333333333e-06
0.0006129393333333,0.002666213,0.000310746,8.26493333333333e-05,0.000244544,0.0003490676666666,0.004014621,0.001063869,0.0003453826666666,0.0020734756666666,0.0008441596666666
0.0076097883333333,0.0079033043333333,0.0078235313333333,0.0014707406666666,0.006261205,0.00296409,0.03449346,0.0202890833333333,0.001295497,0.0063623953333333,0.0281596913333333
