0.0031434843333333,0.0034908576666666,0.0,0.0005117733333333,0.0034771976666666,0.0,0.0,0.0052908483333333,0.0,0.0,0.0048177863333333
0.002730011,0.0039559096666666,0.0,0.002462981,0.004964735,6.66666666666667e-06,6.772e-06,0.026928743,0.0,8.83473333333333e-05,0.004477938
0.0008404726666666,0.0043135433333333,0.0017997923333333,0.004842758,0.003784696,0.0024900463333333,5.718e-06,0.0048248206666666,0.0020596283333333,0.0002578706666666,0.004877893
0.001923237,7.64723333333333e-05,0.0,0.0140723546666667,1e-05,0.0,0.0,0.00064983,0.0,0.0,0.0135709953333333
0.001377121,0.010417414,0.0,0.001206264,0.003503845,0.003668696,0.0,0.0182303446666667,0.0,3.55666666666667e-06,0.002291072
0.000420771,0.0020971043333333,0.0008043956666666,0.0023125556666666,0.0013034136666666,0.000769119,0.0,0.0022833533333333,6.66666666666667e-06,3.33333333333333e-06,0.0011534963333333
0.0015836933333333,0.0010610436666666,0.0011408563333333,0.0103496106666667,0.000212472,1.62286666666667e-05,0.001700261,0.0067871896666666,0.0012481853333333,0.0025343503333333,0.0114450693333333
0.003785481,0.0001241773333333,0.0,0.0024235996666666,1.33333333333333e-05,8.5e-06,1.3612e-05,0.0559688966666667,1e-05,9.07906666666667e-05,0.010232226
9.9202e-05,1e-05,0.0013778756666666,0.000556149,1.64733333333333e-05,0.0001156623333333,0.0044521716666666,0.000576627,0.0020381416666666,0.0073410786666666,8.7254e-05
0.0007834836666666,7.49706666666667e-05,0.001252137,0.0022274683333333,3.83523333333333e-05,0.000396872,0.002542335,0.0064880926666666,0.001345284,0.000785897,0.0036093686666666
0.0187530333333333,3.7365e-05,0.0,0.0087355096666666,2.033e-05,3.33333333333333e-06,4.56666666666667e-06,0.06442743,6.66666666666667e-06,0.000243272,0.03424991
