0.003502229,0.001641131,0.000496151,0.002118458,0.0028542396666666,0.0006658883333333,0.0023124786666666,0.0015097786666666,1.95146666666667e-05,0.000743865,0.003928672
0.0012478873333333,0.0148952733333333,0.003784632,0.0017547816666666,0.005965648,0.00614629,0.0706976366666667,0.0021459183333333,0.0004522286666666,0.0017214106666666,0.0044279723333333
0.000464868,0.0064665043333333,0.0010382643333333,0.0026352626666666,0.0038786243333333,0.0033909246666666,0.003571205,0.004956754,0.001343137,0.0022049876666666,0.0048809713333333
0.001602124,0.002006713,0.0001431366666666,0.000936173,0.000203498,0.0005538413333333,0.0011150863333333,0.000532709,0.0,0.0006913706666666,0.000705076
0.0017525793333333,0.0097192326666666,0.0023831853333333,0.0023757913333333,0.003601005,0.0009375493333333,0.0042395683333333,0.0043181433333333,0.0001637096666666,0.001677966,0.0048546326666666
0.0001827716666666,0.0037698903333333,0.0019245436666666,0.0005686156666666,0.001425639,0.0010335813333333,0.0011418813333333,0.0016200793333333,4.12403333333333e-05,0.0004820113333333,0.0011470993333333
0.004762504,0.0165466413333333,0.00150592,0.003716634,0.0058915863333333,0.0015437786666666,0.0044491153333333,0.0167716243333333,0.001799243,0.0087665076666666,0.014116096
0.0042555516666666,0.0085710283333333,0.0037833813333333,0.0015444843333333,0.005988148,0.0013759686666666,0.0141275953333333,0.028942995,0.0013698576666666,0.0064862313333333,0.010408425
1.40013333333333e-05,7.03596666666667e-05,0.001528015,0.0,3.12343333333333e-05,1.77316666666667e-05,0.0051069886666666,2.75136666666667e-05,0.0027098963333333,0.0048552203333333,0.0004653603333333
0.0016468193333333,0.0024331836666666,0.0006600143333333,0.0003565726666666,0.001953151,0.0008131746666666,0.0081372283333333,0.0020502103333333,0.0009511543333333,0.000767647,0.0007902713333333
0.013810725,0.010209987,0.006164358,0.0033021093333333,0.0086830583333333,0.002838339,0.019131394,0.020791905,0.0008793426666666,0.0068346016666666,0.0227133256666667
