0.0031273476666666,0.0011944686666666,0.0005528346666666,0.0014306323333333,0.0014178213333333,0.0006012853333333,0.0021651066666666,0.0012822926666666,0.0,0.0003530996666666,0.0034916883333333
0.004401543,0.009196803,0.0016046826666666,0.001132017,0.0067528613333333,0.003726842,0.0032162463333333,0.0009450363333333,0.0007332953333333,0.0006496063333333,0.0026827203333333
0.000298996,0.007048667,0.0012832236666666,0.002082313,0.0032967186666666,0.0015953643333333,0.0012652496666666,0.0016284446666666,0.0012918686666666,0.0009467606666666,0.003763839
0.0002503306666666,0.0012728416666666,0.000371037,0.002090429,0.001018277,0.0001767203333333,0.0013571596666666,0.000769014,4.89953333333333e-05,0.0001727686666666,0.0013211183333333
0.001219817,0.004578336,0.001092646,0.003385534,0.0004724043333333,0.000547555,0.0009142593333333,0.0033412896666666,3.12996666666667e-05,0.0011115633333333,0.0014791956666666
0.0001503783333333,0.0025192543333333,0.0008785916666666,0.0004872483333333,0.0012518006666666,0.0001546983333333,0.00066893,0.0003941183333333,0.0002520616666666,0.000305543,0.001361726
0.0023787023333333,0.0050199263333333,0.0010886406666666,0.0017519826666666,0.001819567,0.0002022333333333,0.0007004453333333,0.005736572,0.003637133,0.0020310286666666,0.002412736
0.0037320246666666,0.003503881,0.0034790733333333,0.001198491,0.0029208873333333,0.0009289446666666,0.0060245733333333,0.007508926,0.0002449296666666,0.002160529,0.00577278
1e-05,1.78e-05,0.0001103193333333,0.0,3.36256666666667e-05,3.33333333333333e-06,0.003740065,2.5792e-05,0.0008830066666666,0.0036987856666666,1.0253e-05
0.0008605966666666,0.0047631916666666,0.0002808,0.0004410056666666,0.0006361866666666,0.0003632663333333,0.001173532,0.002222821,0.000421858,0.0004859033333333,0.005219667
0.013757031,0.0103610906666667,0.006100011,0.0022394146666666,0.0057573473333333,0.0015879603333333,0.0035125966666666,0.017353877,0.000543754,0.0027607686666666,0.0194300483333333
