0.0036045376666666,0.0039804406666666,0.000153714,0.0066195253333333,0.0032743696666666,0.0011281566666666,4.86e-06,0.0032155843333333,0.0,6.18266666666667e-05,0.009416791
0.0060643983333333,0.0258880816666667,0.014151752,0.004902646,0.0093161213333333,0.004273897,1.0751e-05,0.0067689206666666,1e-05,0.000682008,0.0105033273333333
0.001186138,0.001750316,0.01331143,0.0052943566666666,0.0095329243333333,0.0043756693333333,0.0,0.0002822066666666,0.0353929366666667,3.33333333333333e-06,0.0039805933333333
0.0067121023333333,9.0978e-05,0.0001678713333333,0.0446330566666667,6.54003333333333e-05,1.10826666666667e-05,0.0,0.0015370733333333,0.0,0.0,0.0149663293333333
0.0024033176666666,0.0189521913333333,0.00418791,0.0024779616666666,0.0033388626666666,0.0030344616666666,3.33966666666667e-06,0.0091937606666666,3.33333333333333e-06,0.0001286466666666,0.0039912873333333
0.0015114156666666,0.0049319183333333,0.002244828,0.001197827,0.0041385616666666,0.001520053,0.0,0.0015334973333333,4.265e-06,3.06386666666667e-05,0.0028693663333333
0.0045653276666666,0.0002583463333333,1.0754e-05,0.013831006,1.50836666666667e-05,4.21353333333333e-05,0.0024831686666666,0.0001106756666666,0.03400634,0.0026338396666666,0.012086761
0.008945854,0.0177610523333333,0.017163068,0.008684565,0.0085304776666666,0.0039438536666666,3.33333333333333e-06,0.0325487596666667,3.33333333333333e-06,0.000338158,0.017880639
0.0001906646666666,3.33333333333333e-06,0.0,0.000125084,3.33333333333333e-06,1.20843333333333e-05,0.010251762,6.66666666666667e-06,0.03928835,0.0060810283333333,0.00031029
0.003790693,0.000412351,0.0001711176666666,0.000902591,2.53823333333333e-05,0.0001095576666666,0.002188745,0.0002407583333333,0.0193842373333333,0.0008305986666666,0.002365999
0.014862806,0.020405198,0.00027149,0.04083882,0.009297954,0.0043434423333333,9.629e-06,0.0227146496666667,1.1098e-05,0.0009071243333333,0.0374542866666667
