0.0006535356666666,0.000563318,0.0002918703333333,0.0042473296666666,0.0010744876666666,4.09446666666667e-05,0.0004316103333333,0.0003168543333333,1.09066666666667e-05,0.0001685516666666,0.0029339123333333
0.0017806756666666,0.011484897,0.0010924726666666,0.0012174596666666,0.00273288,0.0006692136666666,0.0040910813333333,0.0031798716666666,6.4786e-05,0.000823548,0.0012743476666666
0.0005621546666666,0.0045507353333333,0.001414728,0.002737083,0.0037743643333333,0.0032995423333333,0.0016953223333333,0.0032410523333333,0.0011958736666666,0.0005263653333333,0.0049242166666666
0.0016820043333333,0.001180949,0.00010175,0.0021262773333333,0.000341517,0.0001682993333333,0.0003651966666666,0.0001756326666666,0.0,0.000101168,0.0014363593333333
0.0021920806666666,0.0031175413333333,0.000595308,0.000794559,0.0007514106666666,0.0001712933333333,0.001626479,0.0027128926666666,3.16443333333333e-05,0.0004899036666666,0.001114341
0.0004723093333333,0.0008974436666666,0.0006880103333333,0.0004177253333333,0.0013584736666666,0.0010164856666666,0.000544478,0.000403764,0.00025156,8.03533333333333e-05,0.0007847876666666
0.00225978,0.0069077943333333,0.0007028686666666,0.0007642353333333,0.0006706213333333,0.000339839,0.0010157063333333,0.0029188356666666,0.0024579256666666,0.0031270633333333,0.0067152976666666
0.001867377,0.002164211,0.0028688476666666,0.0011888433333333,0.001069155,0.0010328393333333,0.0074048933333333,0.0071689363333333,8.69426666666667e-05,0.0032588993333333,0.0044803836666666
3.33333333333333e-06,0.0,0.001141838,0.0,1.9067e-05,3.33333333333333e-06,0.004024601,3.33333333333333e-06,0.0009589093333333,0.0040063896666666,1.33333333333333e-05
0.0008744706666666,0.0017424736666666,9.541e-05,0.000106248,0.000689636,7.9242e-05,0.001485826,0.000982678,0.0008044936666666,0.0001040746666666,0.0008565536666666
0.0112934916666667,0.009410306,0.0090920643333333,0.0020177956666666,0.00436812,0.0050450223333333,0.0107603626666667,0.013925873,0.0003373743333333,0.0043212296666666,0.032099381
