0.0028774066666666,0.001147109,0.0007914613333333,0.0017072346666666,0.0020596293333333,0.0001121343333333,0.0015192816666666,0.0006069443333333,5.93333333333333e-06,0.000843143,0.0035422386666666
0.001995089,0.0054849983333333,0.0011026233333333,0.0005330876666666,0.0031925603333333,0.0007936726666666,0.0036731053333333,0.0018754173333333,4.04876666666667e-05,0.000703791,0.0030467106666666
0.001380568,0.0081677053333333,0.0013094013333333,0.002953565,0.0033532693333333,0.0022228413333333,0.002047537,0.0008017986666666,0.0009969053333333,0.0018822336666666,0.0045883303333333
0.0013936263333333,0.001593336,0.000226253,0.0019716626666666,6.0303e-05,0.0001207603333333,0.001588488,0.0002306033333333,0.0,0.0001966223333333,0.000207958
0.0009868653333333,0.007737512,0.0010782066666666,4.3087e-05,0.0018225783333333,0.0001491313333333,0.010052434,0.001636222,0.0004716606666666,0.0028374406666666,0.001900431
0.000644643,0.002075071,0.0005247533333333,0.0012970733333333,0.001487594,0.000752361,0.0006017393333333,0.0003399776666666,0.0004714886666666,0.0004988906666666,0.0011080603333333
0.002169874,0.00854674,0.000970051,0.0010874796666666,0.001808605,0.0005422846666666,0.0028804746666666,0.0027881686666666,0.0034143323333333,0.003096315,0.0111867136666667
0.0027032413333333,0.003224503,0.0033205096666666,0.001191094,0.0013949273333333,0.0005437906666666,0.0078427243333333,0.009806496,0.00059131,0.0041815303333333,0.011966521
0.0001887433333333,0.0,0.0002601396666666,3.33333333333333e-06,2.74446666666667e-05,6.66666666666667e-06,0.0052231783333333,6.87776666666667e-05,0.0010060123333333,0.004910387,8.924e-06
0.0009153926666666,0.0020010946666666,0.0002886823333333,0.0001900123333333,0.0006902426666666,0.0003588556666666,0.0123390706666667,0.0014700123333333,0.00042377,0.0021308903333333,0.0014562706666666
0.0115246996666667,0.009026219,0.0065268423333333,0.0027876996666666,0.004453098,0.001374352,0.0175502866666667,0.0204145373333333,0.0003783786666666,0.0069601446666666,0.0268081743333333
