0.004416879,0.0014061883333333,0.0012082713333333,0.0037256126666666,0.0017790973333333,0.000197586,0.0021529193333333,0.0009096676666666,8.67413333333333e-05,0.0008036536666666,0.0043715376666666
0.003178275,0.0114076773333333,0.0044641066666666,0.0007924233333333,0.0086747776666666,0.0007705476666666,0.0099779776666666,0.0015282636666666,6.60946666666667e-05,0.0007114523333333,0.00301662
0.001084196,0.0073890793333333,0.003469793,0.002199743,0.0055804143333333,0.00305182,0.0046797793333333,0.0028193146666666,0.0017966093333333,0.0022980273333333,0.006311279
0.0006552816666666,0.0018381793333333,0.0008384703333333,0.000894118,0.0005743146666666,0.000520803,0.0009456176666666,0.000347629,1.48186666666667e-05,0.000170721,0.001164606
0.002767597,0.0101560073333333,0.0046848916666666,0.0007568536666666,0.012386152,0.0009684993333333,0.0056899676666666,0.0010477503333333,0.000185737,0.0027557386666666,0.002417786
0.0004046623333333,0.0028011466666666,0.0029176713333333,0.001140164,0.0020935833333333,0.0012756353333333,0.0008142836666666,0.0004291906666666,0.0003726486666666,0.001223391,0.0022639983333333
0.0023915266666666,0.025797454,0.006576876,0.0013950286666666,0.0067958926666666,0.0011225433333333,0.0019067673333333,0.0065678636666666,0.0018979426666666,0.0072038356666666,0.0055661376666666
0.0056389946666666,0.0054527796666666,0.004476952,0.0020027483333333,0.0032582246666666,0.0014291773333333,0.0080017156666666,0.0102944033333333,0.0002221963333333,0.0033633293333333,0.010718783
1.33333333333333e-05,0.000227021,0.0026291836666666,2.01213333333333e-05,5.8769e-05,1e-05,0.0054518976666666,0.0002268073333333,0.001675644,0.0038187813333333,3.76486666666667e-05
0.001903692,0.0032780853333333,0.0014376613333333,0.0005339023333333,0.001077497,0.0003097606666666,0.005042485,0.0013833,0.0026794983333333,0.0014769466666666,0.0016802886666666
0.0154520996666667,0.0117860353333333,0.007676974,0.0028988843333333,0.0076681433333333,0.002581276,0.0090464623333333,0.017058228,0.0004767096666666,0.0076950856666666,0.0247748843333333
