0.003200174,0.0005457946666666,0.0007961593333333,0.000289445,0.0014419346666666,2.98863333333333e-05,0.001620588,0.000288177,1.84493333333333e-05,0.000346574,0.0024351886666666
0.0018381476666666,0.0047442856666666,0.0022433196666666,0.0005512943333333,0.0024848626666666,0.000209861,0.0047050516666666,0.0003462066666666,0.0001266056666666,0.0005219406666666,0.0024772576666666
0.000485967,0.0074902676666666,0.0019002456666666,0.0017312793333333,0.002986463,0.0026647533333333,0.0004529036666666,0.0011035526666666,0.0011700236666666,0.001668335,0.0052915956666666
0.0003195806666666,0.000585756,0.000119337,0.0015044826666666,0.000116947,0.0001962843333333,0.0008463213333333,0.0001820486666666,0.0,0.000193693,0.0001801373333333
0.0012909096666666,0.004496424,0.0008455223333333,0.000501622,0.0012766636666666,0.0002838133333333,0.0018825956666666,0.0017213623333333,5.37313333333333e-05,0.00201002,0.001754451
0.0001245733333333,0.001134879,0.00122202,0.0003203003333333,0.0011119223333333,0.0006779133333333,0.000453882,0.0001725706666666,0.000185859,0.0005903363333333,0.0005711436666666
0.0017346663333333,0.008003339,0.0005073303333333,0.000263049,0.0010303576666666,0.0005641816666666,0.0021787883333333,0.0036049426666666,0.0025916363333333,0.002192679,0.0093358186666666
0.0016388376666666,0.0008506276666666,0.0029534386666666,0.0006538633333333,0.002767932,0.0020442553333333,0.005408618,0.006764987,0.000164722,0.0023865206666666,0.0035499693333333
7.735e-06,6.66666666666667e-06,0.0010455106666666,6.66666666666667e-06,0.000605596,3.33333333333333e-06,0.0039003043333333,2.31546666666667e-05,0.000511647,0.003026143,6.66666666666667e-06
0.000767993,0.0010782933333333,0.0001245293333333,0.0001187556666666,0.0002297376666666,5.38003333333333e-05,0.0031203586666666,0.0005880413333333,0.00036077,0.000594505,0.0007153713333333
0.014584353,0.0058878393333333,0.007232548,0.001469273,0.0041497646666666,0.001056829,0.0149158656666667,0.0124558553333333,0.00013197,0.003068173,0.0268528476666667
