0.0062680396666666,0.002484852,0.0009767656666666,0.00061166,0.004543675,0.0008282126666666,0.0017792636666666,0.0015609916666666,3.7986e-05,0.0008081786666666,0.0068951693333333
0.0016154033333333,0.0148785683333333,0.0029427183333333,0.004126662,0.0084401186666666,0.0025252063333333,0.009180897,0.004128014,0.000624179,0.0024705276666666,0.0065985876666666
0.0012652366666666,0.0077324583333333,0.0012806483333333,0.001728718,0.0038895696666666,0.002071699,0.00067331,0.0022838273333333,0.001118473,0.0011599586666666,0.0055906633333333
0.0004224476666666,0.0045529266666666,0.000552323,0.0008155863333333,0.0010569993333333,0.0005746026666666,0.0035723323333333,0.0010422653333333,0.000311861,0.0003501866666666,0.0011240943333333
0.002261775,0.0143896403333333,0.0016957896666666,0.0006356063333333,0.0059959336666666,0.002344041,0.0076501123333333,0.007519687,0.000251837,0.001662281,0.0080650313333333
0.0008972856666666,0.0035938966666666,0.0011213473333333,0.001870047,0.002732824,0.0010766033333333,0.0020509163333333,0.000912087,0.0001292326666666,0.000387044,0.0033597563333333
0.002580615,0.0183481213333333,0.0032962126666666,0.0015921276666666,0.0094089063333333,0.0013500786666666,0.001720582,0.0099709133333333,0.001148326,0.004780969,0.012482676
0.0034075233333333,0.0088830616666666,0.003771571,0.003164447,0.008887396,0.0030168606666666,0.014131901,0.0271079253333333,0.0006595186666666,0.005162052,0.0182407703333333
2.28883333333333e-05,0.0003012756666666,0.000274448,4.01743333333333e-05,0.00190139,9.04893333333333e-05,0.005734151,6.7306e-05,0.0018464306666666,0.0073614896666666,0.0001469173333333
0.0013216783333333,0.0024390876666666,0.0004979576666666,0.0003878303333333,0.0027377836666666,0.0006418276666666,0.003325061,0.001480401,0.0025580276666666,0.000556739,0.0010154356666666
0.0163889363333333,0.0166579066666667,0.0059903493333333,0.0032215923333333,0.0095263093333333,0.0022643626666666,0.0137208043333333,0.021312526,0.000466728,0.005859721,0.0480942666666667
