0.0032091473333333,0.0028884203333333,0.000763328,0.0005712596666666,0.0037274053333333,0.0010722693333333,0.0019644128333333,0.003015375,0.0004236225,0.0005921316666666,0.0089081266666666
0.00264457,0.0156332463333333,0.0021461193333333,0.002563354,0.0085120076666666,0.0011104896666666,0.0074983343333333,0.001468371,0.00046223,0.001574508,0.0120200756666667
0.0024738936666666,0.0145235586666667,0.0018192593333333,0.0029599006666666,0.0030283593333333,0.0038539743333333,0.0017543463333333,0.0026926866666666,0.0047555593333333,0.0021707826666666,0.005581821
0.0021125606666666,0.0028293143333333,0.0006103883333333,0.0009002623333333,0.000516441,0.000209319,0.0006149176666666,0.0005669593333333,3.46786666666667e-05,0.0001574323333333,0.000658928
0.003780139,0.013985385,0.002022674,0.0002896983333333,0.0039263503333333,0.000791125,0.0040701953333333,0.0041023673333333,0.0003098383333333,0.0016673753333333,0.004988609
0.000330867,0.0032347656666666,0.0034483603333333,0.0004306066666666,0.0025211683333333,0.000596628,0.0013117546666666,0.0007481126666666,0.000209701,0.0003240796666666,0.002301706
0.0046151623333333,0.016579147,0.0027524136666666,0.0023070793333333,0.006020847,0.0015864263333333,0.0019918573333333,0.0103767766666667,0.002825776,0.005294044,0.0147636283333333
0.0054961596666666,0.0107724313333333,0.0046998853333333,0.0028654493333333,0.0062445326666666,0.002542475,0.008052336,0.0211500146666667,0.0007497973333333,0.0036630356666666,0.0131394993333333
2.81926666666667e-05,0.0001056003333333,0.0012713283333333,0.000205594,7.9809e-05,0.0001351823333333,0.0091401316666666,0.0002485266666666,0.0032179953333333,0.004332753,0.000435411
0.0016008816666666,0.002949623,0.001011189,0.000472326,0.0020860193333333,0.0006578,0.0042489816666666,0.0020310493333333,0.000584557,0.000638167,0.002910302
0.0151392053333333,0.0151318213333333,0.007735469,0.0027983453333333,0.0125509176666667,0.00231773,0.0138801566666667,0.01780221,0.000664493,0.0060222956666666,0.0527864466666667
