0.0055367723333333,0.0012049026666666,0.0002351953333333,0.0002055876666666,0.001661924,0.000499097,0.0030759725,0.0006910573333333,0.0001083875,0.001009591,0.0049014846666666
0.0167364486666667,0.0127432183333333,0.0009443496666666,0.0018518306666666,0.007450718,0.001600061,0.0082298973333333,0.0030816303333333,0.0008403393333333,0.0022773183333333,0.003079702
0.0002547893333333,0.0055472433333333,0.0016677283333333,0.0020682056666666,0.0009845573333333,0.003345172,0.0016439263333333,0.0006851826666666,0.000911909,0.001996041,0.002579681
0.0005754906666666,0.0020955543333333,0.0001459506666666,0.0025021253333333,0.0003470913333333,0.001476173,0.0017878683333333,0.0001645433333333,3.33333333333333e-06,0.0010661916666666,0.001064555
0.0004762536666666,0.0115543403333333,0.001182731,0.0002526913333333,0.000558391,0.0014346553333333,0.0013400516666666,0.0024586866666666,0.000578214,0.0025461913333333,0.0040550263333333
0.0003039273333333,0.003868766,0.001249447,0.000327441,0.001652729,0.0017527006666666,0.0006929923333333,0.0005170696666666,0.00020062,0.000642279,0.0009821673333333
0.000615076,0.0170983583333333,0.0025992733333333,0.000219903,0.0017253376666666,0.001675046,0.001720924,0.0045181583333333,0.0022826563333333,0.0055600003333333,0.0051605403333333
0.001875171,0.00552866,0.0016259176666666,0.0008412833333333,0.0024647353333333,0.0025198333333333,0.0097141876666666,0.0148295453333333,0.0003173353333333,0.0029588813333333,0.0097303956666666
3.33333333333333e-06,4.799e-06,4.9666e-05,3.33333333333333e-06,4.87336666666667e-05,0.0,0.0012002046666666,1.05053333333333e-05,0.0009564276666666,0.0030988946666666,1.2959e-05
0.0034032516666666,0.0085001216666666,0.0021380003333333,0.001734732,0.005895191,0.0027902776666666,0.0070119343333333,0.0021305266666666,0.0002239703333333,0.0030357946666666,0.007967149
0.008746341,0.0122178293333333,0.0075293146666666,0.0023687843333333,0.0057396076666666,0.0029068486666666,0.0125000996666667,0.01714795,0.000182019,0.0052964296666666,0.030230961
