0.0012382166666666,0.0010490296666666,0.0020573873333333,0.0016517136666666,0.0041122953333333,0.0001828356666666,0.001140216,0.00094949,8.65206666666667e-05,0.0003642526666666,0.0046093286666666
0.0032151503333333,0.008035901,0.0024679013333333,0.0011526626666666,0.0088049523333333,0.0018278053333333,0.0064902126666666,0.0014785453333333,8.67173333333333e-05,0.000862568,0.002904486
0.0012137886666666,0.0065762053333333,0.0016314673333333,0.0031778706666666,0.0048310453333333,0.003063343,0.0036533573333333,0.001848561,0.0020138963333333,0.0027241556666666,0.0048471476666666
0.0005263476666666,0.000964199,0.000209609,0.002092532,0.0009646536666666,0.000318732,0.0017110996666666,0.000235293,1.29316666666667e-05,0.0001384046666666,0.0012869786666666
0.002926602,0.011525413,0.0047464493333333,0.00137088,0.002582248,0.0008514556666666,0.0017076046666666,0.00320345,0.0001417883333333,0.0013237836666666,0.0024084266666666
0.0008605026666666,0.0024648846666666,0.0011246223333333,0.0002097246666666,0.0015232256666666,0.0008690506666666,0.0012915463333333,0.0002156033333333,0.0004147283333333,0.000543216,0.001165322
0.0047191023333333,0.0116562086666667,0.0042784263333333,0.0011569786666666,0.00409689,0.001035684,0.002407259,0.004137897,0.0055548096666666,0.00463817,0.0052148253333333
0.006253493,0.0031466133333333,0.005084248,0.001147481,0.003470005,0.0012593296666666,0.0098616873333333,0.009986217,0.0006417676666666,0.0033372526666666,0.0245392066666667
6.66666666666667e-06,0.0,0.001475055,1.3588e-05,2.6352e-05,1.41036666666667e-05,0.003432128,4.4824e-05,0.000723828,0.0032804796666666,3.01783333333333e-05
0.001400479,0.0024926046666666,0.001237537,0.000496602,0.0015088403333333,0.0020371666666666,0.0079701583333333,0.001236253,0.0003809706666666,0.000528242,0.002530737
0.0186362326666667,0.0062209553333333,0.010740203,0.0035593033333333,0.0089040346666666,0.00460666,0.0104739416666667,0.021384447,0.0006768576666666,0.004867128,0.0302313453333333
