0.003035585,0.001134056,0.0017546793333333,0.0020412063333333,0.0021380346666666,0.0001537873333333,0.0019036526666666,0.0006923123333333,5.41366666666667e-06,0.0004389266666666,0.004279964
0.0013212296666666,0.0125069296666667,0.004692148,0.001147661,0.0040548293333333,0.000678569,0.0095238256666666,0.001182208,0.0003989856666666,0.0005969916666666,0.007057521
0.0006393576666666,0.0053734426666666,0.002246517,0.0040906583333333,0.0040533713333333,0.0031691876666666,0.0047752926666666,0.0028306716666666,0.0021800673333333,0.0023204766666666,0.0042122343333333
0.001936218,0.0013400723333333,0.0002110486666666,0.0007486953333333,0.0001934086666666,0.000344439,0.0015497153333333,0.0006765626666666,1.66563333333333e-05,0.0004163496666666,0.0006687183333333
0.0017846606666666,0.0079041143333333,0.001426041,0.000503057,0.001567444,0.0004184263333333,0.0123066143333333,0.0028881983333333,9.2054e-05,0.0014839786666666,0.0033764563333333
0.0005569196666666,0.0029932386666666,0.001439777,0.0015045396666666,0.001715015,0.0017797243333333,0.0006672363333333,0.0006005376666666,0.0003973313333333,0.0003833493333333,0.0012927926666666
0.0025751806666666,0.0098549886666666,0.0018087823333333,0.0039012846666666,0.0036056733333333,0.0006310193333333,0.003188807,0.004199069,0.002158212,0.0051275026666666,0.004801851
0.002897772,0.0081502293333333,0.0024733623333333,0.0012761046666666,0.0031229236666666,0.0016601216666666,0.00984904,0.0101507403333333,0.000685298,0.0032811336666666,0.00790465
1.23363333333333e-05,3.87043333333333e-05,0.00122603,3.824e-06,4.13213333333333e-05,3.33333333333333e-06,0.0057700196666666,4.09393333333333e-05,0.0006141226666666,0.00383471,2.24743333333333e-05
0.001083425,0.0012547473333333,0.00091467,0.0007647483333333,0.001259039,0.0004260626666666,0.0040296163333333,0.000803577,0.001537408,0.0008658183333333,0.001292117
0.0149139316666667,0.009703643,0.008214458,0.002121199,0.004553993,0.002044051,0.0069253283333333,0.0180293176666667,0.0010306833333333,0.00561679,0.0260558693333333
