0.0035878076666666,0.0017754896666666,0.0005497033333333,0.0015429966666666,0.0026606993333333,0.00071736,0.001808928,0.001274342,9.5452e-05,0.0006365883333333,0.004054412
0.0027315806666666,0.011326085,0.001154838,0.0014416276666666,0.0032029786666666,0.0027736803333333,0.0038570486666666,0.0023621356666666,0.00081031,0.0017178476666666,0.0044996203333333
0.0007441303333333,0.008585698,0.001860956,0.0031620323333333,0.003683882,0.0034790806666666,0.0064005813333333,0.001571369,0.0014799336666666,0.0078955586666666,0.0056892923333333
0.0045138773333333,0.001023871,0.000214192,0.0017121016666666,0.0002985466666666,0.000572693,0.0006847546666666,0.0003277156666666,3.35286666666667e-05,0.000300177,0.0011590476666666
0.0020580843333333,0.007587507,0.0020143443333333,0.001001854,0.010310519,0.0024849236666666,0.0020893616666666,0.0046108836666666,0.001230969,0.003813923,0.0040250716666666
0.0003289503333333,0.001740789,0.001983851,0.0005918953333333,0.0023079993333333,0.001882925,0.0011802793333333,0.0002480443333333,0.0003361326666666,0.00052811,0.0012252666666666
0.0029991903333333,0.0097385183333333,0.0021449116666666,0.0025760123333333,0.0035946966666666,0.0017078506666666,0.0013018006666666,0.0031817546666666,0.0027015933333333,0.0024807663333333,0.0110582883333333
0.0034579533333333,0.0043018916666666,0.004002341,0.001211747,0.0048145256666666,0.000868258,0.0093442416666666,0.0117020826666667,0.001302003,0.0031877416666666,0.0097348273333333
3.79066666666667e-05,3.33333333333333e-06,0.000780964,2.0896e-05,5.7169e-05,1e-05,0.0047911546666666,0.0,0.0012238583333333,0.0053339316666666,1.26483333333333e-05
0.0013324533333333,0.0019355146666666,0.0024074326666666,0.0006271083333333,0.0011997643333333,0.000588933,0.0018805793333333,0.0011746353333333,0.001428407,0.0010102063333333,0.0008068113333333
0.0147884813333333,0.0196896456666667,0.0082287273333333,0.003223335,0.0049419266666666,0.003437377,0.0162738786666667,0.0277277936666667,0.0013164606666666,0.0036516513333333,0.0204615773333333
