0.0068078116666666,0.0010091303333333,0.0008377173333333,0.000227922,0.002073189,0.000176683,0.0020224966666666,0.0007273066666666,4.3949e-05,0.0007020133333333,0.004773102
0.0007925246666666,0.00768242,0.0040177656666666,0.000825563,0.002877954,0.0008741773333333,0.006572256,0.0011193136666666,0.000201744,0.0012167596666666,0.0027336676666666
0.0005035333333333,0.0056340483333333,0.0009135016666666,0.0021587793333333,0.0032351066666666,0.0019652963333333,0.002781148,0.0018976746666666,0.0007656756666666,0.001065776,0.0036759586666666
0.0002892923333333,0.0010414803333333,0.00025565,0.0016092773333333,0.0005178913333333,0.0003194766666666,0.0006750686666666,0.0002939186666666,5.321e-06,0.001096485,0.00027886
0.001421204,0.0034588286666666,0.0018188103333333,0.0002863336666666,0.0004528883333333,0.0004200406666666,0.0034652686666666,0.0034224356666666,0.0006892903333333,0.000939844,0.0027596373333333
0.000346016,0.001339797,0.0010835893333333,0.0005865996666666,0.0013444486666666,0.000572308,0.001160166,0.000127408,0.0002803396666666,0.001243551,0.001249789
0.0010390493333333,0.0083494603333333,0.0008300303333333,0.000850428,0.0017882443333333,0.0009000213333333,0.003275401,0.0044597676666666,0.002207905,0.0040551746666666,0.0048813416666666
0.0024715693333333,0.001309451,0.002657873,0.0010338333333333,0.002042444,0.0008762056666666,0.010212751,0.0092249656666666,0.0001656183333333,0.0030690313333333,0.0043883186666666
0.0001748686666666,6.66666666666667e-06,0.0003970886666666,6.66666666666667e-06,0.0007388366666666,0.0,0.0053170033333333,5.05133333333333e-05,0.000619712,0.0032082923333333,0.0
0.0005115913333333,0.001398132,0.0002575916666666,0.000318464,0.0007708466666666,0.0002950966666666,0.002510705,0.0007805606666666,0.0003434976666666,0.0003133573333333,0.0051007096666666
0.0075765896666666,0.011751169,0.0070851323333333,0.0033453933333333,0.0067864533333333,0.0013708383333333,0.011977101,0.014897238,0.0002379526666666,0.0036359383333333,0.0290811996666667
