0.002773044,0.0006136033333333,0.000636918,6.95566666666667e-05,0.0011366056666666,0.0002649713333333,0.0011364823333333,0.0002494886666666,2.4072e-05,0.000485743,0.002574879
0.002534292,0.0115613756666667,0.001782829,0.000897867,0.0028461366666666,0.0008074906666666,0.0051659033333333,0.0006451393333333,0.000133121,0.001632562,0.0019269936666666
0.0003999526666666,0.0049437123333333,0.0014752723333333,0.0028471776666666,0.002685452,0.003086805,0.0031124713333333,0.0008924186666666,0.0021636556666666,0.001743886,0.0045280696666666
0.0018307126666666,0.0016205723333333,0.000223693,0.000908722,0.0001862953333333,0.000218455,0.0020626816666666,0.0001246923333333,3.33333333333333e-06,0.0001758356666666,0.0016880816666666
0.002743585,0.0074189716666666,0.0003506323333333,0.000114518,0.0010814446666666,0.0002954643333333,0.0049235776666666,0.0025161896666666,2.7112e-05,0.001025933,0.0012267803333333
0.0001472893333333,0.001923115,0.0010902753333333,0.000675912,0.0015838766666666,0.0012929506666666,0.000853464,0.0003072776666666,2.69603333333333e-05,0.000111903,0.001768638
0.0044470946666666,0.0113721206666667,0.0035781633333333,0.000751412,0.002340746,0.0009457786666666,0.0023237336666666,0.0119418876666667,0.002153037,0.0042517913333333,0.0152527
0.0037537156666666,0.004137889,0.003725039,0.0012662253333333,0.0023044713333333,0.000338871,0.009543979,0.017962406,7.15283333333333e-05,0.0016306883333333,0.007090407
0.0,1.91476666666667e-05,0.0003082386666666,1.30453333333333e-05,3.0751e-05,1.40963333333333e-05,0.0058225173333333,5.99586666666667e-05,0.001011482,0.0027617463333333,1.85906666666667e-05
0.0011651923333333,0.0017236803333333,0.000195095,0.0002284373333333,0.000933023,0.0004125883333333,0.004722473,0.0013640756666666,0.0014382046666666,0.0009045536666666,0.0010633546666666
0.0122434546666667,0.0080724626666666,0.0084301213333333,0.00377338,0.0065061946666666,0.0019968576666666,0.014427909,0.0233575856666667,0.000473222,0.0036884676666666,0.03644974
