0.0013951816666666,0.004826359,0.0004002496666666,0.000800326,0.0033960106666666,0.0003241616666666,0.0011916453333333,0.002287727,7.53936666666667e-05,0.0015781573333333,0.005582496
0.0022230556666666,0.0085127446666666,0.0012821576666666,0.0021750353333333,0.0071836353333333,0.0009820586666666,0.008546277,0.0016469236666666,0.0003316273333333,0.0014945793333333,0.0022167606666666
0.0012203913333333,0.005751364,0.0012827543333333,0.0034510086666666,0.005063144,0.002710479,0.0042234176666666,0.0019432556666666,0.002938197,0.0022930293333333,0.0050724106666666
0.0003783863333333,0.001295119,0.0003722923333333,0.002528762,0.0005693676666666,0.00024196,0.00125761,0.0004748146666666,2.2715e-05,0.0008411603333333,0.001268694
0.002730271,0.0081331156666666,0.0038234536666666,0.0007813176666666,0.001255016,0.001098019,0.0025081663333333,0.003052327,0.0005184253333333,0.0029117063333333,0.0028216506666666
0.0008387503333333,0.0025240376666666,0.001336763,0.000642095,0.001526419,0.0008694413333333,0.000829472,0.0003139716666666,0.000329696,0.000507716,0.0012902786666666
0.0035931416666666,0.0103721023333333,0.002888018,0.0012747546666666,0.002888081,0.0017568283333333,0.0031975203333333,0.0051285916666666,0.00208191,0.0038816363333333,0.008398058
0.0048776543333333,0.0027014023333333,0.006789298,0.0011387463333333,0.00611503,0.0016717796666666,0.0122635636666667,0.0122225313333333,0.0007919693333333,0.002221778,0.0122408126666667
1.3382e-05,2.1076e-05,0.0003681923333333,4.54666666666667e-06,3.47223333333333e-05,7.91066666666667e-05,0.003905414,3.13353333333333e-05,0.000745435,0.0030414006666666,2.13393333333333e-05
0.0019672306666666,0.0028310006666666,0.0023189936666666,0.0005902983333333,0.002110855,0.0006972786666666,0.003364433,0.0015913773333333,0.000667497,0.000703438,0.0027263506666666
0.0219879203333333,0.0067636846666666,0.0109020543333333,0.0030893013333333,0.0086777683333333,0.0043004243333333,0.0104028366666667,0.020832776,0.0008376343333333,0.0044977063333333,0.0313404973333333
