0.00328193,0.0010640863333333,0.000816967,0.0108165166666667,0.0012573336666666,0.0005501,0.002019856,0.0010796806666666,2.47866666666667e-05,0.0007512726666666,0.00528917
0.0015917996666666,0.013371098,0.009309962,0.0014461073333333,0.0040075246666666,0.0023249726666666,0.0044707473333333,0.000921644,0.000266684,0.0013055203333333,0.003983424
0.000607389,0.0080132693333333,0.001502511,0.002533411,0.0038513253333333,0.003769783,0.00253877,0.0032982476666666,0.0028149096666666,0.0028428573333333,0.0060816026666666
0.0012032063333333,0.0009688933333333,0.0003260853333333,0.0021799656666666,0.0003094386666666,0.0003049593333333,0.003918293,0.000400215,5.1045e-05,0.00028283,0.0003127166666666
0.0009360013333333,0.00886008,0.001077068,0.0035961873333333,0.0008400196666666,0.0009570363333333,0.0032183413333333,0.001763428,0.0003467643333333,0.0040168163333333,0.0020931236666666
0.0008099863333333,0.0050207156666666,0.0013550266666666,0.0006923423333333,0.001767733,0.000409986,0.0008949153333333,0.000176412,0.0004184303333333,0.0008874653333333,0.0038234823333333
0.0037930326666666,0.0093301206666666,0.001841666,0.0032673646666666,0.0025296106666666,0.000693292,0.0020535516666666,0.0071104703333333,0.003729761,0.002921896,0.0045543966666666
0.0027832366666666,0.003670862,0.0033319123333333,0.001205555,0.0037203306666666,0.0017916403333333,0.008344169,0.0122889283333333,0.0008385956666666,0.003972933,0.0146411323333333
3.33333333333333e-06,3.14193333333333e-05,0.0004296743333333,6.66666666666667e-06,3.39956666666667e-05,0.0,0.004445943,0.0010376186666666,0.0018733666666666,0.005793149,3.33333333333333e-06
0.001232123,0.004810152,0.0011218213333333,0.0005055116666666,0.0007204373333333,0.000285977,0.002246756,0.0023145696666666,0.0005003956666666,0.002127587,0.004462618
0.01668777,0.008703761,0.007626051,0.0028207423333333,0.0101140043333333,0.0026358116666666,0.0075053013333333,0.017359033,0.0019037073333333,0.0047142106666666,0.024534388
