0.003550944,0.000708353,0.000644964,0.004225776,0.0008838743333333,0.0002176076666666,0.0015109753333333,0.0004138733333333,0.000125763,0.0006691726666666,0.0033010776666666
0.000930506,0.0078000273333333,0.00055831,0.0007489213333333,0.0053727226666666,0.0007556023333333,0.0047415833333333,0.0025379906666666,6.80693333333333e-05,0.0005090763333333,0.0019445403333333
0.0011607856666666,0.006874599,0.0013144673333333,0.0027096753333333,0.003134109,0.0037224456666666,0.0015164436666666,0.0013087623333333,0.0034368353333333,0.0025480793333333,0.0042804156666666
0.0001783096666666,0.0011888586666666,0.0001562706666666,0.001790531,0.000730835,6.91026666666667e-05,0.0010349673333333,0.0009907476666666,0.0,0.000205873,0.0003935663333333
0.0012988666666666,0.0082863763333333,0.0009975653333333,0.0028179186666666,0.001271147,0.0014962836666666,0.0016614286666666,0.0015834826666666,5.1347e-05,0.0023194186666666,0.0023564153333333
0.000245576,0.0016706846666666,0.001051132,0.000506073,0.0020206263333333,0.002172891,0.0004831846666666,0.0001609063333333,0.0003647873333333,0.0005465333333333,0.0012651803333333
0.0013195793333333,0.0088259323333333,0.0009711426666666,0.000403114,0.0027602273333333,0.0003783476666666,0.003155845,0.0050687806666666,0.002061916,0.0029110986666666,0.00216504
0.0013076616666666,0.003095964,0.0035508386666666,0.001100207,0.00298748,0.0004451573333333,0.0101081396666667,0.0118807496666667,9.71536666666667e-05,0.0037745603333333,0.011556085
6.66666666666667e-06,0.0,0.0006566373333333,4.38933333333333e-06,3.1196e-05,0.0,0.0039312426666666,3.61733333333333e-05,0.0005713243333333,0.0040636793333333,3.33333333333333e-06
0.0008591273333333,0.0046411103333333,0.0005110746666666,0.000222949,0.0006765016666666,0.0003307183333333,0.0020173743333333,0.0020613006666666,0.000549747,0.000996249,0.0006642736666666
0.0099982723333333,0.009654117,0.0066879276666666,0.0013566943333333,0.0067770736666666,0.0010942433333333,0.006117918,0.0177458256666667,9.77056666666667e-05,0.0077671503333333,0.0297814706666667
