0.004573296,0.0015612706666666,0.0013643426666666,0.0001619506666666,0.0009994793333333,4.18256666666667e-05,0.002043236,0.0006566386666666,3.194e-06,0.0004073056666666,0.0019930493333333
0.004091353,0.0056075606666666,0.0016858853333333,0.002197834,0.0023541213333333,0.0006822116666666,0.0057247816666666,0.0007622276666666,1.90713333333333e-05,0.000510861,0.0022092563333333
0.0007094656666666,0.0053232673333333,0.000472214,0.0019902673333333,0.00271428,0.0016910123333333,0.0006648506666666,0.0006884503333333,0.0008779796666666,0.0008357313333333,0.0046452736666666
0.001715515,0.0009255986666666,0.0001652336666666,0.0021845943333333,0.0002432123333333,7.16953333333333e-05,0.000558494,0.000178693,0.0,0.0001402273333333,0.000399425
0.0017286043333333,0.0034892423333333,0.0005659996666666,0.0003360546666666,0.0010710833333333,0.000172998,0.0030024583333333,0.002632835,0.000167762,0.0010986883333333,0.0019657203333333
0.0001378073333333,0.0016670756666666,0.0011019816666666,0.0005516036666666,0.00119339,0.0008982713333333,0.0006974653333333,0.0001564663333333,0.0001115316666666,0.0002525113333333,0.001596713
0.0055196613333333,0.0093375796666666,0.0009554956666666,0.0020658563333333,0.0034920093333333,0.001002809,0.0011781526666666,0.0074000516666666,0.001264027,0.0037840746666666,0.0122993653333333
0.003756075,0.0028307236666666,0.0026807456666666,0.000696869,0.002455046,0.0010807833333333,0.0078871126666666,0.010856698,0.000224346,0.0022670613333333,0.0040608203333333
2.96146666666667e-05,1.399e-05,0.000406411,2.0288e-05,0.0008851086666666,0.0,0.0048593836666666,6.48223333333333e-05,0.0014086733333333,0.0028491636666666,0.000162551
0.001186086,0.0016496026666666,0.0001860623333333,0.0004033676666666,0.000525355,0.0006451446666666,0.0028060506666666,0.0008113003333333,0.0002429063333333,0.0002314633333333,0.000606083
0.0112971233333333,0.0071074313333333,0.005783261,0.001598574,0.005604908,0.0007331286666666,0.0130198606666667,0.0193342886666667,6.1472e-05,0.003345623,0.0273332246666667
