0.004235902,0.0004078406666666,0.000498148,0.0009924763333333,0.0016499556666666,0.000102247,0.0024715381666666,0.0007697126666666,7.18968333333333e-05,0.0007990886666666,0.001926227
0.0031456416666666,0.0098564466666666,0.0008090256666666,0.000722313,0.0056067766666666,0.000966101,0.0037435976666666,0.0016660156666666,8.7291e-05,0.000771569,0.0033441496666666
0.0007288126666666,0.0057594823333333,0.000723713,0.0024449516666666,0.003112777,0.0015760396666666,0.0028018723333333,0.0018971523333333,0.0010889683333333,0.003704544,0.0044804073333333
0.0008426126666666,0.001048123,0.0001221866666666,0.0020380226666666,0.0010562863333333,0.0001805266666666,0.000813254,0.000544424,1.30036666666667e-05,0.000115478,0.0002321106666666
0.0031834996666666,0.0083763396666666,0.0011345396666666,0.001420913,0.0010077116666666,0.000798609,0.002094938,0.0025972356666666,5.52506666666667e-05,0.0009385096666666,0.0036953963333333
0.000433485,0.002260408,0.000763441,0.0005980393333333,0.002307518,0.0009740083333333,0.0006150033333333,0.0001692216666666,0.0002696973333333,0.0004062263333333,0.0012893536666666
0.0026599456666666,0.009487162,0.0012747146666666,0.0006215033333333,0.0025169433333333,0.0005486486666666,0.0029692263333333,0.0048463246666666,0.0024627316666666,0.0031023976666666,0.0041940253333333
0.0025310423333333,0.002581141,0.0037741123333333,0.000433723,0.002541939,0.0024888053333333,0.008924164,0.0123837696666667,0.0002402936666666,0.0018699786666666,0.0092037573333333
9.73506666666667e-05,0.0,0.0004537766666666,0.0,2.5853e-05,6.66666666666667e-06,0.004396697,4.8951e-05,0.0015677866666666,0.0041994953333333,3.66226666666667e-05
0.0011954503333333,0.002099139,0.0006675933333333,0.0020893693333333,0.0011560726666666,0.0003995873333333,0.0024644196666666,0.000918454,0.0011500296666666,0.0018719516666666,0.0009153996666666
0.0110740596666667,0.0116974386666667,0.0064547623333333,0.0018729586666666,0.008149146,0.0020562096666666,0.0115934126666667,0.02061763,0.001223803,0.0045815306666666,0.0299085096666667
