0.0038966746666666,0.0018330416666666,0.000528975,0.0001031373333333,0.00173338,0.0002292196666666,0.0014494943333333,0.0002938443333333,2.4198e-05,0.0008376933333333,0.002088341
0.0014174386666666,0.0115631086666667,0.0009282583333333,0.002192243,0.000983227,0.0007714703333333,0.004591112,0.005079246,0.001045341,0.0014610016666666,0.0021196893333333
0.0008802366666666,0.006889361,0.0040196213333333,0.0031079736666666,0.003207376,0.004025864,0.0015953306666666,0.0032935626666666,0.001356513,0.002273105,0.0053623653333333
0.000608765,0.0010750083333333,0.000112396,0.0020593316666666,0.0002693046666666,0.0002646013333333,0.0004963943333333,0.00029777,0.0001276193333333,0.0001672823333333,0.000262629
0.001069317,0.0048875853333333,0.0009060723333333,0.0001506396666666,0.0017355086666666,0.000326111,0.0011465786666666,0.0021926423333333,4.67386666666667e-05,0.0019723263333333,0.001585794
0.0008562826666666,0.001897814,0.000611051,0.0008006366666666,0.0019212563333333,0.0023111326666666,0.000637868,0.0003328466666666,0.0003399006666666,0.0004636576666666,0.0011758176666666
0.0025163363333333,0.0062130953333333,0.001378896,0.0019311353333333,0.0024988646666666,0.0003860833333333,0.0016571363333333,0.004127862,0.0026487253333333,0.0037939383333333,0.0081040343333333
0.00183981,0.0029503343333333,0.0031355543333333,0.001012107,0.0022703313333333,0.0007600636666666,0.0073699973333333,0.0127966093333333,0.000109262,0.0039169693333333,0.007060776
7.69426666666667e-05,3.33333333333333e-06,0.0015763866666666,6.3459e-05,3.58413333333333e-05,3.33333333333333e-06,0.0043448973333333,0.0005828486666666,0.0010974986666666,0.0041235956666666,3.33333333333333e-06
0.001278185,0.0014228126666666,0.0006820306666666,0.0003770636666666,0.0006052856666666,0.0005927853333333,0.016113294,0.001715728,0.0009837153333333,0.002557681,0.0039030586666666
0.010040824,0.0111115796666667,0.004783971,0.005697325,0.003995583,0.0039548043333333,0.016166741,0.0194392516666667,0.0004319793333333,0.0073807893333333,0.0262548813333333
