0.003479531,0.0053681866666666,0.001374156,0.002970701,0.003709887,0.0024368936666666,0.0038062476666666,0.0043366023333333,0.0004282723333333,0.0013403863333333,0.0143074606666667
0.0023313186666666,0.0057673953333333,0.0023133586666666,0.0037233486666666,0.005120298,0.0021863303333333,0.004273469,0.0007617463333333,0.000714706,0.0009063183333333,0.0032909946666666
0.001549918,0.0070438963333333,0.0019781336666666,0.0020557983333333,0.0035206426666666,0.0024520866666666,0.0029010976666666,0.0028721826666666,0.0018028823333333,0.0028435786666666,0.00719485
0.001172898,0.004090494,0.0005601353333333,0.0021846776666666,0.0014550363333333,0.0006486843333333,0.0010305036666666,0.001999658,0.000184926,0.0005497296666666,0.000938824
0.0026337523333333,0.0211800126666667,0.00217761,0.0016363736666666,0.00853051,0.002678858,0.0037833066666666,0.004312915,0.0012674446666666,0.0024560026666666,0.0082245356666666
0.0010819483333333,0.004769812,0.0019468706666666,0.000747082,0.0015928003333333,0.0008954453333333,0.0010269696666666,0.000684411,0.000838477,0.0006206633333333,0.0019327076666666
0.0073614876666666,0.0167178056666667,0.005052182,0.0022527553333333,0.0062216316666666,0.001723631,0.001420327,0.0072671476666666,0.0028686286666666,0.0037773126666666,0.008284892
0.0091901866666666,0.0097042523333333,0.006160873,0.0034624623333333,0.0135088136666667,0.003835617,0.012966168,0.0183676056666667,0.0023780003333333,0.0050836423333333,0.015949543
0.000183305,0.0007191903333333,0.0014834743333333,0.0004032926666666,0.0005950906666666,0.0001778823333333,0.005185139,0.000320263,0.002217403,0.006787244,0.0002944406666666
0.0016849933333333,0.008012629,0.0011293396666666,0.000811314,0.0029660573333333,0.000823901,0.0049471983333333,0.003165755,0.0013770766666666,0.002144876,0.003927639
0.010561283,0.0144592106666667,0.0082996353333333,0.0036839343333333,0.008916029,0.004801062,0.0125011416666667,0.026738448,0.0012284516666666,0.0059457666666666,0.0437949966666667
