0.0038420153333333,0.002309669,0.0003628016666666,0.0004104173333333,0.0024840026666666,0.0005577246666666,0.0012489941666666,0.0006262293333333,1.44138333333333e-05,0.0013166936666666,0.004231819
0.0237118723333333,0.0137872536666667,0.0012700623333333,0.0015583146666666,0.007618793,0.0021827996666666,0.004245486,0.002211706,0.0003302033333333,0.003021358,0.0064035036666666
0.0003995956666666,0.0025962313333333,0.0011551713333333,0.001699085,0.0010413116666666,0.001691915,0.0016971023333333,0.001352685,0.0009478873333333,0.002211287,0.0018724726666666
0.0001580933333333,0.0021064566666666,0.0003096093333333,0.0016773806666666,0.0003412826666666,0.0008074633333333,0.000954487,0.0004072843333333,3.22476666666667e-05,0.0005709243333333,0.0006848313333333
0.0016637533333333,0.010919392,0.0011760583333333,0.0020301503333333,0.0050703536666666,0.0012634086666666,0.002607499,0.0023115606666666,9.32573333333333e-05,0.0018664986666666,0.003463071
0.000617496,0.0032809836666666,0.0011668336666666,0.0005086503333333,0.002437812,0.0008192666666666,0.0006168433333333,0.000714054,0.0002358916666666,0.001144265,0.0012457303333333
0.00133849,0.0089998566666666,0.0026117016666666,0.0006945406666666,0.0028239233333333,0.001526309,0.0017962116666666,0.003897571,0.0030446023333333,0.005208679,0.006218179
0.0026687053333333,0.0048031136666666,0.0020965196666666,0.0015724433333333,0.0031986443333333,0.003857138,0.006385332,0.014131659,0.0002889766666666,0.002064544,0.010616308
0.0,3.33333333333333e-06,0.0007829113333333,3.33333333333333e-06,4.17736666666667e-05,0.0,0.0005814073333333,1.2542e-05,0.000712595,0.0027810356666666,1e-05
0.00271242,0.0063871083333333,0.0015780806666666,0.0015498533333333,0.0043604996666666,0.002218969,0.001884874,0.0026715526666666,0.0015912733333333,0.0027786056666666,0.004315681
0.011458798,0.005513886,0.0060333156666666,0.001577993,0.005539463,0.0012877953333333,0.0070940376666666,0.0232525516666667,0.0011256453333333,0.0048391173333333,0.0177427183333333
