0.0064534076666666,0.0039414276666666,0.0007494286666666,0.0039056383333333,0.002920594,0.0007224223333333,0.0018991963333333,0.002619561,8.8148e-05,0.00320743,0.009504686
0.0216003446666667,0.0217092186666667,0.0022764506666666,0.0028515286666666,0.0121568193333333,0.0045388256666666,0.0052852446666666,0.0035736186666666,0.00131732,0.0054143093333333,0.010059365
0.002282022,0.0088214693333333,0.0016343503333333,0.002619161,0.002802014,0.002730796,0.001193649,0.001221105,0.0048129936666666,0.0032194506666666,0.0039677103333333
0.0009305976666666,0.0033669553333333,0.000343754,0.002669385,0.0034341273333333,0.0010333583333333,0.001853865,0.000743941,2.13666666666667e-05,0.001738469,0.0067079363333333
0.002925284,0.0162882343333333,0.0010505106666666,0.0012105716666666,0.0049272573333333,0.0012640756666666,0.002090557,0.0056555416666666,0.000353192,0.005163297,0.003716804
0.001000997,0.004705702,0.0012549933333333,0.0008079543333333,0.0024574413333333,0.001664791,0.0008744753333333,0.0013677656666666,0.0002637423333333,0.002107827,0.0023765636666666
0.003151693,0.0135426736666667,0.002118431,0.0017178053333333,0.0047488526666666,0.0013370696666666,0.0014858756666666,0.0068030683333333,0.002410357,0.0084323563333333,0.0111001033333333
0.0063431866666666,0.0071070376666666,0.0030878976666666,0.0031760353333333,0.00957051,0.002668289,0.0081830806666666,0.0322720513333333,0.0010175943333333,0.0040224443333333,0.0188788783333333
0.0004562153333333,6.63653333333333e-05,0.0010382773333333,1.33333333333333e-05,9.0989e-05,1.64933333333333e-05,0.0015592356666666,9.35516666666667e-05,0.001142446,0.0029856833333333,1.80153333333333e-05
0.0138029536666667,0.0261067593333333,0.007940222,0.0078795523333333,0.0198558816666667,0.0119940333333333,0.0051941433333333,0.005984309,0.001741875,0.004699793,0.0191872733333333
0.0158710756666667,0.0141186336666667,0.0093930133333333,0.0072646953333333,0.0120005883333333,0.003900707,0.014168935,0.0361783933333333,0.0005731303333333,0.0086108576666666,0.0443204666666667
