0.0031706326666666,0.0006392416666666,0.0008320096666666,0.0001137186666666,0.0011128463333333,3.94593333333333e-05,0.0014654383333333,0.0010759863333333,5.5043e-05,0.000693843,0.0070206943333333
0.0005717136666666,0.0122531633333333,0.0016805403333333,0.0006041063333333,0.0025765083333333,0.0018597,0.0047112086666666,0.0008695756666666,5.6674e-05,0.0012461003333333,0.007574329
0.00066948,0.0075193886666666,0.0021283206666666,0.0010686616666666,0.0006312483333333,0.0011229903333333,0.000862331,0.0007401876666666,0.0008194433333333,0.001215444,0.001300101
0.0020692833333333,0.001853111,0.0001425146666666,0.0003244826666666,2.44223333333333e-05,7.5709e-05,0.0056566696666666,0.0005308883333333,0.0,0.0004912723333333,0.0001364816666666
0.0010734076666666,0.011598568,0.0005697423333333,0.0001499933333333,0.0007582396666666,0.0003822403333333,0.004647714,0.0038722623333333,0.0002176186666666,0.0005764503333333,0.0019235216666666
0.0001502286666666,0.0039450936666666,0.0021325996666666,0.000276454,0.0014397036666666,0.000707451,0.0007432533333333,0.000286196,3.33333333333333e-06,0.00014104,0.0007103566666666
0.0037069536666666,0.0168557313333333,0.0004877936666666,0.000409454,0.0017149013333333,0.000359804,0.0016081236666666,0.005894175,0.000827648,0.0054284826666666,0.0124850076666667
0.0016823996666666,0.0049547016666666,0.003289658,0.000588268,0.001673844,0.0006821393333333,0.0083699476666666,0.0113101946666667,0.0003196936666666,0.0038523716666666,0.0049736053333333
1e-05,0.000143192,0.0015517323333333,3.33333333333333e-06,2.9177e-05,0.0,0.0010648876666666,2.7845e-05,0.0006173743333333,0.0005049006666666,3.66206666666667e-05
0.0009619266666666,0.003712185,0.000206404,0.000157866,0.000647609,0.0003280173333333,0.002832886,0.0008090246666666,0.000435073,8.78163333333333e-05,0.0011650796666666
0.005475256,0.005493104,0.005454311,0.000571369,0.002346769,0.001160644,0.014845376,0.0116819813333333,0.000370481,0.0037135773333333,0.0345600366666667
