0.0007643476666666,0.002289403,0.0012356773333333,0.004019132,0.001622544,3.7588e-05,0.0022959961666666,0.000491111,1.62015e-05,0.0002011116666666,0.0030563743333333
0.002127968,0.0135149873333333,0.0024617483333333,0.0010379113333333,0.005082851,0.0013532706666666,0.0047782076666666,0.0016251096666666,0.0001326203333333,0.0011072583333333,0.0047841846666666
0.000341355,0.0069136016666666,0.001349407,0.0024544926666666,0.0039177266666666,0.0022200816666666,0.0008762223333333,0.0023292406666666,0.0012907436666666,0.0017721396666666,0.004409501
0.000482277,0.0054669883333333,0.0001688293333333,0.0003861566666666,0.0006940066666666,0.0001174646666666,0.000502774,0.000555604,0.0,0.000203901,0.0001840536666666
0.0015761693333333,0.0081064863333333,0.0021505673333333,0.0001201413333333,0.003893573,0.0002144103333333,0.001638162,0.002858413,0.000119789,0.000899758,0.0042174103333333
0.0001073083333333,0.003237301,0.0004378666666666,0.000379981,0.0010916323333333,0.0007975253333333,0.0004741783333333,0.0005004103333333,0.0,0.0003827593333333,0.0011179806666666
0.0012364276666666,0.0093580733333333,0.0033134493333333,0.004297235,0.0016885423333333,0.0010372396666666,0.0017544623333333,0.008435109,0.0010179033333333,0.0034942043333333,0.011832667
0.0016152213333333,0.006538296,0.0037611503333333,0.0014072096666666,0.0052402963333333,0.000845672,0.005891722,0.0231947783333333,0.0002197936666666,0.0032678383333333,0.0161522453333333
0.0004407633333333,0.00010376,0.0002858443333333,1.46e-05,0.000113244,3.33333333333333e-06,0.004580051,0.003293645,0.0012065873333333,0.0044993243333333,4.09396666666667e-05
0.0007121973333333,0.002072635,0.0001277806666666,0.000351675,0.0005685123333333,0.000321513,0.0019128366666666,0.0008654033333333,0.000603734,0.0005195716666666,0.0007637453333333
0.0103384453333333,0.010074254,0.0066466033333333,0.0009462516666666,0.009189816,0.0010022483333333,0.01303066,0.019264676,4.48093333333333e-05,0.0031513416666666,0.0251863213333333
