0.0044499356666666,0.0006886083333333,0.0011696203333333,3.0711e-05,0.0008417083333333,2.61856666666667e-05,0.0019081763333333,0.0003252853333333,7.3608e-05,0.000561239,0.0039858676666666
0.0006981403333333,0.0012602033333333,0.0010585353333333,0.0006340503333333,0.0026278893333333,0.0024032163333333,0.005375432,0.0085437186666666,4.7536e-05,0.001063925,0.0051042923333333
0.0010779903333333,0.006046598,0.0004909833333333,0.00200481,0.002924594,0.001036782,0.002064797,0.0036362206666666,0.0009847196666666,0.0006189436666666,0.0054577513333333
0.0005294343333333,0.000688694,0.0001030996666666,0.0004682573333333,7.19613333333333e-05,0.000443913,0.0002468333333333,0.000103071,1.74976666666667e-05,0.0004800596666666,0.0003512233333333
0.0008663253333333,0.0042618596666666,0.00041347,0.000369986,0.0006860133333333,0.0005232833333333,0.0027891476666666,0.002726074,3.8698e-05,0.0005229526666666,0.0026218676666666
0.0001683893333333,0.001639059,0.001020136,0.0002939343333333,0.0005132273333333,0.0004368076666666,0.0007306076666666,0.0008356976666666,0.00014181,0.0002883076666666,0.0015172563333333
0.001236787,0.0040608703333333,0.0014675083333333,0.0007443316666666,0.003645697,0.0008254816666666,0.0014780676666666,0.0118909863333333,0.000710126,0.0037993133333333,0.012381539
0.0013085576666666,0.0111650316666667,0.0030087366666666,0.000882864,0.0034418773333333,0.0008513793333333,0.0090610766666666,0.008068769,0.000217258,0.003690743,0.0089144423333333
7e-06,2.06053333333333e-05,0.0003567066666666,4.21866666666667e-06,0.0002107486666666,3.33333333333333e-06,0.0047687216666666,3.66606666666667e-05,0.0013433993333333,0.0044625916666666,2.117e-05
0.0008535376666666,0.0007566826666666,0.0005688083333333,0.0001286853333333,0.000572196,0.00024807,0.002650281,0.0028693156666666,0.000485207,0.0003284126666666,0.000507603
0.0103049766666667,0.0090808346666666,0.0059007963333333,0.0006243473333333,0.004786575,0.003622865,0.012301628,0.013153842,0.0003030733333333,0.0028556503333333,0.0236447386666667
