0.0045241613333333,0.001581089,0.0003889203333333,0.0004049803333333,0.0027495143333333,0.000415877,0.0028246646666666,0.000780483,0.000490643,0.001145603,0.0056881343333333
0.0018338486666666,0.010589345,0.0010830256666666,0.0014595466666666,0.0064142256666666,0.0017530883333333,0.0047090026666666,0.001287282,0.0011534683333333,0.0020930933333333,0.0028994256666666
0.000699341,0.0056087853333333,0.0029879846666666,0.0022546566666666,0.0013271316666666,0.0026078386666666,0.001446121,0.0013694786666666,0.0017245913333333,0.0033534623333333,0.0036109313333333
0.0001429953333333,0.0016786733333333,0.000129032,0.0021396446666666,0.0008956406666666,0.0001566366666666,0.0002735026666666,0.0003954276666666,3.98733333333333e-06,0.0005045716666666,0.0007242106666666
0.0007910686666666,0.0054404093333333,0.000807332,0.0001199393333333,0.0030212906666666,0.0004302483333333,0.002073504,0.0023905493333333,3.67746666666667e-05,0.0021558846666666,0.001696867
0.000717563,0.002706625,0.0012840946666666,0.0004711406666666,0.0035245093333333,0.0019560816666666,0.0006214273333333,0.0002453776666666,0.0004392613333333,0.0010427563333333,0.0020134293333333
0.0015317303333333,0.0124062313333333,0.0014994546666666,0.0009300183333333,0.0015525026666666,0.0004961576666666,0.0031112803333333,0.0038885983333333,0.002259171,0.009767995,0.006040191
0.0025959946666666,0.0038601286666666,0.0015031706666666,0.0012420343333333,0.0042465856666666,0.0007588276666666,0.007763673,0.0103465186666667,0.0002299653333333,0.002536462,0.0079253393333333
0.0,0.0,0.0005453833333333,0.0,4.94983333333333e-05,0.0,0.0018753226666666,3.80133333333333e-05,0.0008725906666666,0.003093057,0.0
0.0012703793333333,0.00388782,0.0005727276666666,0.0007064603333333,0.001614826,0.0005443203333333,0.0067393836666666,0.0016597293333333,0.0002055783333333,0.0029572266666666,0.000997705
0.014990238,0.0079038196666666,0.006698577,0.003952693,0.003193963,0.0027372316666666,0.007797119,0.019953576,0.0010443776666666,0.007420837,0.0342022766666667
