0.0039364636666666,0.003906026,0.001046893,0.0008702016666666,0.004159708,0.000937542,0.003369296,0.002570204,0.0005150893333333,0.001121115,0.0068640723333333
0.0058652696666666,0.00436459,0.001341809,0.0024716183333333,0.0036483063333333,0.001447414,0.0057701576666666,0.001248684,0.000951903,0.0015724476666666,0.0027243136666666
0.002376059,0.0074414926666666,0.0017984386666666,0.002021817,0.005559912,0.002297255,0.001896072,0.0021555623333333,0.001535528,0.002075505,0.006810569
0.0009345193333333,0.0057279923333333,0.0007274363333333,0.0019988603333333,0.0014000036666666,0.0008032613333333,0.012913674,0.0018460586666666,0.0003344766666666,0.0003349543333333,0.002406499
0.0024443446666666,0.0181491706666667,0.002606013,0.0011997866666666,0.0050275433333333,0.0022040496666666,0.0036732136666666,0.0045042816666666,0.0006083473333333,0.0014656513333333,0.00572431
0.0004170803333333,0.0037979693333333,0.001974466,0.0007916703333333,0.0020263696666666,0.000993753,0.0011248666666666,0.0013367556666666,0.000300391,0.0005308666666666,0.0019076823333333
0.0019290146666666,0.012699304,0.0013987566666666,0.001496292,0.0053611676666666,0.0008941386666666,0.0016365396666666,0.007994906,0.0014446013333333,0.0033287493333333,0.0074652063333333
0.0087118536666666,0.0098608243333333,0.004903757,0.0038667376666666,0.0101747416666667,0.0034125536666666,0.0104807043333333,0.0202550726666667,0.0013902126666666,0.005634506,0.0228671456666667
9.60783333333333e-05,0.0006300213333333,0.0046890106666666,0.0001619233333333,0.000382062,0.000255027,0.004168814,0.0003544576666666,0.0021052146666666,0.0083555956666666,0.00028748
0.0016996056666666,0.006361199,0.0007629696666666,0.0009047036666666,0.001851911,0.000471441,0.0035150043333333,0.002671279,0.0013389683333333,0.000716408,0.0029137196666666
0.011160816,0.0180416046666667,0.0101048933333333,0.0036799556666666,0.0076505323333333,0.0022926793333333,0.0105433693333333,0.02366374,0.0007755773333333,0.0061479213333333,0.0284453643333333
