0.000551759,0.0022316846666666,0.0002775513333333,0.0002541463333333,0.000864866,0.0003690243333333,0.0005660313333333,0.001924666,0.0001103913333333,0.0003231006666666,0.0047312696666666
0.0024215326666666,0.0074926243333333,0.000925042,0.000679542,0.001017403,0.0004590083333333,0.0022210506666666,0.0010966456666666,0.0001947623333333,0.0004260136666666,0.0011631123333333
0.0009247033333333,0.0066855623333333,0.002495545,0.0016015623333333,0.0033838883333333,0.002150216,0.0013455,0.0018902603333333,0.0010724423333333,0.0012126473333333,0.005366492
0.000428403,0.0028658646666666,0.0001052723333333,0.0004601433333333,0.000767621,0.000333214,0.0099867373333333,0.0003998376666666,0.0001664293333333,0.000234786,0.0003301623333333
0.0008282003333333,0.0119970426666667,0.0031595893333333,0.0003795936666666,0.0042852013333333,0.0014623993333333,0.009826762,0.0045607513333333,0.0001407076666666,0.002059894,0.0024242896666666
0.0005819996666666,0.0024322346666666,0.0011840203333333,0.0004808743333333,0.0010802196666666,0.0007260633333333,0.000549959,0.000355448,7.14583333333333e-05,0.0008260453333333,0.0009414006666666
0.0011994046666666,0.0086584776666666,0.0006008456666666,0.001411053,0.001087215,0.000778828,0.0016312986666666,0.0041124563333333,0.001276315,0.001353612,0.0057230643333333
0.002946577,0.0050176323333333,0.003431233,0.0013637176666666,0.0022275273333333,0.0018194116666666,0.004881717,0.0114365863333333,0.0006961286666666,0.002169348,0.0056674696666666
3.09823333333333e-05,0.0003834276666666,0.0009287266666666,3.05066666666667e-05,0.0007320466666666,7.72226666666667e-05,0.0039249356666666,5.6412e-05,0.0019803316666666,0.007107684,4.4046e-05
0.0007413383333333,0.0049759226666666,0.000378824,0.0002362586666666,0.000916822,0.0004043046666666,0.0016791136666666,0.0018183833333333,0.0011545076666666,0.0005421666666666,0.0006565676666666
0.016342633,0.008806221,0.008069889,0.0054920246666666,0.0042744673333333,0.002052447,0.007867611,0.0182742083333333,0.0002560656666666,0.0030876383333333,0.0267918463333333
