0.003025666,0.0007674113333333,0.000341915,0.000889185,0.0014801086666666,0.0002491356666666,0.0014309081666666,0.0004663103333333,2.48235e-05,0.0003186976666666,0.0025118106666666
0.0042921183333333,0.0137962216666667,0.0037056456666666,0.000695917,0.0028350906666666,0.0016358426666666,0.0052324263333333,0.000562821,6.8029e-05,0.0017190723333333,0.002490272
0.0005111113333333,0.004212113,0.0017282936666666,0.001910495,0.0040664366666666,0.003090224,0.002309201,0.0019493366666666,0.001746253,0.0031414356666666,0.0049948586666666
0.000501509,0.001082746,0.000561052,0.0006494476666666,0.000664371,0.0001384933333333,0.0006350076666666,0.000215971,3.33333333333333e-06,7.65563333333333e-05,0.0006801463333333
0.0019091826666666,0.0127791723333333,0.0016026716666666,0.0003922513333333,0.0014830106666666,0.0003013503333333,0.002466659,0.0041554806666666,0.0003343873333333,0.0013339786666666,0.0042116866666666
0.0001074403333333,0.0020592163333333,0.0008929046666666,0.000551559,0.001642314,0.001290846,0.0005704056666666,0.000401891,0.0002285613333333,0.000546084,0.0014656806666666
0.0016107673333333,0.0116464143333333,0.0018347353333333,0.0036947176666666,0.0020507883333333,0.0005554683333333,0.002255492,0.0022530996666666,0.0014035923333333,0.0030495173333333,0.005888604
0.001347546,0.0046391916666666,0.0030516776666666,0.0014727463333333,0.0021333046666666,0.001498058,0.0055263883333333,0.0091192273333333,0.0003565306666666,0.0013945143333333,0.0086871933333333
0.0,1.40896666666667e-05,0.0008846326666666,1.3008e-05,5.7202e-05,6.66666666666667e-06,0.0039390373333333,0.0003826726666666,0.0006259696666666,0.0032458606666666,6.66666666666667e-06
0.0008427796666666,0.0020139473333333,0.000347168,0.0001562163333333,0.0025886686666666,0.0004464856666666,0.0026859676666666,0.0014040633333333,0.0002452423333333,0.0006824333333333,0.0011227296666666
0.0129657976666667,0.0070365503333333,0.0064666213333333,0.0009596603333333,0.0072396523333333,0.001499422,0.003982088,0.0157472763333333,0.0002314256666666,0.0028366063333333,0.0218415053333333
