0.006471727,0.0014606816666666,0.0007902586666666,0.0016750983333333,0.003487531,0.000352825,0.001615311,0.0007903083333333,8.5105e-05,0.0006393243333333,0.0047294953333333
0.0021067763333333,0.0103782916666667,0.0010801433333333,0.0011129463333333,0.006698273,0.0033214286666666,0.0037912256666666,0.0017793466666666,6.89646666666667e-05,0.0011123423333333,0.0026109813333333
0.001688859,0.0176080483333333,0.0014231776666666,0.003459249,0.0033083256666666,0.002125799,0.0015120023333333,0.001367783,0.0012604063333333,0.0023790123333333,0.00488168
0.0006622096666666,0.002407254,0.000204031,0.002236097,0.0007406363333333,0.0002149746666666,0.0003870423333333,0.0003808323333333,2.59616666666667e-05,9.9711e-05,0.0004021433333333
0.0029603753333333,0.0098533166666666,0.0017342766666666,0.00058593,0.0038388396666666,0.0013042593333333,0.0016540273333333,0.0022983853333333,7.45986666666667e-05,0.0005168953333333,0.0040189116666666
0.0004369836666666,0.001742013,0.0009012986666666,0.0005039813333333,0.0030943536666666,0.0020758203333333,0.0003363403333333,0.000292788,0.000252085,0.0003998426666666,0.0012867416666666
0.001898458,0.010075508,0.001804275,0.0006672596666666,0.0076634953333333,0.000274098,0.0013548943333333,0.0058392973333333,0.0023826626666666,0.0059884163333333,0.003581266
0.0050611213333333,0.0036551416666666,0.002436686,0.000780437,0.0050696856666666,0.0007857343333333,0.006288112,0.0194240613333333,0.0001389663333333,0.001483132,0.010939505
0.0002763386666666,6.66666666666667e-06,0.0004196026666666,3.23136666666667e-05,3.523e-05,3.33333333333333e-06,0.0033320113333333,0.0002471543333333,0.00133374,0.0037185203333333,3.87986666666667e-05
0.0016364903333333,0.004119917,0.0002106763333333,0.00025275,0.0011557693333333,0.0003475676666666,0.0015582106666666,0.0016044413333333,0.0005143013333333,0.0020407126666666,0.0017910213333333
0.0162762496666667,0.0103404836666667,0.0062003086666666,0.0026000096666666,0.0064861603333333,0.0011070766666666,0.0099086643333333,0.019841597,0.0001597156666666,0.0039612143333333,0.0346237033333333
