0.0030733523333333,0.0024576553333333,1.33333333333333e-05,0.0034835296666666,0.003800017,0.0007517323333333,0.0,0.0022139073333333,6.66666666666667e-06,2.86983333333333e-05,0.005020317
0.0034942163333333,0.0063602263333333,0.0026665693333333,0.0164686526666667,0.0060502613333333,0.0038193823333333,1e-05,0.011574026,3.33333333333333e-06,0.0002394923333333,0.0057883153333333
0.000740982,0.0041406103333333,0.001801088,0.0061010406666666,0.0032045313333333,0.0032391273333333,6.66666666666667e-06,0.0039490426666666,0.0016569706666666,9.58576666666667e-05,0.005770306
0.0043891293333333,5.55643333333333e-05,1.33333333333333e-05,0.0176124403333333,0.0,3.33333333333333e-06,3.33333333333333e-06,0.0009860733333333,0.0,2.04e-05,0.0104834236666667
0.0025103806666666,0.0141107583333333,0.002424946,0.0066125263333333,0.0028227443333333,0.0034468653333333,1.66666666666667e-05,0.013068084,8.067e-06,0.000686991,0.0036212126666666
0.0003842593333333,0.0020793543333333,0.0011724993333333,0.001210025,0.0019402093333333,0.0018581913333333,0.0,0.00225079,0.0,1.7152e-05,0.0019093163333333
0.0035531293333333,0.000579186,0.0028288783333333,0.0152326093333333,1.98683333333333e-05,2.69403333333333e-05,0.0016653526666666,0.012271133,0.0014162686666666,0.0019288823333333,0.0087269406666666
0.0044977713333333,0.015066306,0.00419395,0.0162548906666667,0.0060142033333333,0.003351957,6.40386666666667e-05,0.0264399743333333,6.66666666666667e-06,0.0007441546666666,0.018959431
0.0001447963333333,0.0,0.0002062016666666,0.000425998,0.0,3.22893333333333e-05,0.0045978976666666,0.0006464546666666,0.0016935036666666,0.0060423986666666,7.91033333333333e-05
0.0009889786666666,8.64633333333333e-05,0.0016074326666666,0.003184958,1.4161e-05,0.0005041746666666,0.0031324276666666,0.00599545,0.0008664503333333,0.0008046063333333,0.003497603
0.0128322936666667,0.0132307823333333,0.0005460953333333,0.0353970266666667,0.0042306383333333,0.0022737193333333,3.909e-06,0.0194665073333333,2.61506666666667e-05,0.00146561,0.0441443533333333
