0.0037149506666666,0.0002833266666666,0.000889479,0.001514846,0.0021610423333333,8.36183333333333e-05,0.0015110373333333,0.0002924623333333,1.03373333333333e-05,0.0003877333333333,0.0036845696666666
0.0012850996666666,0.004484561,0.0007771386666666,0.0006398213333333,0.0024894396666666,0.0002921303333333,0.004889364,0.0015004673333333,0.0003690946666666,0.0008891293333333,0.0042564813333333
0.0001721476666666,0.0054440993333333,0.001356733,0.0017291403333333,0.003043114,0.001909454,0.001180259,0.00151309,0.0008236223333333,0.0012726496666666,0.003518649
0.0045275403333333,0.0007349383333333,0.0001181986666666,0.0016983943333333,0.0010302086666666,5.8516e-05,0.0013171376666666,0.000319131,3.33333333333333e-06,0.0007702913333333,0.001367082
0.0043766866666666,0.0037271436666666,0.000744125,0.0028963793333333,0.001884906,0.0011661113333333,0.002224911,0.0021586766666666,2.5623e-05,0.0009953283333333,0.0018017026666666
0.0001606993333333,0.0013619576666666,0.0008971786666666,0.0003552316666666,0.0014431486666666,0.000678717,0.0011081103333333,0.0001918913333333,0.000271092,0.000554759,0.0007477243333333
0.0011847946666666,0.0082901563333333,0.0012445676666666,0.00139671,0.001394365,0.0006341303333333,0.0022824436666666,0.0036578556666666,0.0020099103333333,0.0061816106666666,0.001767828
0.0011390276666666,0.0011933083333333,0.0026970633333333,0.002050345,0.002713198,0.0006386273333333,0.0083600146666666,0.0089795873333333,0.0002595886666666,0.0025926513333333,0.006518007
7.99333333333333e-06,3.48333333333333e-05,0.001936713,5.16533333333333e-06,3.88533333333333e-05,0.0,0.003420767,3.1944e-05,0.0008303203333333,0.0028984633333333,3.33333333333333e-06
0.0009155823333333,0.0018089366666666,0.0001974846666666,0.0001477,0.0009173556666666,0.0003861813333333,0.0025025913333333,0.0009978283333333,0.000369315,0.0006283716666666,0.0008129206666666
0.0082878116666666,0.0060993693333333,0.0066241463333333,0.0032591783333333,0.0063049006666666,0.0035716553333333,0.00710385,0.013739111,0.000176319,0.008503671,0.0268687346666667
