0.0036300013333333,0.0009994066666666,0.0005772843333333,8.78663333333333e-05,0.0009097136666666,4.5277e-05,0.0022893888333333,0.001114443,2.09355e-05,0.0006126376666666,0.0050019436666666
0.0014976373333333,0.0152175673333333,0.001995511,0.0005609753333333,0.0029547826666666,0.0019231503333333,0.00741437,0.000836467,3.3612e-05,0.0014339746666666,0.0016436056666666
0.0003972426666666,0.0065807566666666,0.0007779716666666,0.0018512646666666,0.0030094076666666,0.0028316166666666,0.0005613643333333,0.0024741386666666,0.0010028256666666,0.0006475703333333,0.0041510736666666
0.000334103,0.0010169656666666,0.0001185376666666,0.000870978,5.0649e-05,8.3291e-05,0.001055734,0.0011757783333333,3.33333333333333e-06,0.0003292566666666,0.0001379736666666
0.001561015,0.003541579,0.0019089986666666,0.000155845,0.0016802076666666,0.0002980033333333,0.0130270913333333,0.001759731,4.701e-05,0.0011639116666666,0.0030104483333333
0.0001211846666666,0.001795017,0.0041493743333333,0.0004039456666666,0.001397475,0.0007866983333333,0.0013037143333333,0.0003739663333333,1.01113333333333e-05,0.0004321156666666,0.0016999283333333
0.0020361583333333,0.010182817,0.001898276,0.000721607,0.005465689,0.0010039443333333,0.002905274,0.0100061383333333,0.0021272003333333,0.0061044413333333,0.0103999676666667
0.002851929,0.005120579,0.003293032,0.001050646,0.0035486213333333,0.001107105,0.01214406,0.009490894,0.000534485,0.003871517,0.0073869473333333
6.99633333333333e-06,3.77253333333333e-05,0.0004286936666666,4.192e-06,0.0006372746666666,0.0,0.005691519,2.563e-05,0.002621456,0.005480963,8.58533333333333e-05
0.0011127666666666,0.0020651173333333,0.0004755503333333,0.000637248,0.000763545,0.0004975846666666,0.0032362773333333,0.0012026273333333,0.0003871176666666,0.0004717973333333,0.0010590976666666
0.0153603306666667,0.0092150843333333,0.0071009393333333,0.0011315276666666,0.0048883356666666,0.0009690883333333,0.015911652,0.0139529146666667,8.7734e-05,0.0050640283333333,0.0190874276666667
