0.004597639,0.0022734966666666,0.0001800453333333,0.00027927,0.0027550103333333,0.0005362526666666,0.0016511153333333,0.0005624083333333,0.0002786756666666,0.002187781,0.0054477453333333
0.0022615346666666,0.0095832486666666,0.000837092,0.001314507,0.004907122,0.0017539223333333,0.00425099,0.0016711286666666,0.0002252553333333,0.0035770686666666,0.0019963673333333
0.0010205816666666,0.0038653643333333,0.001629478,0.0021803626666666,0.0011405646666666,0.0021373173333333,0.000943375,0.001046458,0.0017064383333333,0.003023964,0.0024110923333333
0.000390305,0.0020498076666666,0.0004020373333333,0.0020950853333333,0.0003806806666666,0.0003335603333333,0.0007141746666666,0.0004084323333333,0.0,0.001355216,0.0010327996666666
0.000694129,0.0058392563333333,0.0009833636666666,0.0001209153333333,0.0007805366666666,0.0008141296666666,0.000971942,0.0017405416666666,7.43903333333333e-05,0.0041810206666666,0.0045220233333333
0.0005554073333333,0.004452617,0.0013351593333333,0.0006556703333333,0.0023203093333333,0.0012826776666666,0.0009925176666666,0.0003161153333333,0.0006364603333333,0.0013446033333333,0.00159193
0.0015432533333333,0.011537133,0.0030410603333333,0.000574939,0.001326671,0.0010012826666666,0.0030221436666666,0.003625113,0.002160543,0.009209069,0.00548085
0.002092394,0.005831479,0.002071685,0.0012713906666666,0.0013912283333333,0.0011045483333333,0.0077931996666666,0.0088975766666666,0.0003873013333333,0.0031382073333333,0.010233888
6.66666666666667e-06,6.66666666666667e-06,0.0003547793333333,0.0,5.7776e-05,3.33333333333333e-06,0.001124866,7.50266666666667e-06,0.000741934,0.0029018196666666,3.33333333333333e-06
0.001561365,0.0036449193333333,0.000863872,0.000545873,0.0020427333333333,0.0005158913333333,0.0050783613333333,0.008400635,0.000685472,0.0037163063333333,0.001462048
0.0114605693333333,0.0100048956666667,0.005602311,0.0026708993333333,0.003757991,0.002460808,0.0103640233333333,0.013954453,0.0002173953333333,0.0082013893333333,0.0295400046666667
