0.0040446046666666,0.0027954933333333,0.0004883223333333,0.0004646566666666,0.0034209716666666,0.000330424,0.0014496456666666,0.001017382,6.14113333333333e-05,0.0026638443333333,0.004837566
0.0041045446666666,0.0063372183333333,0.0062474276666666,0.0016432566666666,0.005736912,0.001943451,0.004117101,0.001518128,0.0002173526666666,0.0047281643333333,0.003907862
0.0013807183333333,0.0134165756666667,0.0012482903333333,0.0016689316666666,0.0015942643333333,0.0024985713333333,0.0014007903333333,0.000571094,0.0028900673333333,0.0031206173333333,0.004051697
0.000528763,0.0012810046666666,0.0003278813333333,0.0014997246666666,0.0005026333333333,0.000426463,0.0005524256666666,0.0008462386666666,7.19543333333333e-05,0.0015101673333333,0.0008462026666666
0.0011695866666666,0.0039029263333333,0.0010616053333333,0.000430396,0.005066884,0.0010341453333333,0.001568632,0.0009264616666666,0.000397449,0.0050900706666666,0.0022769423333333
0.0006513253333333,0.0035046293333333,0.0013547743333333,0.000869111,0.0029534326666666,0.000828514,0.0008772173333333,0.000476042,0.000457922,0.0017179693333333,0.0016718736666666
0.00139752,0.0051733513333333,0.003534017,0.0010820973333333,0.0023746473333333,0.0020701506666666,0.0034613453333333,0.0041300036666666,0.002592961,0.0099194096666666,0.0057917363333333
0.0033609303333333,0.0040446123333333,0.0015360063333333,0.0014503706666666,0.0036630433333333,0.001272311,0.0072789906666666,0.0127407333333333,0.0002867013333333,0.0046477406666666,0.0115792336666667
7.83263333333333e-05,0.0,0.0001857136666666,3.33333333333333e-06,6.67843333333333e-05,0.0,0.000845276,5.78193333333333e-05,0.000898753,0.0034605656666666,3.33333333333333e-06
0.0026286923333333,0.0042401,0.0020126843333333,0.001563199,0.0050981343333333,0.0030488756666666,0.00511913,0.002771584,0.0003385936666666,0.0039881686666666,0.0048204736666666
0.009655718,0.0109578933333333,0.0069182583333333,0.002922796,0.0054865826666666,0.0030765156666666,0.0071603996666666,0.012496822,0.000194723,0.0085570503333333,0.032784479
