0.005626629,0.002886476,0.0003718363333333,0.0070899096666666,0.0042617116666666,0.0011677503333333,9.41966666666667e-06,0.0022916053333333,3.33333333333333e-06,5.8506e-05,0.0087384566666666
0.0042632916666666,0.0206986696666667,0.0044021736666666,0.0171575963333333,0.0105210353333333,0.0030319496666666,1.40156666666667e-05,0.0063399656666666,3.33333333333333e-06,0.000622707,0.0057356736666666
0.0012716823333333,0.007410171,0.001784529,0.0089267353333333,0.004132247,0.001068077,6.66666666666667e-06,0.002679641,0.0018027096666666,2.08706666666667e-05,0.007936142
0.0056812883333333,0.0004239743333333,5e-06,0.0224439596666667,1.8624e-05,1.74206666666667e-05,3.33333333333333e-06,0.001103258,3.33333333333333e-06,6.78493333333333e-05,0.0185450913333333
0.0038436466666666,0.01685553,0.0023911026666666,0.0120608113333333,0.0054264246666666,0.003681536,1.40633333333333e-05,0.011584798,6.829e-05,0.0001465253333333,0.005556247
0.0011224143333333,0.0045509363333333,0.0014092923333333,0.0025276083333333,0.0016574443333333,0.001121025,0.0,0.0013602846666666,7.00933333333333e-06,0.0001125406666666,0.002061494
0.0045727086666666,0.001257303,0.0028388693333333,0.0236879606666667,4.56193333333333e-05,2.47106666666667e-05,0.0015369593333333,0.0110471873333333,0.0028621163333333,0.0034840646666666,0.0148914326666667
0.008299614,0.0144793376666667,0.0065122286666666,0.025882318,0.0106973446666667,0.0035377566666666,7.6545e-05,0.0353243533333333,6.66666666666667e-06,0.0005562466666666,0.0200382356666667
0.0002052543333333,7.4836e-05,0.0052116253333333,0.001470068,6.71333333333333e-06,6.56256666666667e-05,0.0050766533333333,0.0007815883333333,0.0026991616666666,0.006437998,0.0002876946666666
0.001637947,0.0003745833333333,0.0011083816666666,0.0068180713333333,9.67286666666667e-05,0.000552291,0.0040167553333333,0.001814289,0.0012171583333333,0.000661777,0.002249248
0.0149440483333333,0.0155532613333333,0.0004116426666666,0.04572666,0.008369885,0.0037570886666666,2.74773333333333e-05,0.0215403923333333,4.56293333333333e-05,0.0008831943333333,0.0367846766666667
