0.0030904666666666,0.0043319483333333,0.0011981336666666,0.0039367753333333,0.004024405,0.002218796,0.003379762,0.0036063173333333,0.0004187731666666,0.001514073,0.0133974523333333
0.002463364,0.0061895693333333,0.0018885103333333,0.0046089576666666,0.004806178,0.002652355,0.0042282876666666,0.000887885,0.0006757656666666,0.0008281486666666,0.0024968073333333
0.001542494,0.0068721323333333,0.002149947,0.0020299096666666,0.0036715176666666,0.0023961186666666,0.0031075403333333,0.0028649346666666,0.001626581,0.0029215433333333,0.0066356293333333
0.0005099516666666,0.004972953,0.0005382663333333,0.0013958346666666,0.0016402193333333,0.0007339736666666,0.0011361713333333,0.0019761213333333,0.0002269903333333,0.0004867893333333,0.0013260906666666
0.003705803,0.0215026066666667,0.0026585653333333,0.0021440183333333,0.0104354176666667,0.002224076,0.0032511093333333,0.005816278,0.000996135,0.002691947,0.0078016416666666
0.001070421,0.0046573576666666,0.001679165,0.0006651386666666,0.002347273,0.0011881433333333,0.0010440356666666,0.0007790656666666,0.000691889,0.000689658,0.001723414
0.0051951323333333,0.0152825603333333,0.0042494046666666,0.001959464,0.0060636676666666,0.0018057953333333,0.0014934346666666,0.0075911486666666,0.0030848016666666,0.003754648,0.0113031326666667
0.0087697093333333,0.010305046,0.006358909,0.0033977376666666,0.0135704693333333,0.004267212,0.012744289,0.019924612,0.0019030913333333,0.0048248566666666,0.0189021123333333
0.0002203876666666,0.000791018,0.0016554006666666,0.0001152413333333,0.00049233,0.0013121906666666,0.0059700676666666,0.0003678556666666,0.002079876,0.0069379453333333,0.000344949
0.0017417843333333,0.0083979716666666,0.001100808,0.000782462,0.002740291,0.000810898,0.005388969,0.0032107546666666,0.0016634613333333,0.0006465296666666,0.003662617
0.0112601673333333,0.014813255,0.008116545,0.0038659593333333,0.0105540703333333,0.0049594056666666,0.0112682296666667,0.0276084236666667,0.001291169,0.0055251146666666,0.0356378433333333
