0.002908019,0.0010486526666666,0.0004021643333333,0.0016816486666666,0.0014580923333333,0.000196071,0.0016585625,0.000504833,7.40016666666667e-06,0.0003599926666666,0.002970148
0.0014236453333333,0.0130962643333333,0.0026640383333333,0.0006033966666666,0.0035286963333333,0.001904973,0.0041748073333333,0.000191815,5.06276666666667e-05,0.000335795,0.0022817526666666
0.0005757453333333,0.0044215,0.0011427223333333,0.0021641633333333,0.0038476633333333,0.0022497893333333,0.000933426,0.0029430673333333,0.001406795,0.002737994,0.0042744063333333
0.0006065756666666,0.0009823456666666,6.42683333333333e-05,0.0005357796666666,0.000558484,0.0001180453333333,0.0010354003333333,0.000702866,3.54533333333333e-06,7.95873333333333e-05,0.0004326816666666
0.001654181,0.0064150133333333,0.0010849106666666,0.0004177976666666,0.0016195106666666,0.00048411,0.0019329983333333,0.005731908,4.05703333333333e-05,0.001732265,0.001802253
6.0212e-05,0.0016969813333333,0.0010292803333333,0.0006220426666666,0.002338953,0.001298477,0.001303018,0.000287179,0.0004441683333333,0.0007309543333333,0.0010652463333333
0.0101541456666667,0.0072518413333333,0.0011956173333333,0.0011242096666666,0.0039087153333333,0.0007711943333333,0.0018036353333333,0.0082673576666666,0.0014495046666666,0.0030229093333333,0.0036311583333333
0.003094449,0.0014544843333333,0.003106764,0.0004584226666666,0.0035907703333333,0.001003046,0.0057905003333333,0.007032579,0.000505863,0.0018552193333333,0.00980346
3.33333333333333e-06,1.5856e-05,0.002995096,4.152e-06,2.6465e-05,4.49333333333333e-06,0.0040883253333333,2.1792e-05,0.000669613,0.0034677606666666,2.16486666666667e-05
0.001055338,0.0019445243333333,0.000887905,0.000830524,0.0006344816666666,0.000598634,0.0037781623333333,0.0008217683333333,0.0013774736666666,0.000552659,0.0006445356666666
0.0157476723333333,0.00588858,0.007994545,0.0031275463333333,0.007149888,0.0011782493333333,0.005215191,0.0118945933333333,0.00073504,0.003261037,0.0327958543333333
