0.00571314,0.00053744,0.00063048,0.000998175,0.0015936846666666,8.6457e-05,0.0011728845,0.0003352343333333,3.50483333333333e-06,0.0003917003333333,0.0049203003333333
0.000969991,0.0062985816666666,0.002253476,0.0015024026666666,0.0041586406666666,0.0006146993333333,0.0056596183333333,0.0160804936666667,0.0001795366666666,0.0006741193333333,0.0031577006666666
0.000765086,0.0041043036666666,0.0012561766666666,0.0017660433333333,0.0027646116666666,0.00143037,0.001145163,0.0050414366666666,0.0011764583333333,0.000846088,0.0046733486666666
0.000501481,0.0011168583333333,0.0001435203333333,0.000880769,0.0002664076666666,0.0004666346666666,0.000790939,0.0007159786666666,0.0,0.0005262533333333,0.0016619133333333
0.002573975,0.005351265,0.0016417973333333,0.000389899,0.0004673226666666,0.0002819003333333,0.0024599936666666,0.006470558,8.78443333333333e-05,0.00092993,0.003029351
0.0002837046666666,0.0012074726666666,0.000644154,0.001233507,0.0006526333333333,0.000770345,0.0004819306666666,0.0019644646666666,3.33333333333333e-06,0.000101293,0.001693386
0.0027900123333333,0.006869993,0.002696357,0.0011296493333333,0.00269563,0.0007620733333333,0.0008662103333333,0.0127218176666667,0.0017089716666666,0.0027689683333333,0.0110697473333333
0.0022573063333333,0.007659352,0.003616868,0.001935097,0.0047419113333333,0.0009710316666666,0.0080306813333333,0.023805985,0.0010048786666666,0.002951342,0.0072802343333333
0.000992182,1.66666666666667e-05,0.0015505013333333,4.40266666666667e-06,0.00073583,0.0,0.00352291,0.0001391903333333,0.0012985006666666,0.005166371,3.33333333333333e-06
0.001826884,0.0005853823333333,0.000270032,0.0002235606666666,0.0006100426666666,0.0002971433333333,0.0018573466666666,0.001694238,0.0002823316666666,0.0004211536666666,0.0021256083333333
0.011699807,0.0110745483333333,0.0084026613333333,0.0026520166666666,0.008529371,0.0022974413333333,0.0141377406666667,0.016125165,0.0001219763333333,0.0063624016666666,0.018736515
