0.0025392396666666,0.0013304143333333,0.0007969803333333,9.80406666666667e-05,0.001151992,8.66386666666667e-05,0.0023009106666666,0.000890614,3.625e-06,0.0008038223333333,0.004343852
0.0014458563333333,0.007306073,0.0010030876666666,0.0005030516666666,0.0023573586666666,0.000934272,0.0026894496666666,0.0055400323333333,0.0002917673333333,0.0014099516666666,0.005611441
0.0016495603333333,0.0056116403333333,0.0003189573333333,0.0021010976666666,0.0040169806666666,0.001270446,0.00187947,0.00269667,0.0008286473333333,0.001180672,0.0048141773333333
0.0011705936666666,0.001830454,0.0001059993333333,0.001162395,0.000199184,0.0005650123333333,0.001497766,0.000154247,1.89033333333333e-05,0.0004311463333333,0.000205271
0.001477673,0.007877669,0.0004520876666666,8.89743333333333e-05,0.000785502,0.000818792,0.0042962406666666,0.0041828183333333,0.0001285643333333,0.0010106776666666,0.0032232626666666
0.000338812,0.0025500833333333,0.001729578,0.000502695,0.0008308666666666,0.0005153053333333,0.000510105,0.00037226,0.000137328,0.000133059,0.0013640633333333
0.0030342533333333,0.009417301,0.0007578726666666,0.0008471263333333,0.0056812966666666,0.0007504703333333,0.001899344,0.0105305226666667,0.001748974,0.0041218886666666,0.0101580833333333
0.0015669223333333,0.0060428673333333,0.0032368926666666,0.0010540723333333,0.0044337143333333,0.000889746,0.008824402,0.0122420006666667,0.0004839693333333,0.003980456,0.00557965
1.33333333333333e-05,0.000287536,0.0005770143333333,3.33333333333333e-06,3.7874e-05,1.0454e-05,0.0047978966666666,0.001219669,0.0014789886666666,0.004959661,6.66666666666667e-06
0.0013009166666666,0.0011783583333333,0.000510368,0.0002383546666666,0.00149794,0.000671037,0.0030111726666666,0.0012404876666666,0.0006933036666666,0.0002097603333333,0.0010548536666666
0.0143488256666667,0.0062517953333333,0.007199752,0.001401465,0.0024718183333333,0.0008277936666666,0.013965267,0.013307355,0.000147028,0.0032314266666666,0.015091193
