0.0046862063333333,0.0014062066666666,0.000604141,0.001048304,0.0025877263333333,0.000786823,0.0023875001666666,0.0025753116666666,0.0002537591666666,0.0006136173333333,0.0090289026666666
0.0028400216666666,0.0151091913333333,0.002032811,0.0013360183333333,0.006015122,0.0021445556666666,0.0050195333333333,0.0019713806666666,8.5529e-05,0.001238353,0.004549972
0.0010050213333333,0.0078826696666666,0.002606417,0.000861764,0.0022514746666666,0.003329288,0.0012178666666666,0.0047284393333333,0.00189628,0.0024704343333333,0.0024956903333333
0.002774568,0.0020424456666666,0.000173312,0.0005245953333333,0.0009166296666666,0.000402121,0.000519669,0.0005409063333333,5.71363333333333e-05,0.0004987423333333,0.0008734526666666
0.003530207,0.0157641146666667,0.0012401393333333,0.0003003996666666,0.0021176756666666,0.0015038153333333,0.002900406,0.004330555,0.000571129,0.0010064766666666,0.0070497843333333
0.0004810913333333,0.0042129566666666,0.0015794683333333,0.0003866503333333,0.001979356,0.0010770666666666,0.000973579,0.000528903,1.26313333333333e-05,0.0002045063333333,0.001301689
0.0075335846666666,0.0207258316666667,0.0036392916666666,0.0040500623333333,0.0067788046666666,0.002293687,0.0015070993333333,0.0101256846666667,0.0025478423333333,0.005720373,0.0115488236666667
0.004981342,0.005767299,0.0032622903333333,0.0007739383333333,0.0042461103333333,0.001180763,0.0061679826666666,0.0162037273333333,0.0003995223333333,0.002901547,0.0118433356666667
0.0009647123333333,0.0001380593333333,0.0005708166666666,6.00533333333333e-06,5.79696666666667e-05,7.4889e-05,0.000926506,4.91246666666667e-05,0.0008357833333333,0.000555291,1.33333333333333e-05
0.0015773776666666,0.0038721013333333,0.000429869,0.000508046,0.0016505976666666,0.0004034726666666,0.0054910136666666,0.0015674253333333,0.0004365556666666,0.0005226413333333,0.0015466023333333
0.0147509126666667,0.0118513443333333,0.009335345,0.003470063,0.0110378113333333,0.0034939176666666,0.015057782,0.0299328653333333,0.000449911,0.003585204,0.03686469
