0.0024926396666666,0.0009246023333333,0.0004286326666666,0.0008423766666666,0.0014831103333333,0.000581263,0.0018251956666666,0.0007129666666666,2.44893333333333e-05,0.0004243406666666,0.0051646776666666
0.0026042283333333,0.0092513293333333,0.0005684563333333,0.0021533276666666,0.0020105933333333,0.00126938,0.005057251,0.0017742293333333,3.3223e-05,0.000658649,0.002813577
0.0007702353333333,0.0046218173333333,0.0014415293333333,0.001927514,0.002992334,0.001900175,0.001324576,0.0025985956666666,0.0003191376666666,0.0010928746666666,0.0038049553333333
0.0006133016666666,0.000994233,0.000155965,0.001719518,0.0002108846666666,0.000123654,0.0015217713333333,0.0008547896666666,4.532e-06,0.000279026,0.000675829
0.001864016,0.0071914563333333,0.000957504,0.003083985,0.0008699183333333,0.0004954816666666,0.001781292,0.0034007526666666,2.33543333333333e-05,0.0012315073333333,0.001865665
0.0004569193333333,0.001424031,0.001307588,0.0004538766666666,0.0011440706666666,0.0019466693333333,0.0009438363333333,0.0011696506666666,2.47086666666667e-05,0.000508047,0.001567753
0.0039688016666666,0.009294418,0.0008461536666666,0.0011688373333333,0.001887206,0.0012581143333333,0.0017331436666666,0.0064090013333333,0.0016248176666666,0.002824147,0.004620038
0.0036577513333333,0.0017840533333333,0.0033392593333333,0.001074685,0.0048720783333333,0.0010229706666666,0.008513985,0.0115402506666667,0.0005128573333333,0.001772724,0.0080130636666666
0.0,1.1944e-05,0.000774247,1.0172e-05,4.7908e-05,6.837e-06,0.003646837,3.00893333333333e-05,0.0009118863333333,0.003444087,0.0
0.0011092493333333,0.002626583,0.0002844593333333,0.0006569503333333,0.0021415053333333,0.000447545,0.0020063506666666,0.0015365276666666,0.000252553,0.0027540886666666,0.0049175596666666
0.0112743476666667,0.0068934393333333,0.0058156616666666,0.0026320123333333,0.0056304993333333,0.0048283116666666,0.0058608443333333,0.015393745,6.24596666666667e-05,0.0032161503333333,0.026400106
