0.0064571793333333,0.0005103986666666,0.0006603346666666,0.001652818,0.001383836,0.0001921383333333,0.0016508918333333,0.0013085066666666,1.67141666666667e-05,0.0004599226666666,0.0019640103333333
0.002520813,0.007664519,0.0005964313333333,0.0009231193333333,0.004914114,0.001126749,0.0043792043333333,0.0011396153333333,0.0002650023333333,0.0004388306666666,0.0014051343333333
0.0002685693333333,0.0046199666666666,0.0006464163333333,0.003555982,0.0031120346666666,0.0016694393333333,0.0004908476666666,0.0022432103333333,0.0008905306666666,0.000583558,0.0039910353333333
0.0009822393333333,0.0008255866666666,0.0002104386666666,0.0025858543333333,0.0006015516666666,0.000181266,0.0005203676666666,0.0007333203333333,1.3779e-05,7.28133333333333e-05,0.0003036626666666
0.0014577376666666,0.0065038493333333,0.0007843586666666,0.0028998216666666,0.00167457,0.0006990973333333,0.0010706523333333,0.001299192,1.03546666666667e-05,0.0006433483333333,0.00073109
0.0006840996666666,0.00142004,0.0041820556666666,0.0005085796666666,0.0019303396666666,0.0002485983333333,0.0004889063333333,0.0015321756666666,0.0002910813333333,0.001349494,0.0011789633333333
0.001866022,0.0065902673333333,0.0006948826666666,0.000639004,0.000911298,0.000255838,0.000714104,0.0053843446666666,0.0046836216666666,0.0028437003333333,0.0017905056666666
0.002303653,0.002621724,0.003422351,0.0007643266666666,0.002222501,0.0008376526666666,0.0081321676666666,0.0085602,0.0001636066666666,0.001178264,0.0050722406666666
3.33333333333333e-06,1.1876e-05,0.0014372173333333,0.0,2.8249e-05,3.33333333333333e-06,0.003938635,0.000295453,0.0011336993333333,0.003473299,6.66666666666667e-06
0.0010827676666666,0.004267052,0.0007240296666666,0.0001429953333333,0.0008665053333333,0.000219224,0.0017791203333333,0.0015426733333333,0.0004602023333333,0.0003880576666666,0.005349233
0.0151930036666667,0.003955731,0.0050387786666666,0.0016121043333333,0.003722891,0.0015836716666666,0.006756,0.0165849176666667,0.0001104933333333,0.0025294496666666,0.0319816883333333
