0.0029456066666666,0.0016384246666666,0.0004834596666666,0.0028185443333333,0.001641361,0.0004759843333333,0.0020176186666666,0.000697938,1.66666666666667e-06,0.0004490266666666,0.0024092936666666
0.0012890083333333,0.0080949076666666,0.0023631486666666,0.000754744,0.0039688596666666,0.0007500613333333,0.0056821846666666,0.001691491,0.000142921,0.0007672423333333,0.0029700153333333
0.001015096,0.0042893576666666,0.0017913623333333,0.002208461,0.0038948183333333,0.003846467,0.0016067873333333,0.002298855,0.001400638,0.0029277653333333,0.004574696
0.0003959236666666,0.00079582,0.0002521866666666,0.001068417,0.0014659993333333,0.000134622,0.001028615,0.0005279713333333,3.33333333333333e-06,0.0002528633333333,0.0005145023333333
0.0014663143333333,0.0065314033333333,0.000914611,0.000434107,0.000764719,0.0012870276666666,0.0015958083333333,0.0022562603333333,5.9929e-05,0.0013905113333333,0.0013614926666666
0.000184012,0.0011295933333333,0.0010116156666666,0.0006435553333333,0.0018561226666666,0.0017808546666666,0.000786995,0.0001926593333333,0.0001975536666666,0.0004814903333333,0.000973838
0.002950251,0.0092294286666666,0.00143499,0.0034785843333333,0.0017862786666666,0.0004211986666666,0.0023036036666666,0.0056774133333333,0.0016504063333333,0.0035456916666666,0.0044543733333333
0.002100182,0.0033364213333333,0.0032294973333333,0.0012680083333333,0.001977133,0.0006744473333333,0.0065377786666666,0.0123597583333333,0.0001005793333333,0.0028554516666666,0.008899458
8.7712e-05,3.97083333333333e-05,0.0004834153333333,4.73066666666667e-06,2.7447e-05,3.33333333333333e-06,0.004022424,5.5439e-05,0.0005242696666666,0.003140082,1.66666666666667e-05
0.001010831,0.0017048946666666,0.0003027993333333,0.0002871826666666,0.0006417466666666,0.0003514903333333,0.006159872,0.00106986,0.0007430636666666,0.000831596,0.000507995
0.0130714136666667,0.006422421,0.0076357573333333,0.0013446613333333,0.0039401563333333,0.0016539596666666,0.008417149,0.0151672873333333,0.0002918596666666,0.0044909586666666,0.0218803006666667
