0.0033527343333333,0.002323753,0.0013464736666666,0.0002088633333333,0.0027101606666666,0.0003218973333333,0.0014924873333333,0.001272192,0.0001937193333333,0.0007880066666666,0.0122304143333333
0.0024413666666666,0.018643206,0.0017538923333333,0.0010932506666666,0.004353425,0.001154098,0.003452277,0.0024562356666666,0.0002874506666666,0.0023609176666666,0.0030728953333333
0.001313867,0.0084546776666666,0.0014125376666666,0.0021562163333333,0.0042251286666666,0.0025744953333333,0.0007861803333333,0.0017753913333333,0.000869861,0.0010615576666666,0.007446129
0.00035432,0.0039672833333333,0.000224497,0.0007353883333333,0.0010957236666666,0.000212799,0.0005491263333333,0.0008047836666666,4.16113333333333e-05,0.0003274596666666,0.0004362856666666
0.0012891403333333,0.0145066363333333,0.001885028,0.000494039,0.005394442,0.0011439273333333,0.003483869,0.002740301,9.2313e-05,0.0021967116666666,0.0053003583333333
0.0003623923333333,0.0059835686666666,0.0008557126666666,0.0002275906666666,0.001304616,0.0007603876666666,0.0007137316666666,0.000934763,3.98616666666667e-05,0.0002666193333333,0.001555778
0.0016132163333333,0.01797474,0.001258121,0.0010106886666666,0.0028248663333333,0.0009114466666666,0.0015232583333333,0.00622221,0.0010348883333333,0.0021466043333333,0.0061674966666666
0.004029239,0.0063605756666666,0.0033040393333333,0.001759743,0.0047737973333333,0.0017152313333333,0.0062112296666666,0.0294010736666667,0.0004221006666666,0.003967768,0.0073330466666666
2.43916666666667e-05,0.000410157,0.0002112516666666,0.0001575283333333,0.000111503,5.78183333333333e-05,0.0044208556666666,0.000155629,0.001671093,0.0054587713333333,1.98683333333333e-05
0.0011084966666666,0.0099124783333333,0.0005215916666666,0.0005578293333333,0.0013134266666666,0.0003318746666666,0.0026109853333333,0.0020823693333333,0.0004986853333333,0.000588853,0.001763274
0.0120125846666667,0.0098811113333333,0.008670665,0.0024378886666666,0.006764646,0.0017711313333333,0.0099782376666666,0.0196790416666667,0.0003695463333333,0.0042401716666666,0.0413614866666667
