0.0035785053333333,0.0027042643333333,0.0005979916666666,0.0006157153333333,0.0018581586666666,0.0004325986666666,0.003092727,0.0007366093333333,1.23276666666667e-05,0.000496412,0.0035536
0.002131546,0.0058054303333333,0.0013401616666666,0.0017766523333333,0.0046614543333333,0.0009675236666666,0.007262285,0.002063876,0.0006607716666666,0.0007828043333333,0.0091046686666666
0.0015111813333333,0.006867942,0.002763077,0.0031588966666666,0.0033524573333333,0.0016788476666666,0.001370658,0.001483443,0.0011743556666666,0.0023371486666666,0.0050020893333333
0.001036294,0.0012097846666666,0.0003144606666666,0.0024456766666666,0.0002123496666666,0.0010809146666666,0.0004976086666666,0.0012009193333333,9.7841e-05,0.000121607,0.0002710396666666
0.0018554916666666,0.0066715276666666,0.000749935,0.000117107,0.0027344006666666,0.00077171,0.0009825536666666,0.000834056,5.01963333333333e-05,0.0012588146666666,0.0023422393333333
0.000788962,0.0015084743333333,0.000629078,0.0005918283333333,0.0023901296666666,0.001664647,0.000618182,0.0003259503333333,0.0003345763333333,0.000456481,0.0018452566666666
0.0025190976666666,0.009659884,0.001668014,0.0009618796666666,0.001004143,0.0007378943333333,0.000875317,0.003155054,0.0035579606666666,0.003694255,0.009211103
0.0034999796666666,0.002079825,0.0033065966666666,0.0016621873333333,0.0010710446666666,0.0012958856666666,0.0077029743333333,0.007073432,0.0001037903333333,0.0020485016666666,0.0155855333333333
3.33333333333333e-06,3.33333333333333e-06,0.0012233833333333,0.0,1.9994e-05,0.0,0.0038216306666666,5.50386666666667e-05,0.0009678826666666,0.0061970656666666,0.0
0.0013918776666666,0.0063352743333333,0.0002683203333333,0.000288889,0.0009053753333333,0.0004625596666666,0.03488803,0.00059517,0.001322061,0.0004428116666666,0.000667235
0.0149171566666667,0.008101683,0.0064581696666666,0.0032130866666666,0.0031383276666666,0.0019991796666666,0.0128029573333333,0.016728487,0.0002079473333333,0.0037996336666666,0.0252531206666667
