0.0033407593333333,0.0040445823333333,1e-05,0.0088721036666666,0.006143399,0.000709281,3.33333333333333e-06,0.002847535,2.8929e-05,0.0005160363333333,0.0110563323333333
0.004638071,0.016393465,0.001942366,0.013380419,0.0110605463333333,0.0027165136666666,1.74243333333333e-05,0.0057996896666666,1e-05,0.0001411613333333,0.005315776
0.0015535653333333,0.008030941,0.0022832166666666,0.006589526,0.0058362663333333,0.0025719373333333,3.33333333333333e-06,0.0030736026666666,0.0014808273333333,0.0002248396666666,0.0060550863333333
0.0087647776666666,0.0002340263333333,6.66666666666667e-06,0.028856715,3.33333333333333e-06,0.0,6.66666666666667e-06,0.00081542,7.42766666666667e-06,1e-05,0.0143721526666667
0.002856782,0.0170790053333333,0.003574176,0.011242765,0.0065235393333333,0.0027962296666666,2.12976666666667e-05,0.0088849936666666,6.79613333333333e-05,0.000645986,0.0091183366666666
0.0006472906666666,0.003496254,0.0021387043333333,0.0022923693333333,0.0034427996666666,0.0012236913333333,0.0,0.0029931796666666,1.04816666666667e-05,0.0005312036666666,0.003140476
0.006638331,0.0017407893333333,0.0041960466666666,0.023598028,3.59783333333333e-05,9.47333333333333e-05,0.0028476756666666,0.0089967403333333,0.0022616556666666,0.003345973,0.0129981606666667
0.0064698513333333,0.0121245676666667,0.006215124,0.017815221,0.0081318463333333,0.004397849,2.96673333333333e-05,0.0259660753333333,6.958e-06,0.0004115793333333,0.01778387
0.001605365,1.9717e-05,0.0020239713333333,0.000972861,3.33333333333333e-06,0.000410704,0.0057255443333333,0.0009233976666666,0.0014763226666666,0.0063993116666666,0.0001008826666666
0.0015478436666666,0.0005207786666666,0.002270534,0.006746487,1.8392e-05,0.0008243383333333,0.0028413713333333,0.0019202423333333,0.0011471483333333,0.000463322,0.003888287
0.01149116,0.0117034683333333,0.0001636033333333,0.0351267966666667,0.0097924253333333,0.0077893233333333,1.45556666666667e-05,0.0196088566666667,9.5113e-05,0.0009978536666666,0.0254181613333333
