0.0029221506666666,0.001838363,0.00035286,0.001002514,0.00243196,0.0002472133333333,0.0020958033333333,0.0017234383333333,3.30083333333333e-05,0.0005645003333333,0.005917386
0.0029261393333333,0.0158220593333333,0.00182004,0.0065803516666666,0.0081802126666666,0.001357108,0.0056031553333333,0.0036992496666666,0.0001428616666666,0.0023835863333333,0.0042317243333333
0.0006156116666666,0.0096693606666666,0.001344631,0.00163004,0.0039462493333333,0.0020572146666666,0.0011631186666666,0.0030031666666666,0.001200194,0.0013365336666666,0.005712122
0.000288517,0.0033575746666666,0.0003246183333333,0.0007786833333333,0.002872925,0.0003884096666666,0.000580064,0.0006564326666666,0.0001644706666666,0.0009479783333333,0.00177579
0.001877107,0.018676619,0.002271198,0.0014064433333333,0.005196969,0.0015367943333333,0.00491582,0.0119289396666667,0.0001751953333333,0.002311256,0.0068906203333333
0.0004103106666666,0.0029293196666666,0.0019771713333333,0.0004916536666666,0.001990485,0.0008445233333333,0.000660762,0.0008391716666666,1.84823333333333e-05,0.0003155523333333,0.0029609443333333
0.002562536,0.013546625,0.001106071,0.0010159453333333,0.0063272856666666,0.001927531,0.003101195,0.0083034073333333,0.001376521,0.0046994396666666,0.0127423503333333
0.002512351,0.0076128793333333,0.003703911,0.0023927366666666,0.0092200306666666,0.001874636,0.006303834,0.0287916893333333,0.000206148,0.0029879923333333,0.0196766276666667
0.0001991333333333,0.0003399576666666,0.0002075956666666,6.76063333333333e-05,0.0004076546666666,0.0003837273333333,0.0047809956666666,0.000268672,0.0022018143333333,0.0075272216666666,3.5826e-05
0.000785407,0.003065523,0.0006009346666666,0.00038882,0.0008658303333333,0.000560649,0.004476604,0.0012929923333333,0.000609157,0.0007959306666666,0.001138577
0.012792146,0.009506357,0.0074842086666666,0.0028886143333333,0.0081806116666666,0.0023181043333333,0.0122933923333333,0.020285347,0.000320698,0.0035719143333333,0.03543699
