0.0036358116666666,0.0017705026666666,0.0009994056666666,0.0006937346666666,0.0037813996666666,0.00095053,0.0019203748333333,0.00087205,0.0002173345,0.0016378136666666,0.0042358433333333
0.0037714273333333,0.009911477,0.0030537583333333,0.0016554576666666,0.0048915466666666,0.001475356,0.008957521,0.0013026326666666,0.001212805,0.0026436896666666,0.002097982
0.0015453276666666,0.0053529506666666,0.0019360573333333,0.0018085176666666,0.001231186,0.00273958,0.0016867736666666,0.0009977173333333,0.0018195143333333,0.0028398443333333,0.004122716
0.0003914396666666,0.003640414,0.000204025,0.00118756,0.0024887113333333,0.001322632,0.0004975643333333,0.000670034,1.14666666666667e-05,0.0007744503333333,0.0007072066666666
0.001219354,0.003791535,0.0021560836666666,0.000449827,0.003692315,0.0009164226666666,0.0012185936666666,0.0016094886666666,0.0001240093333333,0.0033287573333333,0.0028795096666666
0.000900602,0.0032869583333333,0.0015240276666666,0.0007840536666666,0.0017497446666666,0.0014464393333333,0.0008389766666666,0.0012451326666666,0.0003921173333333,0.001251271,0.0018378973333333
0.0013277266666666,0.010588368,0.0035013766666666,0.0009563883333333,0.002069188,0.00123163,0.0019546,0.0045999046666666,0.0026439706666666,0.008380681,0.0067085753333333
0.002628465,0.0040808643333333,0.002778263,0.0017150336666666,0.0024991163333333,0.001216381,0.0079399606666666,0.0087324276666666,0.0001599736666666,0.0033644256666666,0.01373118
6.30276666666667e-05,0.0,0.000142012,0.0,5.07303333333333e-05,0.0,0.0012727133333333,4.0391e-05,0.0008030856666666,0.0027430426666666,6.6212e-05
0.0025221773333333,0.0049774703333333,0.001507821,0.000806197,0.0030442696666666,0.002679753,0.0050318363333333,0.0016673443333333,0.0003742626666666,0.0032640643333333,0.003338701
0.0138242856666667,0.014837844,0.0065166523333333,0.0023827993333333,0.005506144,0.0022875963333333,0.0102031183333333,0.0206554873333333,0.0003577086666666,0.0053330196666666,0.0178089743333333
