0.0048609656666666,0.002558602,0.0,0.000418008,0.004079621,3.33333333333333e-06,0.0,0.0120160673333333,3.33333333333333e-06,0.0,0.0052071666666666
0.0053609276666666,0.0044304063333333,0.0,0.0018331036666666,0.0074142023333333,3.33333333333333e-06,0.0,0.025731306,3.33333333333333e-06,8.70333333333333e-06,0.0059275206666666
0.0010088443333333,0.004888473,0.0020903143333333,0.0045490593333333,0.003761009,0.003020955,0.0,0.0062510946666666,0.001118009,0.0003380883333333,0.0052786406666666
0.0038526123333333,0.0001821716666666,3.33333333333333e-06,0.014001895,1.66666666666667e-05,6.66666666666667e-06,0.0,0.001099892,1e-05,0.0,0.012100516
0.0043152866666666,0.0110136633333333,0.0,0.0012213533333333,0.0034278546666666,0.002964761,0.000180451,0.0286156823333333,1e-05,6.66666666666667e-06,0.006293849
0.0011241563333333,0.0024729033333333,0.0008809583333333,0.002640247,0.0032591813333333,0.000908725,0.0,0.0029082876666666,0.0,3.33333333333333e-06,0.0014226636666666
0.0029807913333333,0.000440968,0.001839165,0.0167470096666667,0.0003459173333333,4.0383e-05,0.00168489,0.0134252023333333,0.001738423,0.002024384,0.009251035
0.0058789846666666,0.00030934,0.0,0.002560644,2.73356666666667e-05,0.0001559923333333,8.28026666666667e-05,0.07154733,0.0,1.33333333333333e-05,0.016147732
0.000151347,6.66666666666667e-06,0.001636963,0.0009733233333333,0.0,5.65596666666667e-05,0.0044859916666666,0.0010118396666666,0.001507694,0.0049128766666666,0.0001330206666666
0.001431585,6.29656666666667e-05,0.0010324456666666,0.003578024,2.9899e-05,0.000600649,0.002190627,0.006197899,0.000521386,0.0006300603333333,0.0039976353333333
0.0161283563333333,0.000540922,0.0,0.0102900583333333,3.6992e-05,3.76313333333333e-05,7.59333333333333e-06,0.0652404733333333,6.66666666666667e-06,2.91206666666667e-05,0.032271423
