0.0031404876666666,0.001747372,0.0005692016666666,0.0041659556666666,0.0019122403333333,0.0003671066666666,0.001318952,0.001203709,3.7821e-05,0.000723413,0.0108947306666667
0.0031179256666666,0.016083827,0.0017589203333333,0.0011015693333333,0.007781893,0.001901275,0.005228191,0.0089445873333333,0.0001221526666666,0.0008729953333333,0.0089582546666666
0.000592245,0.0094629663333333,0.0021632746666666,0.0026451383333333,0.003663512,0.0022471763333333,0.0025735263333333,0.0037557003333333,0.0025789066666666,0.0023022396666666,0.009752191
0.0008571123333333,0.002924142,0.0001551873333333,0.0009513743333333,0.000460438,0.000280882,0.0004797236666666,0.000640847,2.9705e-05,0.0004780833333333,0.0007010776666666
0.0049354306666666,0.0123610016666667,0.000742897,0.0006004933333333,0.001122318,0.000710863,0.002896353,0.0050442036666666,7.4337e-05,0.0006855496666666,0.0023086986666666
0.0003832256666666,0.0047258506666666,0.000440813,0.0005733806666666,0.001598107,0.001604274,0.0012423516666666,0.002016706,3.14186666666667e-05,0.000359228,0.0010469263333333
0.004242378,0.0186774216666667,0.0011397896666666,0.002609782,0.0038511153333333,0.0010523516666666,0.0011988203333333,0.0117687393333333,0.0019688346666666,0.0044159846666666,0.015073416
0.005342311,0.0089471276666666,0.002652168,0.0023379276666666,0.0048390913333333,0.002349648,0.007123157,0.02926249,0.0003631813333333,0.0038247066666666,0.0143914896666667
0.00051788,0.0001718616666666,0.000560713,2.23466666666667e-05,7.18446666666667e-05,1.16053333333333e-05,0.004641454,0.0002097316666666,0.0013897426666666,0.0046626976666666,3.87063333333333e-05
0.0020814536666666,0.0035057576666666,0.0002429553333333,0.000299848,0.000960927,0.0006361026666666,0.002409645,0.0017566353333333,0.000573439,0.000650591,0.002855603
0.0131286636666667,0.00910693,0.0059306213333333,0.0032007296666666,0.0102785053333333,0.0026566296666666,0.0125069463333333,0.0214123366666667,0.000197243,0.0035431446666666,0.04194712
