0.003900033,0.0010975843333333,0.0004863613333333,0.000113071,0.0013084486666666,0.0004419406666666,0.001393427,0.0016375836666666,3.68166666666667e-05,0.00053139,0.002432597
0.0006435266666666,0.005975305,0.000620746,0.001261835,0.0027382613333333,0.0003834883333333,0.004355899,0.0036864173333333,0.000207079,0.0008844436666666,0.0022673016666666
0.0003495173333333,0.0063511403333333,0.0045227256666666,0.002816655,0.0029052273333333,0.0034315956666666,0.00132456,0.0013223156666666,0.001867674,0.0017746823333333,0.0051075406666666
0.0001641856666666,0.0012478633333333,0.000153065,0.0016183053333333,0.0005181026666666,0.0001143073333333,0.0003592176666666,0.0007830786666666,5.036e-06,0.0002720163333333,0.0006644486666666
0.0015733286666666,0.0045610146666666,0.000736079,0.0028677513333333,0.002917049,0.0002560053333333,0.0022512373333333,0.0019754636666666,0.0001030836666666,0.0019397596666666,0.0020884663333333
0.000284414,0.0013802146666666,0.0008547353333333,0.0007251753333333,0.0013723226666666,0.0009931833333333,0.000394746,0.0003091536666666,0.0003092813333333,0.000491193,0.0010907763333333
0.0015774633333333,0.0068157986666666,0.0012081986666666,0.000871893,0.002510604,0.0005293733333333,0.003504244,0.0084698683333333,0.0018968293333333,0.003024655,0.0043801853333333
0.0020257803333333,0.0033461923333333,0.0030301723333333,0.001798802,0.004617871,0.0007629066666666,0.0081009976666666,0.0071308606666666,0.0001407346666666,0.002461384,0.0164672676666667
9.20306666666667e-05,1e-05,0.0001061076666666,7.52533333333333e-06,3.65583333333333e-05,3.33333333333333e-06,0.0034434426666666,3.3384e-05,0.000721792,0.0036456843333333,1.60966666666667e-05
0.0008712533333333,0.003350999,0.0004194313333333,0.000261523,0.0005220023333333,0.0003810333333333,0.0025468536666666,0.0017497163333333,0.0002532006666666,0.001263164,0.0010615943333333
0.0180761626666667,0.0096304226666666,0.009560252,0.003830096,0.0043571626666666,0.0014282256666666,0.0053125906666666,0.0157094766666667,0.0006178693333333,0.0106030896666667,0.0210677743333333
