0.003494488,0.0023743356666666,0.0011421163333333,0.006275583,0.0025531336666666,0.0001276983333333,0.0013763898333333,0.000786312,1.89115e-05,0.0006446283333333,0.003251662
0.001935159,0.0096388093333333,0.0025738726666666,0.000982161,0.0086887326666666,0.0028821053333333,0.005826872,0.0052744896666666,0.000257833,0.00189118,0.003868363
0.000450177,0.0063471993333333,0.0021057476666666,0.002113791,0.0033756953333333,0.0016560573333333,0.0044993266666666,0.0026809096666666,0.0020457076666666,0.001540879,0.005056978
0.0005282123333333,0.0009724613333333,0.000178969,0.0024464003333333,0.0001689856666666,0.0006302646666666,0.0004386223333333,0.000812261,2.15473333333333e-05,0.000414523,0.0003044923333333
0.001010541,0.004591213,0.0011154586666666,0.0033706036666666,0.0005519966666666,0.0003555396666666,0.0029115753333333,0.001864742,0.0001683046666666,0.0014905343333333,0.0039514553333333
0.0002204323333333,0.0024556806666666,0.0014191653333333,0.0006966606666666,0.002664375,0.0006773403333333,0.0010932343333333,0.000315971,0.0002664246666666,0.000516497,0.000963553
0.0030605046666666,0.0125360276666667,0.0038221806666666,0.0011160813333333,0.0032891866666666,0.0004177706666666,0.0039420433333333,0.006721774,0.0044644696666666,0.0027967576666666,0.0019761623333333
0.001522591,0.0024504783333333,0.0011372773333333,0.000593625,0.0024397643333333,0.0007334783333333,0.0076112736666666,0.02088466,0.0004440476666666,0.0022986163333333,0.0058140393333333
8.223e-06,1.58333333333333e-05,0.000696391,3.46666666666667e-05,2.8218e-05,1.1348e-05,0.0053698923333333,3.40493333333333e-05,0.0016702426666666,0.0041250286666666,1e-05
0.0012422183333333,0.0043581643333333,0.0005087863333333,0.0005573433333333,0.001803143,0.0005128593333333,0.0020988703333333,0.001205562,0.001266806,0.000550216,0.0013879873333333
0.011779458,0.006289788,0.0086667896666666,0.005095301,0.006146593,0.0021549633333333,0.0081463053333333,0.0278593866666667,0.0019023706666666,0.006124113,0.0250164513333333
