0.0066144793333333,0.0031176286666666,0.000859799,0.0005033286666666,0.0029735183333333,0.0002809356666666,0.0020848973333333,0.0012311683333333,0.0004185726666666,0.0006817026666666,0.0097198166666666
0.004357519,0.00622756,0.002557385,0.0011912733333333,0.0056085953333333,0.0010792933333333,0.006503745,0.003435311,0.0012772486666666,0.0006815476666666,0.003695619
0.0010891456666666,0.006376768,0.0027242673333333,0.0029060703333333,0.003573888,0.0028866013333333,0.003623859,0.0028336883333333,0.001994639,0.0013301846666666,0.0055467376666666
0.002448113,0.0012291486666666,0.0003331436666666,0.0014377046666666,0.0015607003333333,0.0004269923333333,0.0010065946666666,0.000767559,0.0001436383333333,0.000216535,0.000943818
0.0036813383333333,0.0077548456666666,0.0032725056666666,0.0035262076666666,0.004007383,0.0025817553333333,0.0030423056666666,0.0018592643333333,0.0003545513333333,0.002245436,0.0042190446666666
0.0006834536666666,0.0025638426666666,0.001160244,0.0010125313333333,0.001343812,0.0006852623333333,0.0006190683333333,0.0006478233333333,0.0003416206666666,0.001149137,0.0015349043333333
0.004478832,0.0136362673333333,0.003155918,0.002290377,0.003818444,0.0012255463333333,0.0026462266666666,0.005794563,0.002508335,0.0030317013333333,0.0075643773333333
0.0049249796666666,0.003526419,0.0041315166666666,0.002012686,0.005995643,0.003000305,0.0109735253333333,0.0166092293333333,0.0007165403333333,0.0044078146666666,0.0241110793333333
1.8264e-05,6.66666666666667e-06,0.0008520156666666,2.4468e-05,5.19653333333333e-05,6.66666666666667e-06,0.0048735196666666,3.26466666666667e-05,0.000777877,0.0034513976666666,1.45766666666667e-05
0.001866389,0.0033413643333333,0.0012136146666666,0.0004989543333333,0.0025040626666666,0.000562519,0.003799879,0.002689057,0.0008571773333333,0.0010533603333333,0.0038535546666666
0.0133756886666667,0.0096594373333333,0.008523545,0.0039581803333333,0.0085744456666666,0.0053632973333333,0.009330122,0.0243270736666667,0.0012643043333333,0.0054648603333333,0.0320201503333333
