0.0042496903333333,0.001349778,0.0016882576666666,0.0006569633333333,0.0020511003333333,0.0005180693333333,0.0109541686666667,0.001737063,2.23621666666667e-05,0.000802817,0.004788437
0.0020170913333333,0.0103187113333333,0.002936956,0.0013787636666666,0.0032518403333333,0.0009692183333333,0.0092745893333333,0.0013782526666666,0.0001046336666666,0.0010098366666666,0.002850144
0.0007667896666666,0.0064045,0.000942759,0.0020787196666666,0.0056156636666666,0.0016797743333333,0.0018423976666666,0.0017864543333333,0.0009157836666666,0.003342409,0.0051826583333333
0.001162583,0.001731612,0.0003114456666666,0.0010232176666666,0.000172255,0.0002764813333333,0.0028684066666666,0.0002068446666666,1.6151e-05,0.000165622,0.000437172
0.0016509223333333,0.0068720526666666,0.003511242,0.0006085436666666,0.0019606683333333,0.0006805326666666,0.0053039546666666,0.0016869603333333,0.0002892273333333,0.003345554,0.005890154
0.0006492196666666,0.002576094,0.0008899773333333,0.00376423,0.002689845,0.000915879,0.0008916686666666,0.0009350606666666,0.0004813113333333,0.000442328,0.0015554983333333
0.0028872643333333,0.0110844263333333,0.003422047,0.0042634556666666,0.0044995406666666,0.0009160496666666,0.0013863643333333,0.0061507826666666,0.0017537936666666,0.0048722573333333,0.0054901166666666
0.0032268656666666,0.0072208956666666,0.0030038996666666,0.0011752253333333,0.0042372883333333,0.001845463,0.0085349233333333,0.0122422443333333,0.00028361,0.0038790803333333,0.0101541286666667
1.768e-05,3.58386666666667e-05,0.0013543526666666,0.0002576426666666,0.000595064,3.21186666666667e-05,0.0055590913333333,0.0004721096666666,0.0005249713333333,0.0053987153333333,0.0005623853333333
0.0014305043333333,0.0019395323333333,0.000637228,0.0006628326666666,0.0019066696666666,0.0006576346666666,0.004338797,0.0009653853333333,0.0002875863333333,0.0002270733333333,0.0018628666666666
0.0257042586666667,0.0107928573333333,0.009404123,0.001441206,0.0032852,0.0009648736666666,0.007724258,0.014023074,0.000227345,0.0054823506666666,0.019839653
