0.0033441693333333,0.0012700893333333,0.000605946,0.0013813513333333,0.002241946,0.000320778,0.0017856176666666,0.0016355953333333,2.3893e-05,0.0006085603333333,0.0054140136666666
0.0009194553333333,0.0180526253333333,0.0039371726666666,0.000574174,0.002809341,0.000940335,0.007524684,0.000783892,3.85853333333333e-05,0.0010164103333333,0.0024322473333333
0.000290899,0.009868024,0.0005026496666666,0.0012996133333333,0.003633384,0.001531783,0.0021262296666666,0.0029842483333333,0.001469752,0.0012012956666666,0.0041339646666666
0.0015918713333333,0.0024242203333333,0.0001400253333333,0.000593674,0.0001338806666666,0.000233106,0.000378994,0.000350037,0.0,0.0001176006666666,0.0002602656666666
0.00133594,0.011356264,0.0020702466666666,7.31506666666667e-05,0.0025047216666666,0.000445988,0.0044997423333333,0.0024818973333333,2.46396666666667e-05,0.002158523,0.0013735856666666
0.0002782273333333,0.0030518836666666,0.0015613896666666,0.000891095,0.0014048413333333,0.0006222736666666,0.000478004,0.000548694,0.000476161,0.0004576296666666,0.0017966986666666
0.001042733,0.0143549196666667,0.0007651326666666,0.0010199026666666,0.001419263,0.0002877806666666,0.001790699,0.0032076346666666,0.0010491833333333,0.0047401146666666,0.0035503363333333
0.00217239,0.0090094663333333,0.0031047826666666,0.0004374976666666,0.0026643646666666,0.0005652956666666,0.0122988796666667,0.0123238566666667,0.0001448353333333,0.003267186,0.0063344276666666
9.56933333333333e-06,2.7193e-05,0.0028786216666666,6.98666666666667e-06,2.3937e-05,6.66666666666667e-06,0.0028195623333333,2.5664e-05,0.000855872,0.009112843,2.6074e-05
0.0008684203333333,0.0035061476666666,0.000794688,6.66116666666667e-05,0.0007624216666666,0.0004895696666666,0.0025841886666666,0.000994296,0.000405403,0.0001952793333333,0.0007295693333333
0.0155240266666667,0.0061009633333333,0.005948472,0.0010550073333333,0.0043919823333333,0.001163021,0.0069057743333333,0.014266664,0.000329569,0.0050433933333333,0.0408377833333333
