0.002375785,0.001943592,0.0008543096666666,0.005410831,0.0011989853333333,0.0006325906666666,0.0019969711666666,0.0016785316666666,0.0002578191666666,0.0007342403333333,0.006258048
0.0021609706666666,0.014444055,0.0013161383333333,0.0017372073333333,0.0053597283333333,0.0014430336666666,0.0058133263333333,0.0018216486666666,0.0004956193333333,0.0011735043333333,0.0032323496666666
0.000849698,0.0146490486666667,0.0012436523333333,0.0019327123333333,0.0032246506666666,0.002403373,0.0027929263333333,0.0015819833333333,0.0032467696666666,0.003278949,0.005702268
0.0012864063333333,0.0016099673333333,0.0002035886666666,0.002307519,0.0008137806666666,0.0002180236666666,0.0004451893333333,0.0004872626666666,0.000209024,0.0002622483333333,0.0008732916666666
0.0015069333333333,0.0080103456666666,0.0011358873333333,0.003279773,0.0021519146666666,0.0014780283333333,0.002867797,0.0027550613333333,0.00027742,0.0023588573333333,0.0050540186666666
0.001076409,0.006251776,0.0023101826666666,0.0005034036666666,0.001626518,0.000871871,0.000665941,0.0006683936666666,0.0003107706666666,0.00108478,0.0025423363333333
0.0028100213333333,0.0108337396666667,0.0034006296666666,0.0007459586666666,0.0034633476666666,0.0011459013333333,0.0024828473333333,0.0047763816666666,0.004540327,0.002908375,0.0045146446666666
0.0038902643333333,0.007174916,0.003767489,0.001528615,0.0056900563333333,0.002620546,0.0100476553333333,0.0176932476666667,0.000573584,0.003841739,0.0114939186666667
6.66666666666667e-06,3.21956666666667e-05,0.000358268,2.55993333333333e-05,4.83996666666667e-05,2.26456666666667e-05,0.004244983,3.204e-05,0.001787794,0.003851817,3.28146666666667e-05
0.0021039716666666,0.005727482,0.0008582693333333,0.000431843,0.0016301296666666,0.0005747836666666,0.0018421503333333,0.0018479933333333,0.000492316,0.0019592573333333,0.0093122353333333
0.018946208,0.0141029733333333,0.0077328386666666,0.0033185123333333,0.008785912,0.0034145573333333,0.005558528,0.0244784063333333,0.000727234,0.004624994,0.0426035833333333
