0.0039059973333333,0.0051516606666666,0.0,0.0057929963333333,0.004031881,0.0005266536666666,0.0,0.002596087,0.0,0.000163861,0.0045036226666666
0.004325134,0.0129023646666667,0.005539418,0.016391597,0.0086886923333333,0.0045233453333333,2.6587e-05,0.0080436573333333,3.33333333333333e-06,0.0003171033333333,0.0056068693333333
0.0006565606666666,0.0065141916666666,0.0023565663333333,0.0050281736666666,0.0057184886666666,0.0015895803333333,0.0,0.0029480703333333,0.001308167,2.14283333333333e-05,0.0054617363333333
0.0066161386666666,0.000153891,0.0,0.0165373803333333,6.66666666666667e-06,0.0,1.35e-05,0.0011273243333333,3.33333333333333e-06,1.66666666666667e-05,0.0127254216666667
0.0038477216666666,0.013914169,0.0016045896666666,0.010660863,0.0082952196666666,0.0012899993333333,6.83733333333333e-06,0.0101811136666667,1.9287e-05,0.0002178856666666,0.0060237156666666
0.000633591,0.0033540146666666,0.0011168056666666,0.002178912,0.0018200916666666,0.0007439076666666,0.0,0.0006738343333333,0.0,0.0001472863333333,0.0032233023333333
0.006147663,0.0012727116666666,0.003197975,0.0266073773333333,9.25456666666667e-05,4.95896666666667e-05,0.0021436386666666,0.0139673756666667,0.0013140646666666,0.0040390473333333,0.0112005753333333
0.0051839673333333,0.023684274,0.0045975056666666,0.0206772863333333,0.0115580956666667,0.0024767986666666,5.36053333333333e-05,0.0290636216666667,0.0002125036666666,0.0012852883333333,0.0198557123333333
0.0001006366666666,1.66563333333333e-05,0.0008383056666666,0.0004577383333333,0.0,0.0001002013333333,0.005959785,0.0001415433333333,0.0016474396666666,0.0072621096666666,0.0001412563333333
0.0013271156666666,0.0002281413333333,0.0005266993333333,0.004742813,4.37533333333333e-06,0.0004853846666666,0.0039224353333333,0.001319495,0.000482333,0.000532411,0.001463728
0.0135656083333333,0.016243856,0.0007618966666666,0.0371160766666667,0.010854682,0.0043493786666666,1.3393e-05,0.02432952,6.66666666666667e-06,0.0008199233333333,0.0334013066666667
