0.0028692283333333,0.001704754,0.0006006186666666,0.0002469506666666,0.0020658036666666,0.0005548286666666,0.0050709753333333,0.001270496,0.0001012281666666,0.000403007,0.0046721576666666
0.0019916556666666,0.0138963683333333,0.0021627656666666,0.0023649143333333,0.0057379283333333,0.0027930636666666,0.0124067273333333,0.0025813096666666,8.38246666666667e-05,0.0010109266666666,0.00378816
0.0014388143333333,0.007666762,0.0018808583333333,0.0024717573333333,0.0036056566666666,0.0033334143333333,0.001055887,0.0025639466666666,0.0017851836666666,0.002093418,0.0062839573333333
0.000479109,0.002523485,0.0006380426666666,0.0011926376666666,0.0003806306666666,0.0004574176666666,0.001826707,0.0006884743333333,2.89133333333333e-05,0.0001820263333333,0.000886863
0.0035775306666666,0.0097810843333333,0.0007208323333333,0.0004189376666666,0.002890653,0.000990728,0.0043590103333333,0.0034424546666666,9.4398e-05,0.0017363426666666,0.003038828
0.000241402,0.0031013216666666,0.0012072796666666,0.0009537346666666,0.00182218,0.002211294,0.0009359233333333,0.0004128166666666,0.0003445753333333,0.000177498,0.001818081
0.003414239,0.015763447,0.0015383556666666,0.0030649056666666,0.0062079456666666,0.003138229,0.0016942836666666,0.006877976,0.001831879,0.004475353,0.0158199046666667
0.0089202703333333,0.007040431,0.0036816116666666,0.001864417,0.00566431,0.002822906,0.0088119303333333,0.014919123,0.0005194003333333,0.0028972956666666,0.0123242983333333
0.0001018163333333,7.84706666666667e-05,0.0002297856666666,1.46706666666667e-05,0.0005776923333333,8.87266666666667e-06,0.0045426216666666,3.32866666666667e-05,0.0014933573333333,0.0035320296666666,1.33333333333333e-05
0.0016122963333333,0.0040600566666666,0.0002953236666666,0.000773199,0.002016421,0.0009346173333333,0.0026254553333333,0.002658375,0.0019611426666666,0.000599537,0.0024685596666666
0.0140170003333333,0.0112400896666667,0.011956545,0.003155108,0.0095747003333333,0.0037362893333333,0.0164902066666667,0.0226396036666667,0.0002859106666666,0.0039080386666666,0.0440501766666667
