0.0068165863333333,0.001673796,0.0005830226666666,0.0015844143333333,0.0070534873333333,0.0005649716666666,0.0022583493333333,0.0013247953333333,8.01346666666667e-05,0.0008818993333333,0.0030915856666666
0.0020954163333333,0.007935601,0.0016339816666666,0.0010466633333333,0.0027342776666666,0.0014550346666666,0.0041818076666666,0.0021225516666666,0.0001609353333333,0.0011350773333333,0.002852515
0.001096456,0.008489792,0.001085636,0.0031070633333333,0.0033541743333333,0.0017880863333333,0.001709616,0.0014734846666666,0.0020261406666666,0.004417987,0.0049006116666666
0.0008204703333333,0.0014387376666666,0.0001944956666666,0.0022103406666666,0.000216423,0.0001316383333333,0.00115238,0.0005088253333333,1e-05,0.0004770856666666,0.0008085766666666
0.001594455,0.0060643433333333,0.0014306673333333,0.0002129186666666,0.0013955976666666,0.0002360893333333,0.001148173,0.0022976646666666,0.0001065556666666,0.0017736836666666,0.0008041873333333
0.0004224143333333,0.0021312456666666,0.0006661736666666,0.0010884006666666,0.0016508273333333,0.001674253,0.000714959,0.0003240633333333,0.0004767886666666,0.000589327,0.0011337446666666
0.0053037706666666,0.0098925943333333,0.0013725123333333,0.0022624793333333,0.004824828,0.0005392313333333,0.003435275,0.004815301,0.002417148,0.0039416666666666,0.0097225796666666
0.003625291,0.0025074376666666,0.003019704,0.0014092333333333,0.002065117,0.0013405046666666,0.0090794753333333,0.0135877373333333,0.000840382,0.0035642596666666,0.0069750113333333
0.0001519916666666,0.0,0.0012681536666666,5.11866666666667e-06,3.34403333333333e-05,3.33333333333333e-06,0.004376162,6.97916666666667e-05,0.0013065433333333,0.0045465483333333,3.33333333333333e-06
0.0010705486666666,0.0021503143333333,0.0005632093333333,0.0006043826666666,0.0008955166666666,0.0002770996666666,0.002018811,0.0019649146666666,0.000812989,0.00221034,0.0019744933333333
0.0131175823333333,0.0065849476666666,0.0084675213333333,0.0033952306666666,0.0046567343333333,0.0016723166666666,0.018715813,0.0166330393333333,0.0001968826666666,0.005785387,0.0301495093333333
