0.0039989006666666,0.001997065,0.001037964,0.000327486,0.0025330333333333,0.0005934243333333,0.001744312,0.001361429,0.0001014553333333,0.00119398,0.0079104403333333
0.0043030213333333,0.015890836,0.0019722886666666,0.0012206776666666,0.0066202183333333,0.001621391,0.004168104,0.0012078753333333,0.0003557736666666,0.001338672,0.005038464
0.001652242,0.007437672,0.001517293,0.0033585313333333,0.002657064,0.0029844886666666,0.0012827756666666,0.0030604853333333,0.0011632993333333,0.002027559,0.0035663243333333
0.0018982133333333,0.00286745,0.0001203176666666,0.0005796416666666,0.0003411316666666,0.0002448913333333,0.001143592,0.0005784546666666,5.5262e-05,0.00044674,0.0005799606666666
0.0032752606666666,0.0124665053333333,0.000660247,0.0007016323333333,0.0041137116666666,0.0019863133333333,0.004055981,0.0032538046666666,0.000279982,0.0010547896666666,0.0058846356666666
0.0004484546666666,0.0035584613333333,0.001444136,0.0003135596666666,0.0023762583333333,0.0013427866666666,0.002669949,0.000973788,1.31956666666667e-05,9.05573333333333e-05,0.001910259
0.0048968593333333,0.0177045636666667,0.0012205376666666,0.0015157546666666,0.0074832933333333,0.00193379,0.0019542116666666,0.0086176666666666,0.0036724626666666,0.0058001726666666,0.0163739256666667
0.0046217213333333,0.0077220833333333,0.0047126816666666,0.001502768,0.0067139936666666,0.0017325513333333,0.0074674366666666,0.019484397,0.0005390516666666,0.0031409593333333,0.0164242526666667
2.83066666666667e-05,0.0001490216666666,0.0013860296666666,5.5654e-05,0.0001299576666666,2.3141e-05,0.0016501853333333,0.0006644373333333,0.0007508013333333,0.001361753,0.0001263103333333
0.0023311103333333,0.006282567,0.0005609203333333,0.0004641536666666,0.0017773953333333,0.000340017,0.0026956133333333,0.0015483156666666,0.000393726,6.7504e-05,0.0021332413333333
0.014451394,0.01659968,0.0049311116666666,0.002174451,0.0120537706666667,0.0040036563333333,0.013927699,0.0301458753333333,0.0005191953333333,0.0039529123333333,0.0423645833333333
