0.0028715616666666,0.001080974,0.00132437,0.0012439366666666,0.0013948826666666,5.98643333333333e-05,0.002397477,0.0005223756666666,0.0,0.000728948,0.005022925
0.0008874176666666,0.0094113903333333,0.0036173256666666,0.0005445353333333,0.0028996053333333,0.0003309566666666,0.008226147,0.000931273,0.000416802,0.0009314406666666,0.0025512273333333
0.0002410923333333,0.0062959603333333,0.0003189226666666,0.0009621063333333,0.004288957,0.0008421613333333,0.0029926256666666,0.001272502,0.0001171873333333,0.0011749313333333,0.0036846166666666
0.0009551086666666,0.0018409433333333,0.000160658,0.0013450296666666,0.0007550186666666,5.22723333333333e-05,0.001010892,0.0003780036666666,0.0,3.99313333333333e-05,0.0002199023333333
0.0013757566666666,0.008225119,0.0009158073333333,0.0004219166666666,0.0002834256666666,0.0002277793333333,0.004398985,0.00266406,0.0001162803333333,0.001995042,0.0009454856666666
0.0001823576666666,0.002658495,0.0017077856666666,0.0005561196666666,0.0011199523333333,0.0006258746666666,0.0006348103333333,0.000477609,0.000304931,0.0004299296666666,0.001528514
0.0009347856666666,0.0148790916666667,0.0010630063333333,0.0010272666666666,0.0026332666666666,0.000273607,0.0030480323333333,0.0052836026666666,0.0012824083333333,0.0047641693333333,0.006415725
0.0021411163333333,0.0052533356666666,0.003407237,0.0007775316666666,0.003102476,0.0006771926666666,0.0102617723333333,0.0093605723333333,0.000559203,0.0030268996666666,0.0181015773333333
7.656e-06,9.4243e-05,0.000829665,6.66666666666667e-06,3.69053333333333e-05,0.0,0.0031253866666666,2.3584e-05,0.00031114,0.00200874,1.2094e-05
0.000864489,0.003371413,0.0002746643333333,8.29363333333333e-05,0.0003860956666666,0.000266174,0.0031653413333333,0.0012168733333333,0.0007595933333333,0.0001639363333333,0.0010784326666666
0.010018022,0.008608775,0.0073391093333333,0.0037402866666666,0.0038939023333333,0.000560773,0.007296697,0.0160678383333333,0.000739372,0.004187576,0.03198546
