0.008808425,0.0020879023333333,1.77336666666667e-05,0.005025131,0.0041767976666666,0.0008728786666666,8.444e-06,0.0018974303333333,0.0,0.0001297966666666,0.0059963193333333
0.0046491043333333,0.0155381156666667,0.0036665013333333,0.0164832196666667,0.0169443663333333,0.0026527836666666,3.33333333333333e-06,0.0053892783333333,3.33333333333333e-06,0.00010053,0.008356534
0.000764061,0.007569106,0.001797624,0.0046533913333333,0.0032934596666666,0.002137794,3.33333333333333e-06,0.0023397256666666,0.001964546,0.0004030626666666,0.0056702723333333
0.006529767,0.0001897133333333,0.0,0.01891434,1.5682e-05,3.33333333333333e-06,3.33333333333333e-06,0.0012224396666666,0.0,6.66666666666667e-06,0.012737352
0.0022665676666666,0.0218008153333333,0.0016782363333333,0.008887424,0.0028728023333333,0.0016209066666666,6.66666666666667e-06,0.0091523636666666,5.008e-05,9.5517e-05,0.007066801
0.000646433,0.004582719,0.0010691646666666,0.0024198313333333,0.0019752,0.001191135,3.33333333333333e-06,0.0012108113333333,3.33333333333333e-06,4.7063e-05,0.0018854316666666
0.0059446313333333,0.00193025,0.0042754556666666,0.0285144083333333,2.623e-05,6.67086666666667e-05,0.0015086973333333,0.0104088433333333,0.001050925,0.003160187,0.011610583
0.0033560296666666,0.0087111496666666,0.0057693176666666,0.0163160233333333,0.0101854993333333,0.0037068593333333,0.0001148103333333,0.0275860923333333,1e-05,9.9732e-05,0.013614583
0.0001821106666666,0.0015829396666666,0.0002134273333333,0.0007807643333333,3.33333333333333e-06,3.17873333333333e-05,0.0057067076666666,0.0002011053333333,0.001813503,0.0060246696666666,0.0001522016666666
0.0013807616666666,7.91153333333333e-05,0.000680831,0.0053109946666666,6.66666666666667e-06,0.0005790346666666,0.0029131746666666,0.0012738083333333,0.000648255,0.0006707293333333,0.001219031
0.0171299283333333,0.011713761,0.001273557,0.0254616396666667,0.0109144846666667,0.005217869,3.3436e-05,0.0213405103333333,0.0,0.0004724296666666,0.0306267563333333
