0.00463381,0.0011972293333333,0.0004348893333333,0.004504736,0.002432277,0.000459659,0.0010034215,0.001130866,0.0004709608333333,0.000474217,0.00577199
0.0025682226666666,0.0153503683333333,0.001206386,0.001278937,0.0108059313333333,0.0013433343333333,0.0042256876666666,0.0019535356666666,0.00014532,0.001642051,0.003973031
0.0015169806666666,0.011977524,0.001513795,0.0022770943333333,0.0047649686666666,0.0020902806666666,0.005673026,0.0020077236666666,0.001230678,0.0018662466666666,0.0085141596666666
0.0028536673333333,0.0019729893333333,0.0003707923333333,0.002288455,0.0004734526666666,0.000237335,0.0005165806666666,0.0004356466666666,4.7929e-05,0.0003358176666666,0.000914682
0.0059123516666666,0.0074105176666666,0.0013133023333333,0.000821044,0.0019565156666666,0.0012507666666666,0.001129081,0.0024113533333333,0.0011820076666666,0.0008144753333333,0.0018690443333333
0.000633375,0.001743569,0.00111948,0.0006405136666666,0.001859808,0.0016594416666666,0.0005133993333333,0.000339716,0.0002848503333333,0.0003555216666666,0.0015073643333333
0.0028194286666666,0.0167047733333333,0.001411053,0.0012505096666666,0.0029828983333333,0.0009951966666666,0.0026349673333333,0.0037281663333333,0.0023469933333333,0.003044546,0.0101102176666667
0.0034165556666666,0.0058333206666666,0.0032738436666666,0.0014909536666666,0.0090504846666666,0.0011579533333333,0.0076504663333333,0.020237978,0.0003341073333333,0.0019539293333333,0.0082959686666666
7.79586666666667e-05,3.33333333333333e-06,0.0011334786666666,1.1586e-05,9.39586666666667e-05,3.33333333333333e-06,0.0057536053333333,1.35426666666667e-05,0.0011115896666666,0.0044685393333333,0.000110051
0.0016674916666666,0.0041051613333333,0.0003815683333333,0.000363175,0.0013515343333333,0.0002226293333333,0.001538686,0.0016167516666666,0.0006228146666666,0.00049517,0.0084636713333333
0.0119696373333333,0.0092678673333333,0.0090936873333333,0.0048392586666666,0.009760367,0.001864207,0.01391742,0.0278918103333333,0.0001783296666666,0.0054975296666666,0.0384424366666667
