0.003410323,0.0014304123333333,0.000745202,0.0023257013333333,0.0023741923333333,0.000522163,0.001982735,0.001365001,0.0001726803333333,0.0004590863333333,0.0082673933333333
0.0036029323333333,0.017658584,0.0014034753333333,0.001387,0.0081079433333333,0.0021248706666666,0.006238689,0.0041114516666666,0.0002216773333333,0.0007197426666666,0.0044141763333333
0.0007795093333333,0.0063956003333333,0.0026557003333333,0.0027733963333333,0.0035898506666666,0.0028250676666666,0.0033778143333333,0.0029000133333333,0.001793516,0.00119419,0.0067629553333333
0.00181348,0.001967228,0.0002616856666666,0.0020730076666666,0.0005961213333333,0.0011854016666666,0.0005985236666666,0.0009252523333333,5.15016666666667e-05,0.0001901796666666,0.0023064013333333
0.0040140136666666,0.010291995,0.001746569,0.003844189,0.0053203886666666,0.0064869743333333,0.002532293,0.002244669,0.00021999,0.000785402,0.0038669426666666
0.0006371206666666,0.0020163153333333,0.001026308,0.000712667,0.0019386966666666,0.0015704946666666,0.0006823943333333,0.0008996266666666,0.0002618463333333,0.0011133216666666,0.0036900363333333
0.004753927,0.0149045283333333,0.004137149,0.000991557,0.005056824,0.0013524856666666,0.001540075,0.0099871513333333,0.0042788236666666,0.0024907913333333,0.004125131
0.006339779,0.0059806643333333,0.004878865,0.001186907,0.0057637086666666,0.0023966596666666,0.0102591393333333,0.014163304,0.000463156,0.001903927,0.0101841576666667
1.6e-05,8.3021e-05,0.0012854973333333,0.0,0.000196236,6.66666666666667e-06,0.0031295486666666,3.78626666666667e-05,0.001190802,0.0032303496666666,0.0001491576666666
0.0015686683333333,0.0056459673333333,0.0007672453333333,0.00094937,0.00276655,0.0010658363333333,0.0016175493333333,0.0019673303333333,0.0005086,0.0005106793333333,0.0023474636666666
0.014132557,0.0092720406666666,0.0077464136666666,0.0049083053333333,0.012134926,0.0045013646666666,0.0084587626666666,0.0294652026666667,0.001230044,0.0044525623333333,0.04270125
