0.0006003573333333,0.001154155,0.0004546363333333,0.000321534,0.001493349,0.0002522143333333,0.0006946446666666,0.0009602836666666,0.0001139376666666,0.0006784666666666,0.005439505
0.000755753,0.004441733,0.0011105546666666,0.0008652866666666,0.002312731,0.0006303046666666,0.00305982,0.0009829616666666,0.0002161353333333,0.0004246373333333,0.0018786776666666
0.0008466216666666,0.0054885666666666,0.003216695,0.0025795113333333,0.003162992,0.002420072,0.0009841693333333,0.0026033353333333,0.001219996,0.0020259146666666,0.0076914656666666
0.0001889713333333,0.001902602,0.0001892386666666,0.0010853476666666,0.000316353,0.0009168863333333,0.009235181,0.000623225,0.0001974966666666,0.0002940483333333,0.0003320523333333
0.001543881,0.011235281,0.0011009506666666,0.000576779,0.0023037403333333,0.0009086053333333,0.008633578,0.0040741073333333,0.000295207,0.001938464,0.0030232506666666
0.000671175,0.0027921036666666,0.0009302166666666,0.0005780456666666,0.001906574,0.001126886,0.0011071546666666,0.0010125356666666,9.66906666666667e-05,0.000370324,0.0014281423333333
0.001129129,0.0089460316666666,0.0016072086666666,0.0009578723333333,0.001692293,0.0012474596666666,0.0010423196666666,0.0051761806666666,0.0008451366666666,0.00255996,0.0049905803333333
0.0023711913333333,0.0059642706666666,0.0028435536666666,0.0017348526666666,0.0043647253333333,0.002758416,0.0061995263333333,0.0111574863333333,0.0007601763333333,0.002707864,0.005011306
1.84813333333333e-05,0.0006286756666666,0.00019147,4.5565e-05,0.000131258,3.53743333333333e-05,0.0049554036666666,0.0001380856666666,0.002116511,0.008244967,1.89953333333333e-05
0.0012097483333333,0.006148718,0.0004836936666666,0.000424419,0.0012239273333333,0.0006437013333333,0.0029265796666666,0.002266485,0.000865431,0.0008311973333333,0.001098058
0.01623113,0.007684071,0.0053622163333333,0.001463184,0.0106050326666667,0.002895982,0.0078043836666666,0.020507599,0.00090882,0.0057350523333333,0.0325819173333333
