0.0031676166666666,2.94313333333333e-05,0.0,0.0055783626666666,0.001616939,0.0,0.0015419045,2.82766666666667e-05,9.78621666666667e-05,1.55986666666667e-05,0.008221672
0.0020562476666666,0.0118171156666667,4.18726666666667e-05,0.001448104,0.0055977856666666,0.0013722793333333,0.011408692,0.0030419723333333,0.0006626883333333,2e-05,0.0069319213333333
0.0006525273333333,0.0065956623333333,0.002534834,0.003282306,0.0033384563333333,0.002634421,0.0034557773333333,0.0023965,0.0011442253333333,0.001346915,0.0054477156666666
0.0002007346666666,0.002898875,0.0005435036666666,0.0009337543333333,0.0004503923333333,0.0003417106666666,0.001866231,1e-05,0.0,5.04526666666667e-05,0.0014141806666666
0.002104054,0.009488023,0.0015554306666666,0.0004427866666666,0.000698934,0.0010996006666666,0.0049123273333333,0.0055795883333333,0.0009874106666666,1.4044e-05,0.003429703
0.0003074423333333,0.0021962876666666,0.0005873973333333,0.0006592263333333,0.001313514,0.0012453756666666,0.0008395306666666,0.000681511,0.0001553596666666,0.0,0.0016820413333333
0.0030481336666666,0.0166579946666667,0.002364485,0.0013485663333333,0.0030995536666666,0.0009536526666666,0.004688626,0.0095729556666666,0.000837301,0.0029988913333333,0.015086032
0.0026352473333333,0.00047048,0.0004943826666666,0.0027992553333333,5.5515e-05,3.609e-06,0.0162385456666667,0.025162423,0.0005616933333333,0.0001295603333333,0.0383764066666667
0.0014247573333333,0.0002393513333333,0.0012171586666666,6.09653333333333e-05,0.0009797603333333,7.98923333333333e-05,0.00534905,0.009103654,0.001489455,0.0051420746666666,2.8252e-05
0.0010548166666666,0.005666653,0.000288144,0.000722308,0.0008413376666666,0.000243912,0.003483769,0.0014395603333333,0.0006944956666666,0.0005270113333333,0.000796214
0.0081464936666666,0.0011186313333333,2.20253333333333e-05,0.003132085,4.2718e-05,0.0,0.0197426913333333,0.0004974376666666,0.000267944,0.000400406,0.0824034233333333
