0.003566047,0.0024985783333333,0.0004674886666666,0.0020361736666666,0.002380022,0.000201894,0.00219756,0.0007899336666666,0.0001802096666666,0.0007623673333333,0.0094562913333333
0.0031726563333333,0.0171325853333333,0.001430022,0.0012371193333333,0.00583885,0.003003689,0.005967418,0.001173323,0.000164749,0.0006292406666666,0.0033239373333333
0.0010451386666666,0.0085343663333333,0.001397188,0.0019941956666666,0.0036324723333333,0.0015611143333333,0.0009061083333333,0.001463269,0.0009127266666666,0.0017021496666666,0.0042188683333333
0.0011971416666666,0.002494783,0.0001645606666666,0.0009001273333333,0.000298938,0.0001450876666666,0.00062773,0.0004486236666666,1.46653333333333e-05,0.000225776,0.0006564143333333
0.0025931706666666,0.0123288813333333,0.001102012,0.0002347686666666,0.0063586226666666,0.0006428506666666,0.0031350473333333,0.0027484893333333,9.69616666666667e-05,0.001677663,0.0040996566666666
0.0004274153333333,0.0035226533333333,0.0010085403333333,0.0007189153333333,0.002242859,0.002082229,0.000500698,0.0003575393333333,5.9646e-05,0.000488447,0.002611918
0.0284774063333333,0.0210929086666667,0.0014880496666666,0.0014772213333333,0.0040911526666666,0.0004339033333333,0.0019213563333333,0.0072833373333333,0.0013615773333333,0.0046943476666666,0.0134375266666667
0.0061602623333333,0.0081483606666666,0.0040293963333333,0.0010053013333333,0.0039741586666666,0.00265356,0.0081966973333333,0.018798283,7.0201e-05,0.0022267906666666,0.0200660693333333
0.0002701466666666,5.0728e-05,0.0013254616666666,3.67653333333333e-05,0.000175004,0.0003194623333333,0.0040213263333333,5.70453333333333e-05,0.000607803,0.00276194,5.27986666666667e-05
0.001329563,0.0037935503333333,0.0003231986666666,0.000989753,0.0018958036666666,0.0004169516666666,0.0021149893333333,0.001721947,0.0006184183333333,0.000850299,0.001554688
0.0124597913333333,0.0105016513333333,0.0064872323333333,0.004568886,0.0068230603333333,0.0021234623333333,0.0110217723333333,0.0217785836666667,0.0001200876666666,0.0029794086666666,0.0409549866666667
