0.004923641,0.0065036373333333,0.0014013303333333,0.0015229403333333,0.0032687173333333,0.0004166893333333,0.0020100748333333,0.0013304473333333,0.0003345288333333,0.0019539713333333,0.0064049513333333
0.0043403523333333,0.0214379653333333,0.0031120186666666,0.0021567156666666,0.0105336903333333,0.0035040346666666,0.006461211,0.0038486686666666,0.0007705406666666,0.0039304703333333,0.0107688053333333
0.0017314533333333,0.004226712,0.002581678,0.0027089653333333,0.0018411496666666,0.0046806166666666,0.003136043,0.001318168,0.0053506573333333,0.0045283496666666,0.0066174843333333
0.001008661,0.0021766803333333,0.0005879746666666,0.001824475,0.0016209913333333,0.001251716,0.000905676,0.0009836746666666,3.15276666666667e-05,0.0011779443333333,0.002149441
0.0024886633333333,0.0145210693333333,0.003616729,0.0013035013333333,0.006934303,0.0036411033333333,0.0015406186666666,0.003397832,0.0010948813333333,0.0040363666666666,0.0059613276666666
0.0010200513333333,0.0026689646666666,0.001254491,0.0004480136666666,0.002867647,0.001892437,0.0007177836666666,0.0009129646666666,0.0003010043333333,0.001939682,0.001704781
0.0025631353333333,0.011512187,0.0050203203333333,0.001842375,0.0045888603333333,0.0010248133333333,0.00264401,0.0060745043333333,0.0047400753333333,0.0069759663333333,0.011061483
0.006893159,0.004953371,0.0041556773333333,0.0032791693333333,0.0073612653333333,0.0028028036666666,0.010612981,0.029170687,0.0010857543333333,0.0055882483333333,0.0223462906666667
0.0,0.0,0.0025672346666666,3.33333333333333e-06,0.000242123,4.396e-06,0.0016930886666666,5.033e-06,0.001305109,0.0035132316666666,2.33113333333333e-05
0.010195691,0.017792127,0.0091961793333333,0.0078579696666666,0.0160108283333333,0.0078719876666666,0.0018382516666666,0.0039339216666666,0.0024521373333333,0.0087285693333333,0.0181795633333333
0.0133955056666667,0.013597393,0.010097481,0.004047252,0.0091220703333333,0.003748456,0.0131658183333333,0.027732227,0.0015624616666666,0.0073885806666666,0.0410787766666667
