0.002952641,0.0013685503333333,3.20536666666667e-05,0.003962471,0.0022875773333333,0.000317215,8.24133333333333e-06,0.0014276156666666,0.0,0.000148767,0.0051811143333333
0.002495155,0.01498399,0.003083934,0.00853199,0.0113865193333333,0.0016138286666666,3.33333333333333e-06,0.0032724126666666,6.66666666666667e-06,0.0005287043333333,0.0045373276666666
0.000827028,0.0069459463333333,0.0024468763333333,0.0043941963333333,0.0056350456666666,0.002623592,0.0,0.0026667256666666,0.0014959253333333,0.000708392,0.0068070116666666
0.0047161223333333,0.000329975,0.0,0.0128330673333333,6.66666666666667e-06,3.57333333333333e-06,0.0,0.0004532366666666,0.0,1.33333333333333e-05,0.010816322
0.0014308166666666,0.015807917,0.0016675143333333,0.0066613496666666,0.0030433343333333,0.0008376536666666,1.07516666666667e-05,0.0045974036666666,2.68326666666667e-05,1.8086e-05,0.006224514
0.0004441346666666,0.0030135796666666,0.0008951133333333,0.0023166096666666,0.001317999,0.0013266656666666,0.0,0.0005780906666666,3.33333333333333e-06,4.55223333333333e-05,0.0031098893333333
0.0027324863333333,0.001343343,0.0035449593333333,0.0186871093333333,2.90383333333333e-05,2.238e-05,0.0012725433333333,0.0078329766666666,0.0008007513333333,0.0030952056666666,0.010261193
0.003437473,0.0091542036666666,0.0038934596666666,0.01090694,0.0064683426666666,0.0015819463333333,0.0001083513333333,0.0237945666666667,5.6001e-05,0.0001796003333333,0.0119911576666667
2.15286666666667e-05,2.46413333333333e-05,0.0002298923333333,0.000202755,0.0,1.80756666666667e-05,0.005523554,0.000206535,0.0017203493333333,0.0063769883333333,6.56543333333333e-05
0.0010959616666666,0.000146472,0.0009187603333333,0.0031311426666666,7.81866666666667e-06,0.0006563843333333,0.0019338263333333,0.0010831823333333,0.0003136656666666,0.000142501,0.0013442166666666
0.0163227083333333,0.010428438,0.0013674703333333,0.02908354,0.0101634986666667,0.0017984493333333,1.27116666666667e-05,0.025712952,0.0,0.0006379443333333,0.0435845366666667
