0.0036448623333333,0.00217306,0.0003699403333333,0.0014999753333333,0.0028683613333333,0.000403264,0.0018609075,0.0004415283333333,3.93055e-05,0.0006153003333333,0.0042145473333333
0.0011501543333333,0.0103802846666667,0.0007204343333333,0.001397745,0.0013219463333333,0.0008591593333333,0.0049084226666666,0.003916412,0.000940665,0.0016102913333333,0.0033844353333333
0.000751366,0.00767969,0.001026174,0.0031371676666666,0.0044041026666666,0.0032538256666666,0.002250624,0.0031697663333333,0.0010876833333333,0.0019512156666666,0.005051099
0.001645158,0.0014680283333333,0.000175845,0.0021557076666666,0.0005356806666666,0.0002010926666666,0.000547532,0.0002463176666666,0.0001285316666666,0.0002087733333333,0.0007119843333333
0.0018456943333333,0.0062241883333333,0.0008390233333333,0.0001393463333333,0.002524583,0.000438334,0.0016601173333333,0.0018082633333333,0.0004025263333333,0.002044197,0.002949301
0.000841286,0.0015250593333333,0.0008166236666666,0.0006179893333333,0.0016219563333333,0.001349331,0.000830257,0.0008148013333333,0.000361161,0.000582736,0.001036232
0.0030737403333333,0.009845823,0.00127987,0.0009252523333333,0.002636783,0.0005653043333333,0.0030761176666666,0.004664856,0.0032707013333333,0.0048800193333333,0.0087361846666666
0.0028658276666666,0.005449723,0.0038218193333333,0.001481688,0.0016886633333333,0.0009069033333333,0.0085242063333333,0.0136773626666667,0.000573576,0.0049100583333333,0.008415486
8.2408e-05,0.0001349173333333,0.0019191436666666,3.58933333333333e-06,5.13826666666667e-05,6.65633333333333e-06,0.0044799476666666,0.0006194116666666,0.0013496816666666,0.0046915336666666,4.85003333333333e-05
0.0013822103333333,0.0020512713333333,0.0004708396666666,0.00050165,0.0011302466666666,0.0011049736666666,0.0112002416666667,0.0016896423333333,0.0012428063333333,0.002554079,0.0014724356666666
0.0116461466666667,0.0115275276666667,0.0077176886666666,0.0085919486666666,0.0026559163333333,0.0043282083333333,0.017230306,0.0192197156666667,0.0005096543333333,0.0053959783333333,0.0307126273333333
