0.009716454,0.0006220153333333,0.0011321686666666,0.004973745,0.0026294193333333,0.0005436786666666,0.0020807691666666,0.0006459263333333,8.47621666666667e-05,0.0006238046666666,0.0038691526666666
0.002662566,0.0132282833333333,0.001096796,0.002324463,0.0051464613333333,0.0024103276666666,0.0048055023333333,0.0009715406666666,0.0002584323333333,0.0008569166666666,0.0033657
0.001129834,0.0070298066666666,0.0022531346666666,0.002647837,0.005993555,0.0044588846666666,0.003575695,0.0024196613333333,0.0016076396666666,0.005583882,0.0092411293333333
0.000846056,0.0022100613333333,0.000655668,0.0021217743333333,0.000493686,0.0003554133333333,0.0019870033333333,0.0003578636666666,6.23846666666667e-05,0.001143856,0.0002698683333333
0.0015605166666666,0.0102382383333333,0.0010038176666666,0.0005710056666666,0.005676763,0.0007004666666666,0.003480769,0.00193394,0.0001537396666666,0.000964235,0.0028826573333333
0.0003904466666666,0.002361997,0.0014266756666666,0.0003962773333333,0.0024204013333333,0.001046779,0.000901112,0.000770368,0.000348897,0.0005510313333333,0.0008585426666666
0.0041391886666666,0.011597283,0.0032327623333333,0.0014650413333333,0.0031875886666666,0.0011347476666666,0.0020508806666666,0.0041359286666666,0.002672613,0.0024713983333333,0.01127408
0.0036751276666666,0.0046420893333333,0.0039491226666666,0.002349757,0.0032944446666666,0.001554571,0.0087363023333333,0.0238343733333333,0.0010356206666666,0.0032062193333333,0.007491962
0.0,0.0,0.0007298506666666,4.4785e-05,3.47213333333333e-05,6.66666666666667e-06,0.0040642246666666,3.33333333333333e-06,0.0016860663333333,0.004316548,1.66666666666667e-05
0.0018332766666666,0.002040264,0.002737206,0.0005251823333333,0.0008587686666666,0.000815663,0.0034126253333333,0.000958715,0.0003950963333333,0.00342405,0.001106552
0.010000727,0.0132159513333333,0.0108446223333333,0.0037004343333333,0.00834139,0.0040127653333333,0.0138828243333333,0.018027138,0.0009240633333333,0.003806447,0.0224972236666667
