0.0038107113333333,0.0017062966666666,0.0006329143333333,0.0006813953333333,0.0015448873333333,9.79666666666667e-05,0.0530212766666667,0.0007041623333333,1.30945e-05,0.0006257603333333,0.0040799273333333
0.0013249246666666,0.007576416,0.0024082443333333,0.0010380433333333,0.0034342636666666,0.0011415353333333,0.009699257,0.00145979,0.000104534,0.0008453683333333,0.0023174686666666
0.0005364473333333,0.006390427,0.000250515,0.0013416856666666,0.0034363866666666,0.0013901706666666,0.006708284,0.00121931,0.0002794393333333,0.0004721473333333,0.0051260093333333
0.0016210893333333,0.001120165,6.45263333333333e-05,0.0002404056666666,0.0008485796666666,8.76706666666667e-05,0.0022948883333333,0.0013505106666666,0.0,0.000134818,0.0001882706666666
0.0020069673333333,0.0056466406666666,0.0013105846666666,0.000232731,0.0105867503333333,0.001233603,0.0068964553333333,0.0014386456666666,7.8218e-05,0.0015862386666666,0.0014066036666666
0.0003038396666666,0.0016106826666666,0.0036422563333333,0.0007364666666666,0.001912951,0.000444765,0.0010375066666666,0.0002623716666666,3.33333333333333e-06,0.0004477676666666,0.0009414733333333
0.0020307193333333,0.011485711,0.002162729,0.0009202133333333,0.006314504,0.0011288,0.002650551,0.0069632776666666,0.0028469803333333,0.0049282733333333,0.0114790076666667
0.003513639,0.0070729413333333,0.0033783633333333,0.001355543,0.0033543493333333,0.0011506493333333,0.0128214653333333,0.0126233556666667,0.0001152746666666,0.0036455586666666,0.0076088046666666
0.0005490866666666,4.64433333333333e-05,0.0008625583333333,0.0,0.000904762,3.33333333333333e-06,0.005823405,5.2392e-05,0.0005567923333333,0.003315492,1.60873333333333e-05
0.0010586046666666,0.001345822,0.0006792506666666,0.000275835,0.000944149,0.0006086746666666,0.0036493576666666,0.0011010726666666,0.0007673126666666,0.0002040063333333,0.000836306
0.0143250146666667,0.0116851183333333,0.0069751046666666,0.0029807036666666,0.0107168056666667,0.0012754963333333,0.0192433,0.0203522733333333,5.85156666666667e-05,0.0051328943333333,0.0208425823333333
