0.0027678733333333,0.001519805,0.0012543756666666,0.001322478,0.0033302916666666,0.000210664,0.0027461973333333,0.001377301,1.66666666666667e-06,0.0007166593333333,0.002572788
0.0012584803333333,0.0110079563333333,0.0026451446666666,0.001006574,0.003482756,0.0107292883333333,0.0078139596666666,0.0140321616666667,1.71793333333333e-05,0.0016076873333333,0.0019960656666666
0.0013319396666666,0.005467173,0.001434631,0.0022292393333333,0.0053890426666666,0.001541996,0.0016954443333333,0.0031416753333333,0.0006873896666666,0.0025522143333333,0.003832026
0.0002718916666666,0.0016977063333333,0.0005946493333333,0.001103682,0.0001273366666666,0.000234589,0.0011278493333333,0.0005840086666666,0.0,0.000193299,0.0005083796666666
0.0018241193333333,0.0085479613333333,0.001183481,0.000678511,0.004952134,0.00046474,0.0063159346666666,0.0031278136666666,0.0003902643333333,0.0026699676666666,0.002095531
0.0002012633333333,0.0020299256666666,0.0005147256666666,0.0006397993333333,0.0017669006666666,0.0007700066666666,0.000696022,0.0002936683333333,0.0003087136666666,0.000573162,0.001115699
0.0012535496666666,0.0119305486666667,0.0028001586666666,0.0013160723333333,0.0030554733333333,0.0003193546666666,0.002368851,0.0129231636666667,0.0020779133333333,0.0077324163333333,0.0039757236666666
0.002922686,0.005034794,0.003368878,0.001427702,0.0018160536666666,0.0006678756666666,0.0084373796666666,0.0094265163333333,0.0001707153333333,0.003892049,0.0074173693333333
0.0,1.02156666666667e-05,0.0007736193333333,5.112e-06,4.87043333333333e-05,0.0,0.0066419316666666,6.4691e-05,0.000736681,0.0029170883333333,3.1824e-05
0.000821575,0.0028053656666666,0.0007457763333333,0.000811893,0.0017113056666666,0.000297429,0.0035731106666666,0.0014679483333333,0.0006399356666666,0.000997347,0.0018312316666666
0.013809131,0.0067738436666666,0.0078429193333333,0.0029302,0.0032338753333333,0.0013303303333333,0.0081841526666666,0.0157450196666667,8.57346666666667e-05,0.0056023863333333,0.018975697
