0.008516283,0.0006205136666666,0.000581789,0.0001921016666666,0.0014952406666666,0.0004108323333333,0.0016018791666666,0.001232653,0.0001566478333333,0.0005708176666666,0.0059572956666666
0.0028387896666666,0.0093734326666666,0.0032386296666666,0.002206207,0.0058276486666666,0.001980935,0.004229159,0.002830489,0.0003000676666666,0.0012764493333333,0.0048414
0.0007272663333333,0.0067833866666666,0.001955022,0.003079704,0.0030794116666666,0.0046762563333333,0.0015844476666666,0.0018191463333333,0.0010478606666666,0.0010773986666666,0.007111359
0.0001576693333333,0.0037393383333333,0.000369359,0.0010081736666666,0.0002647906666666,0.0004497946666666,0.0124664536666667,0.0004869586666666,1.4288e-05,0.0002042186666666,0.000228514
0.0009868663333333,0.0105665606666667,0.0047886283333333,0.0005874693333333,0.0014260756666666,0.000547599,0.0023070776666666,0.0029283083333333,0.0007715903333333,0.0013035343333333,0.0045005356666666
0.0005055086666666,0.0031734996666666,0.001422543,0.0008833203333333,0.0011734376666666,0.0008913116666666,0.0007113233333333,0.0007195443333333,8.03973333333333e-05,0.0001921373333333,0.000990871
0.0031192276666666,0.0192047686666667,0.001338038,0.0011154133333333,0.0050878876666666,0.001146435,0.0020340563333333,0.0062057823333333,0.0011769793333333,0.002255814,0.0086182116666666
0.003469354,0.0043049836666666,0.0034258976666666,0.0012277626666666,0.0050451196666666,0.0017467996666666,0.0102663776666667,0.014916338,0.001379754,0.0031293853333333,0.0125351156666667
3.82543333333333e-05,0.0007214866666666,0.0012129223333333,7e-06,0.001398248,4.7955e-05,0.0039423023333333,0.000704568,0.0016158266666666,0.0065752516666666,2.78953333333333e-05
0.0007515353333333,0.002941672,0.0011220163333333,0.0002430696666666,0.0008850953333333,0.0008633103333333,0.0023794383333333,0.0016112066666666,0.000514053,0.0005202813333333,0.001326357
0.011689032,0.007079875,0.0073799443333333,0.0008983516666666,0.005198858,0.0020982786666666,0.0157486403333333,0.0172397953333333,0.000373809,0.003141315,0.0315141783333333
