0.0025049596666666,0.0019291536666666,0.0007264153333333,0.000131436,0.0009676323333333,0.0001297443333333,0.00175304,0.002716031,5e-06,0.0005514443333333,0.0048273413333333
0.0012887573333333,0.0023875723333333,0.0028232556666666,0.000841307,0.005052828,0.000878946,0.0035246073333333,0.01072782,6.96483333333333e-05,0.0005532116666666,0.0055875733333333
0.000314373,0.005650834,0.001456103,0.003321718,0.0038782706666666,0.0023923236666666,0.001701982,0.0034541733333333,0.00174561,0.0022411446666666,0.004205872
0.0022362373333333,0.0010179453333333,0.0003679163333333,0.000457175,0.000456725,0.000175335,0.0021885893333333,0.0002093976666666,1.70666666666667e-05,0.0005110726666666,0.0015152216666666
0.0010205483333333,0.0070233356666666,0.0011233616666666,0.001235153,0.0008119356666666,0.0005518423333333,0.00330233,0.0058937263333333,0.0001555976666666,0.0008327346666666,0.002212499
0.0005123716666666,0.0014595246666666,0.004523403,0.0005796946666666,0.0012104103333333,0.0007102026666666,0.0006061356666666,0.0019585053333333,0.0001794976666666,0.00021487,0.001557229
0.0036582886666666,0.0066175016666666,0.0015554746666666,0.001600296,0.0043431306666666,0.0007542203333333,0.001123134,0.01417324,0.001725963,0.003480821,0.0109853503333333
0.0023732836666666,0.004101787,0.004151636,0.0007717616666666,0.00636754,0.0012648763333333,0.0096494796666666,0.0119054713333333,0.000477426,0.0029607806666666,0.0071649803333333
3.33333333333333e-06,2.39106666666667e-05,0.0013167666666666,0.0001806226666666,3.41616666666667e-05,0.0,0.0054742973333333,5.07883333333333e-05,0.0015048196666666,0.005099054,2.5496e-05
0.00114849,0.0006835806666666,0.0004074563333333,0.0003083003333333,0.0008745093333333,0.0004237673333333,0.0037130706666666,0.0019135623333333,0.000622955,0.0004959183333333,0.001401066
0.0128407153333333,0.008372842,0.0094082383333333,0.000934838,0.0049438666666666,0.0027693443333333,0.012179168,0.0116388656666667,0.0003713653333333,0.0038670356666666,0.0188554986666667
