0.0047005163333333,0.002103177,0.000478917,0.0002060053333333,0.0021132803333333,0.0007472233333333,0.0025281266666666,0.0007986693333333,4.54653333333333e-05,0.0009145206666666,0.0049570176666666
0.0047949413333333,0.0077057636666666,0.00157413,0.0025232293333333,0.0050893996666666,0.0018471043333333,0.303654863333333,0.000969673,0.000466078,0.0010088923333333,0.0033320996666666
0.0009382896666666,0.005821559,0.0013249256666666,0.002765059,0.0016592993333333,0.0014030913333333,0.0009241166666666,0.0010797006666666,0.001651663,0.0016444696666666,0.003138255
0.0003799523333333,0.001187958,0.000197587,0.00221594,0.0001722273333333,0.00105256,0.0007510916666666,0.0001844833333333,1.88606666666667e-05,0.0003231286666666,0.0004307413333333
0.0032871716666666,0.004695909,0.0009032636666666,0.0001161596666666,0.002042705,0.000579907,0.0015338423333333,0.000719408,8.9021e-05,0.0017209673333333,0.0022294313333333
0.0012106366666666,0.002292393,0.0009241403333333,0.0004160136666666,0.0015302956666666,0.0011839503333333,0.0013200943333333,0.0004054856666666,0.00039009,0.0006470626666666,0.0019964943333333
0.0016879753333333,0.0154095686666667,0.0023986273333333,0.0003366733333333,0.0018806906666666,0.001207657,0.0018010583333333,0.0039562356666666,0.002681389,0.0058731566666666,0.0074226203333333
0.0037125406666666,0.0038491123333333,0.0021770806666666,0.0009228783333333,0.002396513,0.001117415,0.0076732863333333,0.008240261,0.0001889266666666,0.0028221273333333,0.0055800676666666
1.0425e-05,9.33333333333333e-06,0.0002950856666666,6.66666666666667e-06,3.56183333333333e-05,6.66666666666667e-06,0.0034566156666666,3.33333333333333e-06,0.0008852556666666,0.0033593703333333,6.66666666666667e-06
0.000805813,0.0020972633333333,0.0002561526666666,0.000386472,0.000591195,0.000324259,0.0143159296666667,0.0009073726666666,0.0003821086666666,0.000563012,0.0006457523333333
0.008446034,0.0142960226666667,0.006788535,0.0035905616666666,0.0073351736666666,0.0039813083333333,0.005774159,0.014944032,0.000529851,0.0044042913333333,0.03559094
