0.003287574,0.0024041073333333,0.0010402106666666,0.0006026076666666,0.0026137706666666,0.000854273,0.0015358805,0.001759942,0.0002607561666666,0.0009132533333333,0.0184918653333333
0.0027181,0.0204620853333333,0.0030752253333333,0.0027721866666666,0.0091361103333333,0.0018576973333333,0.005898601,0.003232515,0.0021077,0.0024775176666666,0.0057545916666666
0.0013950283333333,0.006516282,0.0024500356666666,0.003278534,0.003553934,0.0028393363333333,0.002453081,0.0026987123333333,0.0020284566666666,0.0017572586666666,0.007633615
0.000463109,0.0042412536666666,0.0006064096666666,0.0008633763333333,0.0009027923333333,0.000444386,0.00128736,0.0010674003333333,0.000396927,0.000328762,0.0008213393333333
0.0026069063333333,0.0130771773333333,0.002384707,0.000723264,0.002581331,0.0025917476666666,0.0033814833333333,0.0035459926666666,0.0009136356666666,0.0011564676666666,0.002607114
0.0004185866666666,0.0039612353333333,0.0017352473333333,0.000506262,0.001389387,0.0009331136666666,0.0010279246666666,0.000835736,0.000216461,0.0004707206666666,0.0016770616666666
0.001895031,0.0160689286666667,0.0022159963333333,0.0021979306666666,0.005744416,0.001609009,0.00368962,0.0069336853333333,0.00181567,0.0039536766666666,0.0080539563333333
0.0050026836666666,0.0088202453333333,0.005358611,0.0045896996666666,0.009676674,0.0034137303333333,0.0098424926666666,0.023827532,0.0024622963333333,0.0055079453333333,0.0198201133333333
2.20056666666667e-05,0.000697294,0.0013526453333333,8.23256666666667e-05,0.0002613963333333,0.0001504636666666,0.0060258096666666,0.0002528143333333,0.0021913963333333,0.0071522193333333,7.5458e-05
0.0009748116666666,0.004941337,0.0010252143333333,0.0013706066666666,0.0015332176666666,0.0006709286666666,0.003791202,0.0014872006666666,0.0007645763333333,0.000639177,0.0013762026666666
0.0125999893333333,0.0091876593333333,0.0075023976666666,0.0021894146666666,0.0094992603333333,0.0025005553333333,0.0117793533333333,0.0198389016666667,0.0007395073333333,0.006601812,0.0225729376666667
