0.002870266,0.0002873226666666,0.000433818,0.0001685603333333,0.0013865976666666,5.03976666666667e-05,0.0012599451666666,0.0009049696666666,3.31001666666667e-05,0.0004289973333333,0.003903379
0.001245432,0.005951719,0.0018932106666666,0.0008884573333333,0.0025696383333333,0.0020892856666666,0.004693775,0.0010860616666666,1.94486666666667e-05,0.0007603826666666,0.0023877803333333
0.000290092,0.007770968,0.0008281453333333,0.0013937246666666,0.002409369,0.0012177653333333,0.002147495,0.001673926,0.000440051,0.000798056,0.005190796
0.000690294,0.00119139,6.4503e-05,0.001465239,7.54753333333333e-05,4.83796666666667e-05,0.000431391,0.0012215086666666,0.0,5.34903333333333e-05,0.000297655
0.0017095383333333,0.0056603303333333,0.0012199413333333,8.3484e-05,0.002071603,0.0001594363333333,0.0021227896666666,0.002411679,4.64733333333333e-06,0.0012764516666666,0.003121523
0.0001226716666666,0.0027851606666666,0.0009104406666666,0.000352446,0.001400922,0.0006526623333333,0.0010689456666666,0.000172085,1.66986666666667e-05,0.000483396,0.0014409016666666
0.0009454486666666,0.012779474,0.0025795593333333,0.001272326,0.0010291706666666,0.0003309356666666,0.0016182846666666,0.005259051,0.0012115693333333,0.0040926003333333,0.001475661
0.0013361136666666,0.0016238023333333,0.00239909,0.0008925206666666,0.0021817053333333,0.0004866526666666,0.0093238386666666,0.0105403536666667,0.0004868376666666,0.0017687256666666,0.0050786233333333
0.0,6.66666666666667e-06,0.000556461,3.588e-06,4.1493e-05,3.33333333333333e-06,0.0028384006666666,3.3528e-05,0.0004200603333333,0.0020031023333333,6.66666666666667e-06
0.000724204,0.002976447,0.000303839,0.0001691373333333,0.0005096326666666,0.0001970223333333,0.0023693296666666,0.001874845,0.0002666403333333,0.0001349813333333,0.0013903636666666
0.012149292,0.0062271,0.006455077,0.003201406,0.0056458723333333,0.0017727716666666,0.007294716,0.013238739,3.77246666666667e-05,0.003250004,0.0359251933333333
