0.0025809433333333,0.0008251163333333,0.000291683,0.0012371713333333,0.001657732,0.000117449,0.0017779836666666,0.0012110883333333,6.616e-06,0.0003284236666666,0.0035967496666666
0.0009739066666666,0.007775403,0.004007965,0.0005469713333333,0.0025737913333333,0.0002612876666666,0.0047617313333333,0.000340258,0.000575637,0.0004181413333333,0.003094206
0.0004590606666666,0.0039416913333333,0.001241646,0.0019365626666666,0.0046622933333333,0.002601059,0.0026910026666666,0.0020557913333333,0.0015709773333333,0.0027599203333333,0.003982387
0.0002136896666666,0.0009680496666666,0.000416861,0.000272716,0.000139416,8.73753333333333e-05,0.000698676,0.0003112496666666,4.43433333333333e-06,0.000136502,0.0003061233333333
0.0015925063333333,0.0087296466666666,0.0009541606666666,0.0009786723333333,0.0008377396666666,0.0003809526666666,0.0014658176666666,0.0018504,2.74883333333333e-05,0.0015184803333333,0.0036272573333333
0.0001327133333333,0.002066409,0.0010960026666666,0.000462125,0.0011346976666666,0.0004962026666666,0.0005308643333333,0.000171857,0.000225881,0.000348875,0.0012452233333333
0.0015928203333333,0.0085446133333333,0.0031790936666666,0.001124476,0.0032406426666666,0.000593878,0.002045548,0.0021142303333333,0.001255234,0.0027580166666666,0.0035332066666666
0.0018379363333333,0.007734348,0.002953201,0.0008965936666666,0.0021982953333333,0.0007001053333333,0.006603786,0.006619535,0.0001559326666666,0.0022625483333333,0.0062613643333333
5.16706666666667e-05,1.34666666666667e-05,0.0011971676666666,1e-05,8.71166666666667e-05,0.0,0.003315358,2.39253333333333e-05,0.000671034,0.0036918016666666,1.9258e-05
0.000784153,0.0013526446666666,0.0006682426666666,0.0002105183333333,0.001720892,0.0002574963333333,0.0038400463333333,0.0009462736666666,0.0003457316666666,0.0006199973333333,0.00071476
0.0099287543333333,0.0070060336666666,0.0059060056666666,0.0005281846666666,0.0028192306666666,0.000927945,0.0060380213333333,0.0166654943333333,0.0005124403333333,0.0045439856666666,0.025137477
