0.0065635333333333,0.000786049,0.0004199896666666,0.0046608506666666,0.0023422476666666,0.0002528436666666,0.001449249,0.000411463,1e-05,0.000403028,0.0025573436666666
0.0022270513333333,0.0087232386666666,0.001448704,0.001166356,0.0028351423333333,0.001622483,0.002931746,0.001281516,0.0003226026666666,0.0003688876666666,0.0022944506666666
0.0006153363333333,0.0047272616666666,0.0020489133333333,0.003062984,0.0033950373333333,0.004225048,0.0039368446666666,0.002012885,0.00123345,0.000961972,0.005472728
0.0011960996666666,0.0011074363333333,0.000261826,0.0020551336666666,0.0002451533333333,0.0004305833333333,0.001397814,0.000599248,3.33333333333333e-06,7.90323333333333e-05,0.000941375
0.000873715,0.0070118096666666,0.00136733,0.0002192793333333,0.000546735,0.0012609013333333,0.0017271723333333,0.0012348016666666,0.000229248,0.0017984176666666,0.0020608543333333
0.00051299,0.001974824,0.001643324,0.0005238806666666,0.0018006346666666,0.0016948676666666,0.0005017043333333,0.0001623213333333,0.0003642056666666,9.45763333333333e-05,0.0014704506666666
0.002381557,0.006933646,0.0009463503333333,0.0003784923333333,0.00260183,0.000357865,0.0014152813333333,0.005799403,0.0026675783333333,0.0023329296666666,0.009615472
0.0021387633333333,0.001675592,0.003110669,0.001299373,0.0036809503333333,0.0005106816666666,0.007558587,0.0144709983333333,0.0003475596666666,0.0028857536666666,0.0046859026666666
3.33333333333333e-06,6.66666666666667e-06,0.0006694563333333,0.0,2.66603333333333e-05,0.0,0.003794408,1.33333333333333e-05,0.0008915206666666,0.004601843,0.0
0.0006240433333333,0.001238671,0.000350513,0.0001692196666666,0.0035315563333333,0.000183843,0.0016722663333333,0.0015311783333333,0.001037069,0.0002385416666666,0.000979682
0.0152100693333333,0.0075370993333333,0.0080664123333333,0.0025506556666666,0.0078240043333333,0.004201453,0.0130217733333333,0.0150208073333333,0.0007069973333333,0.0025788766666666,0.0338809633333333
