0.0076967096666666,0.002058773,0.0004463836666666,0.000620178,0.0022641383333333,0.0003945813333333,0.0012980941666666,0.0009223183333333,0.0001037428333333,0.0013987773333333,0.0047552453333333
0.0022781843333333,0.0152993263333333,0.0025912096666666,0.002344587,0.0136119623333333,0.0021460246666666,0.0126725233333333,0.0026609123333333,0.0004183186666666,0.0026297543333333,0.0033780476666666
0.000814978,0.004456407,0.001418619,0.0020552823333333,0.0016973816666666,0.0019826863333333,0.0016589686666666,0.0012843283333333,0.0019594056666666,0.00301634,0.0030544203333333
0.0004359903333333,0.0017467116666666,0.0003309373333333,0.0019635693333333,0.0004772376666666,0.001361963,0.0017833403333333,0.000395299,0.0,0.0008941793333333,0.0020140833333333
0.001361865,0.0065412306666666,0.0010776266666666,0.0003876226666666,0.0012055733333333,0.0006150696666666,0.002120547,0.0012063726666666,8.75536666666667e-05,0.0027523926666666,0.0013889656666666
0.000739751,0.0034925153333333,0.0012428553333333,0.0003707033333333,0.0020274486666666,0.001711247,0.0005912493333333,0.0010125786666666,0.0007328883333333,0.0010930256666666,0.0015829136666666
0.0009076053333333,0.0078401243333333,0.0017523183333333,0.0009450746666666,0.003101918,0.0004592316666666,0.0014443936666666,0.0042403626666666,0.0020583333333333,0.0063684953333333,0.0058384303333333
0.003113659,0.003208978,0.0019118683333333,0.0013033443333333,0.004448341,0.0017634073333333,0.00742451,0.0150946533333333,0.000712368,0.0024134943333333,0.0106500273333333
1.54653333333333e-05,6.66666666666667e-06,0.0011108873333333,0.0,5.23263333333333e-05,3.33333333333333e-06,0.0009419283333333,3.96566666666667e-05,0.0019493513333333,0.003241207,2.6719e-05
0.0080234263333333,0.009812667,0.003233557,0.0031250636666666,0.00807944,0.0059886143333333,0.0047171083333333,0.0042073113333333,0.0002545846666666,0.0033604913333333,0.0103959526666667
0.0173493733333333,0.0086735853333333,0.0102087556666667,0.00455804,0.0053148083333333,0.0020386603333333,0.0087660326666666,0.024207943,0.0006089583333333,0.0056670366666666,0.0259933123333333
