0.0045042653333333,0.0005366856666666,0.0008140893333333,0.0041872213333333,0.0018730976666666,0.000103533,0.0014911686666666,0.0003769396666666,7.05133333333333e-06,0.0003842496666666,0.0021809616666666
0.002706922,0.0071490106666666,0.0006786206666666,0.0036592126666666,0.003285283,0.0011145583333333,0.0036821703333333,0.0018794686666666,7.59406666666667e-05,0.0006175926666666,0.0016627653333333
0.0006601046666666,0.0045656443333333,0.0028199213333333,0.0031299946666666,0.0032206466666666,0.0021747706666666,0.004409407,0.001569804,0.0007662073333333,0.0019918803333333,0.0059026413333333
0.000229846,0.0012908643333333,0.0003845803333333,0.0020916663333333,0.000179334,9.22716666666667e-05,0.001361984,0.000314771,1.58183333333333e-05,0.0001101556666666,0.0004117306666666
0.002116439,0.0054876833333333,0.0005906933333333,0.0014733103333333,0.0007091413333333,0.0003810066666666,0.0022166026666666,0.0011847916666666,7.6505e-05,0.0008737383333333,0.0024176106666666
0.00025733,0.0009802886666666,0.000873313,0.000396598,0.0024093333333333,0.002030542,0.0004001586666666,0.0001042083333333,0.0003625986666666,0.0003439886666666,0.001047855
0.0023374473333333,0.0075207356666666,0.0022316016666666,0.0005478313333333,0.001314019,0.0009440786666666,0.001255975,0.0038788523333333,0.0027813056666666,0.0019860666666666,0.0068827373333333
0.0045108383333333,0.0013356976666666,0.0030021216666666,0.0004468026666666,0.0019986863333333,0.000896966,0.0090757243333333,0.0135646473333333,0.0010111916666666,0.001918215,0.005193249
8.15666666666667e-05,3.33333333333333e-06,0.0003464883333333,0.0,2.48673333333333e-05,3.33333333333333e-06,0.0043843503333333,5.188e-05,0.0010885513333333,0.0053907143333333,3.33333333333333e-06
0.0007123513333333,0.0009312743333333,0.000374292,0.0001766066666666,0.0003835273333333,0.0002084843333333,0.0015372993333333,0.0005609766666666,0.0015595873333333,0.0004595223333333,0.0003370886666666
0.0076446746666666,0.0100987966666667,0.0064436326666666,0.0022801886666666,0.00848006,0.000621192,0.0111561326666667,0.023152093,0.0002286236666666,0.0024625513333333,0.0420341633333333
