0.0053995323333333,0.0014828703333333,0.000513724,0.0039130946666666,0.001683377,3.76353333333333e-05,0.0014898086666666,0.0005272366666666,2.6722e-05,0.0006876316666666,0.007196361
0.0014398556666666,0.0023109726666666,0.0011505566666666,0.0007612013333333,0.0034520133333333,0.001406544,0.007733529,0.015862025,4.90343333333333e-05,0.0007969026666666,0.0111419353333333
0.0013087233333333,0.0033673593333333,0.0003708986666666,0.002045646,0.0028295056666666,0.0012772213333333,0.0030174846666666,0.0070187983333333,0.0009794803333333,0.0005625346666666,0.0049742186666666
0.0046581573333333,0.0010862233333333,0.0001369433333333,0.0019968413333333,0.0001530253333333,0.0002006963333333,0.00066262,0.0002704183333333,2.96553333333333e-05,0.0005416896666666,0.0014405166666666
0.0028374923333333,0.0073331523333333,0.0005850083333333,0.000149172,0.0024798713333333,0.000219359,0.0055607626666666,0.00946852,8.40856666666667e-05,0.0008670586666666,0.001577044
0.0003099333333333,0.0014833796666666,0.0012393323333333,0.0002573263333333,0.0017138986666666,0.0008847573333333,0.0013830983333333,0.0027212563333333,0.0002674333333333,0.0001304203333333,0.001305207
0.0059847606666666,0.0120228573333333,0.0008205806666666,0.0012369423333333,0.0031511706666666,0.0004648306666666,0.0017042673333333,0.0205285933333333,0.0022145196666666,0.004187276,0.014459656
0.0037577956666666,0.0056606693333333,0.0036011383333333,0.0010260953333333,0.0052175793333333,0.002927885,0.0093864216666666,0.0178023263333333,0.0004834726666666,0.0032785513333333,0.0091424846666666
1.75026666666667e-05,3.1912e-05,0.0007683853333333,7.17066666666667e-06,0.0011354743333333,0.0,0.004548061,0.0002017596666666,0.0013123963333333,0.0044977323333333,6.27546666666667e-05
0.001004396,0.001064841,0.0001664623333333,0.000166297,0.000591291,9.90496666666667e-05,0.0031696683333333,0.0033269263333333,0.0018994023333333,9.77603333333333e-05,0.0018300336666666
0.0166511323333333,0.0101389873333333,0.005959745,0.0033734876666666,0.0072355356666666,0.0013090416666666,0.015986791,0.0139150466666667,0.0001434256666666,0.0043716716666666,0.0436873933333333
