0.0031455903333333,0.0042009483333333,7.472e-06,0.0040127853333333,0.0039768843333333,0.000658072,3.33333333333333e-06,0.0025606116666666,6.854e-06,8.80106666666667e-05,0.0045217836666666
0.0049420813333333,0.0113457106666667,0.001903821,0.0171497496666667,0.0063541126666666,0.002248426,1.4179e-05,0.0068931546666666,6.66666666666667e-06,0.0001279226666666,0.004558727
0.0009893743333333,0.0078340706666666,0.0005859846666666,0.005272714,0.003396683,0.0015753716666666,3.33333333333333e-06,0.0021548026666666,0.002452034,0.0001711176666666,0.005178395
0.0046529323333333,0.0002172123333333,1e-05,0.0155243976666667,4.03333333333333e-05,0.0,0.0,0.0009329516666666,6.66666666666667e-06,1.52146666666667e-05,0.0117979443333333
0.002608208,0.0186948966666667,0.002416955,0.0141340786666667,0.0031268096666666,0.003294027,0.0,0.0107161526666667,0.0009481053333333,8.91626666666667e-05,0.0061335996666666
0.001257647,0.003178273,0.0011688916666666,0.00225972,0.0015653313333333,0.0006136956666666,0.0,0.0011947896666666,3.33333333333333e-06,6.66666666666667e-06,0.001735105
0.003486829,0.0011563726666666,0.0016414253333333,0.0201774713333333,8.71523333333333e-05,1.33333333333333e-05,0.0018143506666666,0.008236126,0.0014312096666666,0.0032362786666666,0.011104355
0.0038513566666666,0.015630525,0.004820489,0.0155074313333333,0.0074963933333333,0.002210723,3.33333333333333e-06,0.0324508516666667,3.33333333333333e-06,0.0009361873333333,0.021332954
0.0006340436666666,6.66666666666667e-06,0.0004145593333333,0.0007539666666666,0.0,2.6459e-05,0.0051892303333333,0.0005816993333333,0.0016074843333333,0.00612697,0.0001911266666666
0.0011853503333333,0.0027980976666666,0.0007555216666666,0.006169543,0.0001937493333333,0.0005337603333333,0.0039940463333333,0.0021731006666666,0.000824825,0.0003363086666666,0.0040422856666666
0.0098660406666666,0.0116371653333333,0.000191196,0.03404149,0.004483295,0.001786155,1e-05,0.0206542556666667,6.66666666666667e-06,0.0008176123333333,0.03737209
