0.0031016056666666,0.0006556046666666,0.0002843173333333,0.0001357303333333,0.0015643636666666,7.1652e-05,0.0016013026666666,0.0001693983333333,9.31053333333333e-05,0.000594731,0.0044279753333333
0.0008898246666666,0.0073863186666666,0.003484892,0.0004107643333333,0.0021589683333333,0.0005220096666666,0.004719288,0.001648311,7.79083333333333e-05,0.000691961,0.0019192806666666
0.0002484583333333,0.010201363,0.0008522796666666,0.001587804,0.0031643916666666,0.00220106,0.000765991,0.0017449066666666,0.0010321153333333,0.0008917386666666,0.0037554763333333
0.0008748813333333,0.0021330386666666,8.0562e-05,0.0013910526666666,0.0001432296666666,0.0002018556666666,0.0010671726666666,0.0002945313333333,6.66666666666667e-06,0.0002309613333333,0.000482661
0.0018261146666666,0.011232928,0.0008378033333333,0.00020978,0.0016525516666666,0.000436869,0.002010456,0.0018829843333333,0.000469206,0.0019370723333333,0.0011994386666666
0.0001373093333333,0.0021277243333333,0.0010906036666666,0.000266377,0.001014334,0.000603525,0.000633899,0.0001060976666666,0.000184416,0.0004826913333333,0.0008619033333333
0.000988136,0.0175301836666667,0.0013001476666666,0.0018249476666666,0.0014475973333333,0.0004886226666666,0.0036149376666666,0.0024436973333333,0.0009515796666666,0.0046291013333333,0.012585027
0.0016823043333333,0.0021665553333333,0.0035105696666666,0.0015619506666666,0.002880734,0.0010585193333333,0.007867997,0.0115493806666667,0.0001766406666666,0.0026137523333333,0.0034745386666666
3.33333333333333e-06,6.66666666666667e-06,7.21586666666667e-05,3.33333333333333e-06,2.5528e-05,0.0,0.0042286126666666,0.000285888,0.0006173803333333,0.003721569,1e-05
0.0005556056666666,0.0030815593333333,0.0003298423333333,0.0001161176666666,0.000406169,0.000639413,0.002462406,0.0006139283333333,0.0011136513333333,0.0004670386666666,0.0013116006666666
0.0084926173333333,0.00677889,0.006830288,0.0037559176666666,0.0077325943333333,0.0031655313333333,0.0127372973333333,0.0124110033333333,0.0001009916666666,0.0031161646666666,0.03390587
