0.004595215,0.0006278026666666,0.000484408,0.001227709,0.001514654,0.0011131473333333,0.001959854,0.0003090193333333,5e-06,0.0004354633333333,0.002264654
0.0008640576666666,0.0067663713333333,0.0013102016666666,0.0006744523333333,0.0045870053333333,0.000733769,0.007870848,0.0011367583333333,8.0385e-05,0.0010521843333333,0.0015839416666666
0.0001697336666666,0.0059847086666666,0.002754854,0.0022055836666666,0.0032998223333333,0.002327858,0.0016854576666666,0.0042723333333333,0.000568754,0.0022393753333333,0.0037028746666666
0.00193959,0.0008402106666666,0.0001228453333333,0.0004688553333333,0.0004621226666666,8.05393333333333e-05,0.0014415166666666,0.0006885446666666,0.0,8.29853333333333e-05,0.0003796926666666
0.0018021143333333,0.0047775633333333,0.0008410946666666,0.000461405,0.0067463236666666,0.000287191,0.0046293446666666,0.0025098296666666,2.32113333333333e-05,0.0007325446666666,0.0023668533333333
0.0001191926666666,0.0015958303333333,0.001467058,0.0005686193333333,0.0016868543333333,0.0011762143333333,0.0009110493333333,0.0003171053333333,0.000257421,0.0004060003333333,0.001153434
0.0018959806666666,0.0085939903333333,0.000878266,0.001506646,0.0033296436666666,0.0008727486666666,0.002149232,0.008095248,0.0010974843333333,0.0051974606666666,0.010202032
0.003531817,0.0038064073333333,0.0035141096666666,0.002139751,0.0026495736666666,0.000596981,0.0112886673333333,0.007912693,7.5278e-05,0.0024467343333333,0.004997375
0.0001285406666666,3.93466666666667e-05,0.0003698913333333,0.0,3.0288e-05,2.08386666666667e-05,0.0040872713333333,2.23573333333333e-05,0.0010293103333333,0.002911852,9.7266e-05
0.0010308026666666,0.0014944353333333,0.0004059106666666,0.0002436583333333,0.0004774466666666,0.0001537366666666,0.0266485063333333,0.0010097946666666,0.000915744,0.0006178273333333,0.0010090196666666
0.0114816183333333,0.0102247513333333,0.0075944096666666,0.001613926,0.0067297813333333,0.0030799946666666,0.0129856383333333,0.0176157336666667,0.0001637406666666,0.0049347676666666,0.019374841
