0.003049438,0.003810402,0.0008377113333333,0.0005469603333333,0.0040093066666666,0.0005950386666666,0.0044797566666666,0.0014644786666666,0.0002053591666666,0.0010420193333333,0.0061402513333333
0.002780851,0.0144987966666667,0.0023932263333333,0.0047882166666666,0.0063665896666666,0.001710868,0.0063326073333333,0.0027887843333333,0.000523112,0.00171944,0.0043087813333333
0.0012779096666666,0.0090173443333333,0.002344623,0.0021648176666666,0.0068334166666666,0.0043554203333333,0.0042655326666666,0.002755105,0.0016051343333333,0.0020118906666666,0.0061204616666666
0.000965165,0.004517306,0.0006480416666666,0.001326827,0.001690544,0.000587254,0.0020654096666666,0.0018791586666666,0.0002983653333333,0.000566306,0.0013536036666666
0.0025778546666666,0.0192417973333333,0.0020277176666666,0.0014098166666666,0.0094360556666666,0.0021840983333333,0.0075697123333333,0.0105051866666667,0.0006056216666666,0.0022552316666666,0.008333709
0.0013700076666666,0.0041281443333333,0.0012949726666666,0.0006673753333333,0.003969626,0.0015303706666666,0.0011338276666666,0.0012520346666666,0.0003975723333333,0.0005525463333333,0.0026712906666666
0.003168176,0.014302307,0.003826311,0.005717236,0.0132959326666667,0.0021831363333333,0.0020239806666666,0.012475551,0.0021117673333333,0.0034941043333333,0.0203071516666667
0.0055286103333333,0.0117583793333333,0.0048809473333333,0.0029443166666666,0.0079199503333333,0.00346703,0.0123627766666667,0.029163289,0.0009707773333333,0.003331114,0.022344292
5.56046666666667e-05,0.00023298,0.001886993,0.000232972,0.000981302,0.000102537,0.004417695,0.0001284236666666,0.0016020476666666,0.0044046483333333,0.0007716666666666
0.001352616,0.003372045,0.0014556313333333,0.000789933,0.003457407,0.0005645073333333,0.0059762273333333,0.001852104,0.0008257856666666,0.000843337,0.003392983
0.0178236116666667,0.0138414666666667,0.0157179066666667,0.0054353066666666,0.0098292256666666,0.0049933953333333,0.0177715086666667,0.0278325233333333,0.0010668746666666,0.005749025,0.0374923933333333
