0.00378249,0.002289977,0.0005236903333333,0.0017375796666666,0.0019083446666666,0.000341058,0.0012733373333333,0.0009834103333333,0.0001528886666666,0.0007541296666666,0.0086155666666666
0.0014091093333333,0.0158103563333333,0.001878802,0.001365081,0.0044728953333333,0.0040445596666666,0.0060509413333333,0.0021999933333333,0.0002000233333333,0.0005830636666666,0.003827693
0.0018249186666666,0.007688423,0.0041516536666666,0.0026657246666666,0.0037143746666666,0.0030277236666666,0.001002063,0.001853144,0.0011994333333333,0.0024451453333333,0.005971611
0.0010349616666666,0.002377736,0.0002777073333333,0.0009361456666666,0.0002503516666666,0.000217172,0.0006732876666666,0.0003629873333333,1.1872e-05,0.000312739,0.0008042383333333
0.0019875743333333,0.011890767,0.0010579406666666,0.000614817,0.0036993586666666,0.0005121796666666,0.0040782216666666,0.0032387433333333,0.0001085346666666,0.0015857966666666,0.0053395343333333
0.0005728123333333,0.0032143976666666,0.0007112696666666,0.000595352,0.002036205,0.0025896693333333,0.0007320146666666,0.0003819526666666,0.0001877586666666,0.000440741,0.0020971093333333
0.003393065,0.019531046,0.0014761303333333,0.0007809233333333,0.0048971036666666,0.0003998176666666,0.0013793303333333,0.00716449,0.002769057,0.004376126,0.0371176933333333
0.006268729,0.010421184,0.0042082406666666,0.001347963,0.0037067133333333,0.0031793553333333,0.008844686,0.0174415543333333,0.0001871453333333,0.0021622876666666,0.0181388203333333
0.0003771466666666,0.0001805946666666,0.0007610706666666,4.39343333333333e-05,0.0002166523333333,0.00043701,0.0041037113333333,0.0007493576666666,0.0007615146666666,0.003169121,4.85653333333333e-05
0.0021802246666666,0.0047913746666666,0.0005773376666666,0.0007027463333333,0.001346123,0.0014434623333333,0.0024449816666666,0.001840207,0.0005679103333333,0.001042108,0.0018667963333333
0.017975677,0.0133087883333333,0.006222756,0.0050286216666666,0.0140230503333333,0.0020742676666666,0.012684856,0.0221702526666667,0.0001529833333333,0.0026710223333333,0.04105604
