0.004026242,0.000878201,0.000395548,0.002112059,0.001501358,0.000130595,0.002189505,0.000616697,7.44043333333333e-05,0.0011874096666666,0.0053148553333333
0.0013554056666666,0.0111314726666667,0.0010895063333333,0.000942133,0.0031353033333333,0.0019954926666666,0.007263145,0.001244322,0.000340476,0.001842563,0.001658815
0.0002325616666666,0.00173427,0.0002617803333333,0.001118336,0.000781195,0.0010971703333333,0.0005194736666666,0.0005037953333333,0.0005244506666666,0.001165011,0.0019749526666666
0.001218798,0.001454337,9.36183333333333e-05,0.0020998673333333,0.00023468,0.000513763,0.001169208,0.0002682613333333,6.66666666666667e-06,0.000372388,0.0012431653333333
0.0009980276666666,0.003986622,0.0019756503333333,0.0001652956666666,0.003973043,0.0001360443333333,0.0021757743333333,0.001531776,0.0001039383333333,0.0024122143333333,0.0008174006666666
0.000677373,0.001887763,0.001110876,0.0003868516666666,0.00121311,0.0005952826666666,0.00045502,0.0002438103333333,0.0002717443333333,0.000760634,0.0011889613333333
0.0015939523333333,0.0989256333333333,0.0007378246666666,0.0002094913333333,0.001721743,0.00126464,0.001111119,0.0036286293333333,0.001759232,0.004897671,0.0050251203333333
0.0020294313333333,0.0030932466666666,0.0012667476666666,0.001428326,0.001586158,0.0005877066666666,0.0046800153333333,0.010361555,0.000251704,0.0024441903333333,0.0069183513333333
3.33333333333333e-06,1.99133333333333e-05,4.8179e-05,0.0,3.13076666666667e-05,0.0,0.0005259806666666,1.0083e-05,0.000950196,0.0027816993333333,3.33333333333333e-06
0.0011981013333333,0.003147705,0.000445564,0.0003266196666666,0.0009410106666666,0.0009190323333333,0.0026754516666666,0.0008724446666666,0.000135641,0.0020321283333333,0.001356313
0.0120346526666667,0.0051005463333333,0.0055903186666666,0.0010351093333333,0.005256321,0.0013453686666666,0.007645328,0.012913251,0.0002052056666666,0.004857491,0.015270082
