0.0039926903333333,0.002634934,0.0002562103333333,0.0009739266666666,0.002704363,0.0004606846666666,0.0023847988333333,0.0015071423333333,0.0001338265,0.000338554,0.009302375
0.0026967076666666,0.0195208606666667,0.0026344326666666,0.0026231266666666,0.0071105453333333,0.0022987293333333,0.0068696,0.003480724,0.000438429,0.001141909,0.005008727
0.0008721543333333,0.009771234,0.002679827,0.0033934363333333,0.0041364666666666,0.003097197,0.0026407966666666,0.001935742,0.0019464416666666,0.0022404883333333,0.005705263
0.0004444183333333,0.005176506,0.0003331723333333,0.0008249826666666,0.0005082096666666,0.0004751986666666,0.001778619,0.0007546916666666,2.47763333333333e-05,0.0003340373333333,0.0009945
0.002941881,0.018802521,0.0008296033333333,0.0015933216666666,0.0036106186666666,0.0018712123333333,0.006000299,0.0047235036666666,0.0002926626666666,0.0014402026666666,0.005365964
0.0007412313333333,0.004470632,0.0005221933333333,0.0004855536666666,0.0021592496666666,0.001203007,0.0011217876666666,0.0014636146666666,6.0372e-05,0.0002512633333333,0.0030329013333333
0.0048290586666666,0.0198605776666667,0.004677181,0.0019222193333333,0.005853917,0.0028757296666666,0.0015939026666666,0.010888159,0.0014421546666666,0.003423429,0.0150222616666667
0.0061360153333333,0.0114902086666667,0.0031818573333333,0.0023712446666666,0.0108956816666667,0.002597203,0.0088825646666666,0.0290210083333333,0.000826525,0.0035773956666666,0.0162980583333333
0.0005273813333333,0.000168142,0.0003077986666666,6.79133333333333e-05,0.0015897513333333,1.79396666666667e-05,0.0032276146666666,0.0035076483333333,0.003523566,0.003117829,6.7864e-05
0.0019210923333333,0.0035033226666666,0.001823405,0.000950816,0.0015103763333333,0.000933992,0.0029337463333333,0.002541888,0.0005995086666666,0.000860194,0.0050842223333333
0.0116229543333333,0.014927514,0.0067225916666666,0.0027963843333333,0.0154556326666667,0.002909875,0.01482967,0.025593971,0.0003669526666666,0.0042282476666666,0.0440458366666667
