0.0036657326666666,0.0033711586666666,6.66666666666667e-06,0.00430982,0.0025291883333333,0.000459786,0.0,0.0024288283333333,1.51546666666667e-05,2.8009e-05,0.007989386
0.0040362896666666,0.0181149203333333,0.001911605,0.6396884,0.0062995366666666,0.0010751653333333,3.33333333333333e-06,0.002846993,3.33333333333333e-06,8.50313333333333e-05,0.005328265
0.001308991,0.0081359866666666,0.0005440023333333,0.00360889,0.0035380986666666,0.0009054683333333,3.33333333333333e-06,0.002464822,0.00069436,5.3304e-05,0.004909518
0.0040400183333333,0.000327091,0.0,0.0109647003333333,3.33333333333333e-06,0.0,0.0,0.0007639076666666,0.0,0.0,0.0142459676666667
0.001382574,0.0177889576666667,0.0010084256666666,0.008753132,0.0030928826666666,0.0016465066666666,0.0,0.0055470143333333,6.64356666666667e-05,2.59023333333333e-05,0.0028216006666666
0.000521206,0.0036943476666666,0.0009459176666666,0.0012564346666666,0.0011258723333333,0.0007986983333333,1.11016666666667e-05,0.00145615,3.33333333333333e-06,3.33333333333333e-06,0.0012027983333333
0.0032347306666666,0.0020507526666666,0.0010978983333333,0.020594882,0.000126852,5.75133333333333e-06,0.0020359223333333,0.0081305526666666,0.002190333,0.0027456726666666,0.0137025143333333
0.0049883466666666,0.0122423136666667,0.0043846,0.0133053426666667,0.0047098903333333,0.0030289876666666,2.1632e-05,0.0281235763333333,6.66666666666667e-06,0.0004397866666666,0.011363621
1.33333333333333e-05,3.5e-06,0.000408463,0.001107091,3.33333333333333e-06,3.16703333333333e-05,0.0049517976666666,0.0005184646666666,0.0012426343333333,0.0061079936666666,0.0001487006666666
0.001011129,0.0005953306666666,0.000198489,0.0061017943333333,7.79466666666667e-06,0.000620521,0.0026931343333333,0.0021914403333333,0.0002522256666666,6.55666666666667e-05,0.0010609306666666
0.018344231,0.0166935706666667,0.0014829276666666,0.0322285933333333,0.0037869223333333,0.0028925393333333,2.0975e-05,0.0200045266666667,3.33333333333333e-06,0.0015945073333333,0.0382368666666667
