0.00774875,0.0026474283333333,0.0011573286666666,0.0005361603333333,0.001856532,0.0005723753333333,0.001640278,0.001264304,0.000266155,0.000684288,0.0055848426666666
0.002260745,0.0132686473333333,0.001830573,0.0021890716666666,0.010128706,0.001793926,0.0041320766666666,0.0021618936666666,0.0008345393333333,0.0008096426666666,0.0033373263333333
0.001062212,0.007393219,0.001005945,0.0033690653333333,0.004497305,0.0027120736666666,0.0019577796666666,0.0060039343333333,0.00253885,0.0020019706666666,0.0052397563333333
0.0006000333333333,0.0019843613333333,0.000325144,0.0020917326666666,0.0015166573333333,0.000240782,0.0005868513333333,0.000624053,3.23806666666667e-05,0.0008169223333333,0.0006267556666666
0.0025877633333333,0.0103184743333333,0.0030022963333333,0.0037309136666666,0.0070178843333333,0.000869807,0.001601478,0.0021421033333333,0.0007830853333333,0.0046267936666666,0.0028853563333333
0.0005764883333333,0.0021775353333333,0.0011685286666666,0.0007962156666666,0.0021305363333333,0.0013445723333333,0.0002672306666666,0.0005808313333333,0.0005985006666666,0.000881796,0.0014981673333333
0.0043850903333333,0.0129696136666667,0.0019879816666666,0.0013745953333333,0.0039773666666666,0.0014164333333333,0.001285951,0.00545146,0.0028911076666666,0.002463901,0.0044652676666666
0.005406864,0.0037398886666666,0.0050927586666666,0.0013839276666666,0.004769704,0.003976669,0.009453039,0.0179353693333333,0.0011280416666666,0.0018555473333333,0.0203727316666667
1.3923e-05,6.66666666666667e-06,0.0068195966666666,0.0006302256666666,3.1417e-05,3.33333333333333e-06,0.004361702,3.95586666666667e-05,0.002181637,0.0039565703333333,2.29876666666667e-05
0.001522438,0.00703474,0.0006245706666666,0.000503996,0.0024107706666666,0.000515373,0.0018289373333333,0.0025620336666666,0.000459761,0.000613995,0.0022439703333333
0.0156954066666667,0.0089753006666666,0.0090336456666666,0.002294383,0.0114257436666667,0.0035039063333333,0.0077705376666666,0.0221188,0.000875524,0.0047061583333333,0.0379536966666667
