0.003970168,0.0029680553333333,0.002023282,0.0009794573333333,0.0032276256666666,0.0009520943333333,0.0022430111666666,0.0011735466666666,4.59328333333333e-05,0.0011275553333333,0.004549963
0.0023027636666666,0.012955704,0.0045925536666666,0.002497112,0.00845787,0.0020660296666666,0.005687341,0.0027150776666666,0.0001440333333333,0.0010038096666666,0.0043742533333333
0.001568206,0.012816487,0.001626784,0.0039140093333333,0.0038946666666666,0.002301496,0.0015052636666666,0.001641753,0.002649848,0.0023147636666666,0.0067302666666666
0.0017017683333333,0.0020761616666666,0.000249205,0.0023077643333333,0.000595805,0.0006237383333333,0.0004587083333333,0.000672984,0.0003772176666666,0.0003930236666666,0.000561892
0.0020001323333333,0.0068292973333333,0.0012952263333333,0.0010192576666666,0.003653012,0.0018651253333333,0.0012899386666666,0.0032999783333333,0.0009221513333333,0.0014954686666666,0.004254331
0.0007030536666666,0.002496038,0.001042554,0.0007186473333333,0.0035802523333333,0.0024408483333333,0.000649118,0.0002280403333333,0.0004589456666666,0.0006059196666666,0.0023981296666666
0.0019191153333333,0.0120728926666667,0.0026926763333333,0.003788333,0.0034392573333333,0.0008947913333333,0.0018560156666666,0.0078365226666666,0.0040951916666666,0.0027523436666666,0.0085495076666666
0.005791847,0.0030795716666666,0.0045321336666666,0.0017598353333333,0.003052314,0.0016896036666666,0.008785879,0.013297742,0.0005496103333333,0.0019877973333333,0.0082762556666666
1.147e-05,1.31053333333333e-05,0.0009407873333333,1.58136666666667e-05,1.9955e-05,3.33333333333333e-06,0.0043523436666666,6.66666666666667e-06,0.001046305,0.004860658,2.385e-05
0.00125775,0.0070053023333333,0.002649471,0.0014295966666666,0.0018400033333333,0.0007562163333333,0.0016317183333333,0.001462537,0.0016057846666666,0.0005659933333333,0.0022781596666666
0.019402758,0.0081218413333333,0.013223683,0.004441052,0.005757423,0.0029722846666666,0.010938538,0.0168004083333333,0.001731287,0.005033946,0.0253586633333333
