0.0035496796666666,0.0023344513333333,2.31493333333333e-05,0.005419842,0.004219905,0.001013166,0.0,0.0020994636666666,0.0,3.76746666666667e-05,0.0044836526666666
0.005388068,0.009766813,0.0025809903333333,0.0200356333333333,0.005516747,0.0017330503333333,2.4056e-05,0.0045717086666666,0.0,0.0004533246666666,0.0046572803333333
0.0008280423333333,0.0063991456666666,0.0024516676666666,0.0054117233333333,0.004374624,0.0019029723333333,0.000125072,0.0032766323333333,0.000711048,1.8248e-05,0.00502231
0.003354032,0.000212502,0.0,0.017529434,3.33333333333333e-06,0.0,0.0,0.000566702,0.0,6.34386666666667e-05,0.0110912063333333
0.001862905,0.0152336313333333,0.0018204003333333,0.012711328,0.003765802,0.0028270733333333,6.66666666666667e-06,0.007099473,1.0149e-05,0.000491363,0.0039412306666666
0.000586111,0.003479095,0.0010795356666666,0.0022760796666666,0.001381286,0.0010694886666666,3.33333333333333e-06,0.001571263,3.33333333333333e-06,9.0858e-05,0.0012375063333333
0.0021900593333333,0.0011300373333333,0.001500358,0.0193573273333333,2.61103333333333e-05,1.5677e-05,0.0029185423333333,0.011110497,0.00155634,0.003422088,0.010715833
0.0042273956666666,0.0088274066666666,0.0047329083333333,0.018099609,0.0046613723333333,0.002130821,4.2946e-05,0.016842704,0.0,0.0005205773333333,0.0079711376666666
2.75046666666667e-05,1.92096666666667e-05,0.0001235696666666,0.0007125456666666,0.0,3.49806666666667e-05,0.004457262,0.0006183496666666,0.001086452,0.00644879,9.1058e-05
0.0013597243333333,0.00053939,0.0006490853333333,0.0052976183333333,1e-05,0.0003703823333333,0.003368964,0.000947576,0.0007842823333333,0.0004424836666666,0.0009324783333333
0.0076328486666666,0.0106755893333333,0.0001119993333333,0.0273691813333333,0.0066956816666666,0.0025750416666666,2.5628e-05,0.0178148703333333,1.12953333333333e-05,0.001307509,0.0286322563333333
