0.0036016333333333,0.0011285273333333,0.000329188,0.004442486,0.005470427,9.6414e-05,0.0008490928333333,0.0007553823333333,0.0007435378333333,0.0003537276666666,0.0025892386666666
0.0035033353333333,0.0083197523333333,0.0010533413333333,0.0010675643333333,0.000993996,0.000780534,0.0002937676666666,0.0014757146666666,0.0035994426666666,0.0009093053333333,0.002470971
0.0008477276666666,0.006359442,0.0014615696666666,0.0032511313333333,0.0033855596666666,0.0037152653333333,0.000351362,0.0018158573333333,0.002634547,0.001110891,0.0042672126666666
0.0003485246666666,0.000960569,0.00033416,0.001877554,0.000497004,0.000222277,0.0020177583333333,0.0002675916666666,4.76833333333333e-06,0.000234597,0.0006527473333333
0.0028500983333333,0.0074051203333333,0.000866566,0.0006846783333333,0.0036837526666666,0.000753264,0.000394942,0.0012130436666666,0.0013622146666666,0.0012058026666666,0.0019781796666666
0.0004620423333333,0.0018517383333333,0.0006687423333333,0.0010737846666666,0.0016220876666666,0.0022558166666666,2.86133333333333e-05,0.0002496063333333,0.0012014126666666,0.000166215,0.0011356946666666
0.0026083603333333,0.0064175613333333,0.001561595,0.0007820766666666,0.002265645,0.0006123336666666,0.002409155,0.0043963166666666,0.0030804756666666,0.0033145386666666,0.0108792766666667
0.0018097273333333,0.003517712,0.0026083326666666,0.0004772096666666,0.000773416,0.0009216103333333,0.0011099903333333,0.0142302703333333,0.0074147053333333,0.0053030663333333,0.007850231
0.0,3.33333333333333e-06,0.0011952443333333,3.33333333333333e-06,3.51336666666667e-05,1e-05,0.000294802,3.33333333333333e-06,0.0044766843333333,0.0051251923333333,0.0
0.0006184973333333,0.002427568,0.000664682,0.0002341883333333,0.0009731423333333,0.000434685,0.000913488,0.002338611,0.0026450376666666,0.000192993,0.000784749
0.0124995383333333,0.0097860733333333,0.0040034683333333,0.0033992093333333,0.0038526666666666,0.0047179373333333,0.0093096293333333,0.0200509303333333,0.004915953,0.0041402696666666,0.0286687043333333
