0.003020577,0.00235026,0.0005359376666666,0.0039210306666666,0.0038856206666666,0.0005001383333333,0.0013919425,0.000627191,0.0007988441666666,0.0006218356666666,0.0085905363333333
0.0039654673333333,0.0080660646666666,0.0021367133333333,0.001278779,0.0055845173333333,0.0051186183333333,0.00250638,0.0014597863333333,0.003682917,0.0010371103333333,0.006120156
0.0028787313333333,0.0076215623333333,0.0022675436666666,0.002297288,0.003953876,0.003616898,0.002838966,0.0017271123333333,0.0034731186666666,0.0023543103333333,0.0057041946666666
0.001816791,0.001508275,0.0002629336666666,0.0022780966666666,0.0005329573333333,0.0002388713333333,0.000934693,0.000495158,6.5736e-05,0.0002338863333333,0.0008837926666666
0.0026007323333333,0.0109593173333333,0.001640724,0.0028233763333333,0.0050109386666666,0.0028109486666666,0.0024849173333333,0.003868928,0.0007870853333333,0.0010484963333333,0.0063607776666666
0.0015978393333333,0.00513562,0.0024076793333333,0.000547254,0.003022222,0.0007338843333333,0.0004265256666666,0.0002975276666666,0.000512879,0.000750884,0.0023226313333333
0.0023782113333333,0.0140438293333333,0.0034366473333333,0.0029480536666666,0.0043537306666666,0.000874209,0.0022284916666666,0.0050684736666666,0.0015639316666666,0.0048017523333333,0.006607519
0.005586772,0.0042112606666666,0.0034425843333333,0.0017775836666666,0.0063669796666666,0.0032576913333333,0.0067830806666666,0.01579721,0.0030204986666666,0.003138552,0.012076398
1.61346666666667e-05,9.10056666666667e-05,0.0007700743333333,1.7691e-05,0.001062171,3.66666666666667e-06,0.0007142486666666,2.9099e-05,0.004721327,0.004290105,2.72466666666667e-05
0.0017129093333333,0.0035161383333333,0.000740386,0.000701694,0.0023272976666666,0.000623804,0.001370402,0.0027341643333333,0.0021753503333333,0.0004636243333333,0.0029450793333333
0.024015993,0.010494782,0.0114257206666667,0.0075156506666666,0.0114964623333333,0.0038455366666666,0.00924461,0.0210586543333333,0.004166673,0.006258729,0.03535679
