0.003317001,0.0014190713333333,0.0004567286666666,0.000127043,0.0015448846666666,5.56903333333333e-05,0.0023152305,0.0007517033333333,1.62005e-05,0.0005499243333333,0.0051262023333333
0.001385915,0.0118477663333333,0.001523915,0.0008010786666666,0.0040178383333333,0.0008947533333333,0.0072200743333333,0.0037565753333333,0.0002130253333333,0.000947488,0.0027223806666666
0.0009132643333333,0.0069870606666666,0.0027927263333333,0.0035605323333333,0.0028803966666666,0.0029763976666666,0.0010857816666666,0.0015681666666666,0.0016315453333333,0.0018827003333333,0.004112689
0.000306693,0.0016524083333333,0.000193661,0.0009760906666666,5.83503333333333e-05,0.000264935,0.001048537,0.0001669356666666,3.33333333333333e-06,0.000154519,0.00017805
0.001427757,0.0087919483333333,0.0006068446666666,0.0001723433333333,0.003915338,0.0002637716666666,0.005336,0.0018837043333333,3.2475e-05,0.0017066403333333,0.00078895
0.000115327,0.003089378,0.0012928833333333,0.0003140556666666,0.0019713193333333,0.00176852,0.002844668,0.000328745,4.62033333333333e-06,0.000112793,0.0009074356666666
0.0012728973333333,0.0115652616666667,0.0007404853333333,0.0009503193333333,0.0028301453333333,0.0006117263333333,0.0022705776666666,0.0069292713333333,0.000905123,0.005961838,0.0122754263333333
0.0030143723333333,0.0063825616666666,0.0146139213333333,0.0011383613333333,0.0043919686666666,0.001045978,0.00961661,0.0091386836666666,0.0001384776666666,0.003032733,0.0077542086666666
3.33333333333333e-06,5.36206666666667e-05,0.0002632726666666,3.456e-06,2.93253333333333e-05,0.0020046933333333,0.005455559,4.5348e-05,0.0012923896666666,0.003612711,3.33333333333333e-06
0.0011693766666666,0.003465111,0.0004540513333333,6.18426666666667e-05,0.001252022,0.0002771323333333,0.00412741,0.0015580126666666,0.0006567836666666,0.0007443613333333,0.0005934163333333
0.0155894023333333,0.010237179,0.0077950106666666,0.0028463346666666,0.0080334753333333,0.0013760903333333,0.0140158733333333,0.017864643,0.0009847886666666,0.0034076813333333,0.028344087
