0.0029409076666666,0.001883123,3.33333333333333e-06,0.003888071,0.003604579,0.000498636,3.33333333333333e-06,0.0014836526666666,0.0,2.81936666666667e-05,0.0038562036666666
0.002970961,0.007520096,0.0020262316666666,0.0164563903333333,0.005447446,0.0021905693333333,3.33333333333333e-06,0.0104608143333333,0.0,0.0002761523333333,0.0049652806666666
0.0010040156666666,0.0050996396666666,0.0022321113333333,0.006350382,0.0033986306666666,0.0030376173333333,6.66666666666667e-06,0.0037028693333333,0.0011459453333333,3.18603333333333e-05,0.0055094426666666
0.002159295,4.1281e-05,3.33333333333333e-06,0.016756512,0.0,0.0,0.0,0.000889396,3.33333333333333e-06,2e-05,0.0081067776666666
0.0021585673333333,0.010229662,0.002688482,0.0085873916666666,0.0018480596666666,0.002454464,0.0001126883333333,0.0105850856666667,1.4316e-05,0.0002266196666666,0.003079988
0.000786121,0.002270998,0.0008844273333333,0.0015587303333333,0.0017187096666666,0.001262534,0.0,0.0016721426666666,3.33333333333333e-06,0.0001052596666666,0.0022246813333333
0.001759544,0.0006246163333333,0.001416709,0.012761578,1.06493333333333e-05,6.66666666666667e-06,0.003141819,0.0090497756666666,0.00364574,0.0023157263333333,0.0057617106666666
0.0034947406666666,0.0136092283333333,0.0042637563333333,0.0180170223333333,0.00452888,0.0030939196666666,2.80936666666667e-05,0.0212452033333333,6.66666666666667e-06,0.0006243916666666,0.016335312
8.80786666666667e-05,0.0,8.77626666666667e-05,0.0009877223333333,0.0,2.8617e-05,0.0052803483333333,0.0007089143333333,0.0017585886666666,0.0066748726666666,9.68343333333333e-05
0.0011395753333333,0.0002116883333333,0.000708725,0.0022752536666666,5.9179e-05,0.000465204,0.003939192,0.00546927,0.0021426843333333,0.0007561563333333,0.0039251886666666
0.011984016,0.0161849943333333,0.000320901,0.03502201,0.004051688,0.005079691,5.251e-06,0.0199855,2.44826666666667e-05,0.000996593,0.0332775726666667
