0.0033180233333333,0.0013071073333333,0.001451998,0.000405272,0.0025743856666666,0.0016142156666666,0.0019116471666666,0.0005143753333333,0.0002489748333333,0.0005607426666666,0.0038322123333333
0.0020495166666666,0.0094345703333333,0.0016301683333333,0.0010555713333333,0.0042778063333333,0.0013034643333333,0.0055748246666666,0.0018346786666666,0.0004273856666666,0.0006319676666666,0.0025547516666666
0.0008467636666666,0.0087173893333333,0.0013060536666666,0.002264651,0.0042474926666666,0.0023624093333333,0.001166647,0.003163924,0.0013255333333333,0.000764903,0.0077546256666666
0.0008604083333333,0.0026748933333333,0.000326513,0.0024264136666666,0.000334862,0.0005557653333333,0.0005088473333333,0.0008289326666666,2.31156666666667e-05,0.0002235996666666,0.0007184223333333
0.0028490226666666,0.007465897,0.001320842,0.003453613,0.006537144,0.001644916,0.0012581126666666,0.0019863843333333,0.0002544753333333,0.004556004,0.003973153
0.0012297466666666,0.0030964686666666,0.001733442,0.0005783093333333,0.0018895633333333,0.0006264563333333,0.0004781716666666,0.0003807706666666,0.000385216,0.0007461826666666,0.0017055436666666
0.002327095,0.0129581596666667,0.001312277,0.0031154333333333,0.004292716,0.0011360116666666,0.002021176,0.006758172,0.006302321,0.002210797,0.0059415653333333
0.0050239876666666,0.003494678,0.005490856,0.0012953743333333,0.00483998,0.0021669043333333,0.0078487883333333,0.0151997216666667,0.0005528606666666,0.0014743533333333,0.01084869
1.71446666666667e-05,3.33333333333333e-06,0.000429638,4.24423333333333e-05,6.25346666666667e-05,8.2744e-05,0.0058394106666666,3.34093333333333e-05,0.0012093403333333,0.003814336,2.38933333333333e-05
0.0019441376666666,0.004527106,0.00091603,0.0006808603333333,0.0016957646666666,0.000415273,0.0021418203333333,0.0024126416666666,0.000328146,0.0002782893333333,0.00307218
0.015095822,0.011941433,0.007903921,0.0038625896666666,0.006506808,0.003644863,0.0050146796666666,0.027479829,0.0004495923333333,0.010300647,0.0345563466666667
