0.003659051,0.0018041183333333,0.000562705,0.000341961,0.0019301703333333,0.0005206093333333,0.0039769323333333,0.000637236,2.42493333333333e-05,0.0004955633333333,0.005683739
0.0045032866666666,0.007635284,0.0021454926666666,0.0017500226666666,0.0076144196666666,0.0014305246666666,0.13995732,0.0009421716666666,0.0003383073333333,0.0005606426666666,0.0028621993333333
0.0006244846666666,0.0047871323333333,0.0008609696666666,0.0026323996666666,0.0015606966666666,0.0013055366666666,0.0007588536666666,0.0012304446666666,0.0011046783333333,0.0016824843333333,0.0035694876666666
0.000301227,0.00234814,0.0004634036666666,0.0018633413333333,0.0002272183333333,0.0009405516666666,0.0010362526666666,0.0002853213333333,1.94773333333333e-05,0.000398516,0.00041539
0.0012416436666666,0.0058904556666666,0.0006501436666666,0.000334515,0.0019970663333333,0.000652188,0.0011779843333333,0.0009812373333333,6.67166666666667e-05,0.0016045903333333,0.001723414
0.0010290676666666,0.0018439326666666,0.0007488026666666,0.000406674,0.001389115,0.0013415053333333,0.000962103,0.0004420876666666,0.001362108,0.000650199,0.0017894793333333
0.0011738786666666,0.0085532836666666,0.0021377673333333,0.001691548,0.0028723663333333,0.0009761213333333,0.0022396393333333,0.0041227423333333,0.0025617763333333,0.006364304,0.0071701093333333
0.002952644,0.0036133713333333,0.0016874956666666,0.000932439,0.0023573773333333,0.0009975593333333,0.0072615803333333,0.0079324936666666,7.64153333333333e-05,0.0025274526666666,0.00642329
0.0,0.0,0.0006267853333333,3.33333333333333e-06,3.59126666666667e-05,3.33333333333333e-06,0.003465888,6.66666666666667e-06,0.00090995,0.0033932746666666,3.33333333333333e-06
0.0014733133333333,0.001246249,0.0001908583333333,0.000232393,0.0008657143333333,0.0002937213333333,0.03894881,0.0008809456666666,0.000222367,0.0004368396666666,0.000703762
0.0136677433333333,0.0112913526666667,0.004161568,0.0039221573333333,0.005898182,0.0033089573333333,0.006544493,0.0127633616666667,0.000514833,0.0046396383333333,0.0431630066666667
