0.0026927633333333,0.0004049216666666,0.0010013446666666,8.8895e-05,0.0013155296666666,3.718e-05,0.001332273,0.0008772303333333,2.09466666666667e-05,0.000677508,0.005011861
0.0022225116666666,0.00295254,0.0009563443333333,0.0004889016666666,0.00211915,0.0002713073333333,0.004043136,0.000173492,0.000116689,0.0006123053333333,0.00252148
0.000119853,0.0063880176666666,0.000221214,0.0012359313333333,0.0017725036666666,0.0010886003333333,0.000584717,0.002393583,0.0004226683333333,0.000440671,0.0037434573333333
0.0001646503333333,0.001228284,8.21223333333333e-05,0.0013127233333333,8.44456666666667e-05,0.0001496783333333,0.0008191936666666,0.0005280853333333,3.33333333333333e-06,0.0001986133333333,0.000579705
0.0013475066666666,0.0034575323333333,0.0020589756666666,0.000562612,0.0026104263333333,0.000341538,0.0022115966666666,0.001734626,0.0003275623333333,0.00115843,0.002897308
9.54386666666667e-05,0.0011763586666666,0.000855618,0.0002090816666666,0.000973663,0.00051622,0.0008345063333333,0.0002593006666666,0.000185532,0.0004826953333333,0.001472442
0.0009443093333333,0.007555776,0.0006114166666666,0.000310632,0.0011405506666666,0.0006180046666666,0.001628238,0.0029767123333333,0.001215503,0.003033,0.0097721216666666
0.0013173753333333,0.0015476556666666,0.003592149,0.0005091043333333,0.0028766993333333,0.0007093343333333,0.0052529673333333,0.006242038,5.78943333333333e-05,0.0015861753333333,0.0073941126666666
6.66666666666667e-06,0.0,0.00105901,4.95466666666667e-06,2.6085e-05,0.0,0.0042676356666666,1.8888e-05,0.0006317476666666,0.0032531126666666,0.0
0.000908691,0.001504245,0.0001564543333333,7.85553333333333e-05,0.000738605,8.085e-05,0.004239006,0.001130161,0.0001527236666666,0.0001007343333333,0.0012388663333333
0.008405156,0.0057206563333333,0.004236698,0.002852703,0.003501068,0.0010562363333333,0.0248221033333333,0.0116414363333333,0.000137512,0.0026689046666666,0.030705012
