0.0044752466666666,0.0022910926666666,0.000203547,0.000233439,0.0027065836666666,0.0005233653333333,0.0023271998333333,0.0004565166666666,0.0002836431666666,0.0020371146666666,0.0054899843333333
0.0034372266666666,0.0085299153333333,0.000836445,0.001129808,0.005135423,0.0016598383333333,0.0041309986666666,0.001407639,0.000234746,0.003297926,0.002165387
0.0010628473333333,0.0037722893333333,0.0019502156666666,0.0023583563333333,0.0013866953333333,0.002314907,0.0010474273333333,0.001003993,0.0025420616666666,0.0037846176666666,0.0022534936666666
0.0006606926666666,0.0022618236666666,0.0003211873333333,0.002041391,0.0003745616666666,0.000273825,0.0006376956666666,0.0004175763333333,9.12133333333333e-06,0.001158833,0.000929826
0.000707861,0.0064447416666666,0.0010742836666666,0.000182725,0.001068252,0.0009465666666666,0.0010572946666666,0.0010257673333333,0.000183006,0.004131729,0.002735053
0.0005636423333333,0.00487513,0.0011098563333333,0.000548584,0.0028727983333333,0.00148666,0.0009951446666666,0.000301182,0.0003391146666666,0.001285787,0.0015832153333333
0.0016364143333333,0.010966927,0.0030839386666666,0.0005618283333333,0.0012222836666666,0.0008468776666666,0.0029374073333333,0.0039454253333333,0.0026445246666666,0.009384401,0.005316959
0.0023630413333333,0.0028793926666666,0.0023162656666666,0.0014931,0.0014744016666666,0.0012141406666666,0.0083136973333333,0.0094580416666666,0.0003962213333333,0.0035078286666666,0.0110074086666667
3.33333333333333e-06,3.33333333333333e-06,0.0001101396666666,0.0,6.68206666666667e-05,0.0,0.000831318,1.35856666666667e-05,0.0007256073333333,0.0025707233333333,1.2273e-05
0.001511952,0.003449992,0.001447172,0.0006197923333333,0.0014149746666666,0.0005231063333333,0.0055375376666666,0.0011155683333333,0.0008334073333333,0.0041434276666666,0.0015880663333333
0.012315851,0.0081475933333333,0.006035824,0.0026446276666666,0.0034227393333333,0.0025860453333333,0.010022429,0.0144890653333333,0.000210565,0.0085553806666666,0.0265829336666667
