0.0030728926666666,0.0030339063333333,0.000473217,0.0003370473333333,0.0024325796666666,0.0006820876666666,0.003023621,0.000863618,4.1267e-05,0.0009272783333333,0.004238158
0.0024886126666666,0.0119039173333333,0.0033142166666666,0.005172595,0.007978289,0.0021409786666666,0.0120456576666667,0.0027279693333333,0.000520517,0.0018738323333333,0.0048120673333333
0.000601312,0.0077035656666666,0.001194505,0.0019965296666666,0.005691919,0.0023538766666666,0.002246377,0.003068105,0.0015433346666666,0.0018038366666666,0.0055584746666666
0.0006033146666666,0.0026044003333333,0.000737531,0.001144817,0.001194899,0.0004374336666666,0.000777791,0.001596808,0.0002730246666666,0.0006223046666666,0.0011630223333333
0.0018435383333333,0.014271798,0.001611264,0.000986966,0.0019127606666666,0.0021806556666666,0.0065755406666666,0.0110053216666667,0.0001645123333333,0.0013978993333333,0.0054929926666666
0.0005156333333333,0.0035263126666666,0.0012477433333333,0.0005437126666666,0.001708634,0.0010750453333333,0.0007286926666666,0.001326869,0.0001698056666666,0.0002648326666666,0.0016037986666666
0.00218563,0.013843289,0.0011029086666666,0.0046490023333333,0.0057228993333333,0.0021676396666666,0.002356456,0.0105530753333333,0.0011767766666666,0.003783472,0.0145646173333333
0.0040193933333333,0.0107118563333333,0.004297087,0.00261388,0.005852529,0.00563799,0.0129754513333333,0.033126684,0.0004740413333333,0.0041295393333333,0.034666
2.0175e-05,0.0002215936666666,0.0013544796666666,3.63113333333333e-05,0.0002460433333333,3.83616666666667e-05,0.0042567296666666,0.000265874,0.001778913,0.0069715516666666,3.66806666666667e-05
0.0013486733333333,0.0021431423333333,0.0005919473333333,0.0003700706666666,0.0015603036666666,0.000342845,0.0037579966666666,0.0016590963333333,0.0004198693333333,0.000650365,0.0011484213333333
0.0130661383333333,0.0123100303333333,0.0074373986666666,0.0026648723333333,0.0049451613333333,0.003081703,0.017011503,0.0204718343333333,0.0001893706666666,0.0058701923333333,0.024647038
