0.0035993673333333,0.002763725,0.0006083246666666,0.0001461203333333,0.0021040256666666,0.0001316413333333,0.0012889785,0.0009143256666666,5.00745e-05,0.000295741,0.005599131
0.0031721906666666,0.0106630016666667,0.0008555243333333,0.0008129286666666,0.005523024,0.001108748,0.003335457,0.0035222323333333,0.0005548806666666,0.0012043253333333,0.00252459
0.000573657,0.007145559,0.0014181996666666,0.0027858473333333,0.003278363,0.0042861123333333,0.0016653893333333,0.0030738043333333,0.0016122476666666,0.001794688,0.006568778
0.000452154,0.0025889223333333,0.0002276613333333,0.002034525,0.0007352136666666,0.0002277653333333,0.0011637296666666,0.000447188,5.30233333333333e-05,3.2175e-05,0.0003659353333333
0.0023797496666666,0.0116545933333333,0.0023584996666666,0.000279715,0.0009419036666666,0.001189409,0.0010839283333333,0.0024552716666666,3.8936e-05,0.0017237453333333,0.0015040063333333
0.000447715,0.0023626446666666,0.0006687726666666,0.0005641823333333,0.0010642306666666,0.000828733,0.0005287203333333,0.000213199,0.0002062983333333,0.0012062563333333,0.000952569
0.0017998343333333,0.0157025003333333,0.0013483623333333,0.000522199,0.0026831483333333,0.0002637513333333,0.0030276476666666,0.0066755216666666,0.0027183666666666,0.0030939163333333,0.0100800953333333
0.003418341,0.0032811933333333,0.0033496923333333,0.0011791516666666,0.0033644503333333,0.0008881596666666,0.0060322763333333,0.0128210056666667,0.0001054433333333,0.0040417616666666,0.0069931926666666
8.1582e-05,3.33333333333333e-06,0.0013707043333333,3.33333333333333e-06,3.53266666666667e-05,0.0,0.003998963,0.0005520566666666,0.0010377923333333,0.004387889,0.0001337186666666
0.0011046416666666,0.003538342,0.00039239,0.000139763,0.0013297966666666,0.000252853,0.00157902,0.00101394,0.0010322846666666,0.0023240453333333,0.0071810346666666
0.0114753543333333,0.00946185,0.005686596,0.0017150056666666,0.0054394283333333,0.002450795,0.0134119906666667,0.0210344316666667,7.36876666666667e-05,0.003077726,0.031251381
