0.002593521,0.0009582386666666,0.0007882923333333,0.002479638,0.0015672613333333,0.000422652,0.002039721,0.001043077,3.34133333333333e-06,0.0006923686666666,0.0025154196666666
0.0007624906666666,0.0057459493333333,0.0024061536666666,0.001731192,0.005231505,0.0016502843333333,0.0081418713333333,0.0005661013333333,2.00773333333333e-05,0.000479985,0.004024141
0.00046334,0.0042110316666666,0.0009198156666666,0.001356328,0.0046876103333333,0.0011594053333333,0.0011805683333333,0.001738951,0.000204528,0.001530349,0.0044875613333333
0.0003844486666666,0.0010695953333333,0.00011151,0.0004220746666666,0.0001210216666666,0.0001416623333333,0.0007658426666666,0.000250128,1.8576e-05,0.0002205193333333,0.000305605
0.0014900206666666,0.0081777233333333,0.0008761836666666,0.000194119,0.0063613663333333,0.0012166033333333,0.0024084096666666,0.0045433643333333,8.82276666666667e-05,0.0013669146666666,0.0035176226666666
0.0002241146666666,0.0019696213333333,0.0008339603333333,0.0007004786666666,0.0008683163333333,0.0007964886666666,0.0007521393333333,0.0001780766666666,0.0002538253333333,0.000359098,0.000955395
0.0016235623333333,0.0089114766666666,0.0017896286666666,0.0007157906666666,0.0030099213333333,0.000304034,0.001765036,0.0040335786666666,0.001663363,0.0043838476666666,0.0265169256666667
0.0039160693333333,0.0030216833333333,0.0038648606666666,0.001435578,0.003528572,0.0021159213333333,0.0087390313333333,0.009883723,1.5451e-05,0.002559025,0.0078259306666666
1.5806e-05,1.67e-05,0.003540028,4.34933333333333e-06,3.26936666666667e-05,9.886e-06,0.0023675276666666,2.0972e-05,0.0004289766666666,0.0028690623333333,6.66666666666667e-06
0.0012975023333333,0.0011258133333333,0.000545938,0.0001998446666666,0.0013383413333333,0.000263351,0.0031382606666666,0.0014741823333333,0.0004253916666666,0.0001127536666666,0.001479379
0.0119493403333333,0.0039525836666666,0.004303349,0.002981846,0.00380289,0.0019284003333333,0.005572091,0.014414701,4.5139e-05,0.0029854756666666,0.017384256
