0.003887472,0.0021745193333333,0.000685228,0.0038166243333333,0.0024926793333333,0.001182206,0.0030882495,0.0004459003333333,0.0001903045,0.0011604803333333,0.0071676186666666
0.002914325,0.007137773,0.0028197036666666,0.0013920023333333,0.0060800553333333,0.0021586796666666,0.008518568,0.0152137946666667,0.0001999363333333,0.001108806,0.0074642746666666
0.001979729,0.0079555583333333,0.002070585,0.0039008666666666,0.0044742493333333,0.002617438,0.005046694,0.005412172,0.0024984503333333,0.0025644476666666,0.0063691926666666
0.002153149,0.001827586,0.0002486663333333,0.0022880806666666,0.0014103316666666,0.000392307,0.0008307903333333,0.000359912,0.00011753,0.0005829406666666,0.0020136213333333
0.004071679,0.0084007846666666,0.0042278703333333,0.000480732,0.0025447723333333,0.0003852936666666,0.006327985,0.0095970393333333,0.0003134883333333,0.0015787623333333,0.0066067186666666
0.000848069,0.001908627,0.0015716196666666,0.0019612706666666,0.0014541776666666,0.0007871986666666,0.0035607806666666,0.0015388643333333,0.0001457416666666,0.0003450356666666,0.0016271836666666
0.006591492,0.0176898263333333,0.00229829,0.0016439323333333,0.0058394473333333,0.0014388446666666,0.0013640343333333,0.017264192,0.001995537,0.004913576,0.0111595566666667
0.0046114816666666,0.0171894976666667,0.0053305946666666,0.001424676,0.005568676,0.0023708033333333,0.0120757966666667,0.022796738,0.0010319303333333,0.0039164976666666,0.014207541
1.03823333333333e-05,7.92693333333333e-05,0.002458263,3.30513333333333e-05,0.0005189353333333,2.33593333333333e-05,0.006789661,0.0013771636666666,0.0015954056666666,0.0061567446666666,0.0005120726666666
0.0014776716666666,0.0022564486666666,0.0011749056666666,0.001126173,0.0023752703333333,0.0003822286666666,0.004810962,0.0028114006666666,0.0007433383333333,0.0010172043333333,0.0020715223333333
0.0141733293333333,0.0158886893333333,0.0090248146666666,0.001517884,0.010577993,0.0019584613333333,0.017765908,0.0140420433333333,0.000907773,0.0037785476666666,0.0263399423333333
