0.003579044,0.002139191,0.0,0.0001968373333333,0.0027716606666666,3.33333333333333e-06,0.0,0.0049937576666666,0.0,3.77123333333333e-05,0.0045414663333333
0.00238608,0.0027970963333333,0.0,0.0020149226666666,0.0035222076666666,3.33333333333333e-06,3.33333333333333e-06,0.0252213586666667,0.0,3.3776e-05,0.003397239
0.0009873846666666,0.003457119,0.0003305156666666,0.0026800316666666,0.0029960046666666,0.001049328,0.0,0.0049418313333333,0.000874776,0.0002749653333333,0.004562451
0.0021115663333333,2.94963333333333e-05,0.0,0.0093258976666666,1.61653333333333e-05,0.0,0.0,0.0003516666666666,0.0,0.0,0.0131707316666667
0.0013728676666666,0.0075641436666666,0.0,0.0011502733333333,0.0027705053333333,0.0022612103333333,6.66666666666667e-06,0.0216142696666667,3.33333333333333e-06,7.59333333333333e-06,0.002586584
0.0006324133333333,0.0017007266666666,0.0008761653333333,0.002116662,0.0012453813333333,0.000788633,0.0,0.0033668946666666,0.0,0.0,0.001076949
0.0016132253333333,0.0001822593333333,0.0008409193333333,0.0105202286666667,0.0001151896666666,1.33333333333333e-05,0.002889351,0.0079296123333333,0.001128383,0.0019406606666666,0.0117444103333333
0.002925889,3.65506666666667e-05,0.0,0.0017004446666666,1.3196e-05,1.75076666666667e-05,1.52833333333333e-05,0.04282624,3.33333333333333e-06,0.0001148486666666,0.0097422223333333
5.9385e-05,0.0,0.000873612,0.00043386,4.57173333333333e-05,6.14883333333333e-05,0.004403117,0.0005079526666666,0.001805215,0.006859749,0.0002317556666666
0.0007477403333333,0.000116136,0.00053799,0.0015520706666666,2.28243333333333e-05,0.0002907246666666,0.0023625176666666,0.0054376993333333,0.0004709586666666,8.90053333333333e-05,0.0031980276666666
0.0164132673333333,0.0001093963333333,0.0,0.008396308,7.30266666666667e-06,6.66666666666667e-06,4.76666666666667e-06,0.05936743,6.66666666666667e-06,5.51023333333333e-05,0.0305677516666667
