0.0064060263333333,0.002000751,0.000723715,0.0018752446666666,0.0021915236666666,0.000316077,0.001598092,0.0004570656666666,4.3453e-05,0.000774565,0.0030960393333333
0.002428018,0.0132475113333333,0.0011414786666666,0.0010201683333333,0.001524468,0.0009596793333333,0.0046182983333333,0.0030453066666666,0.0010014946666666,0.0015437453333333,0.002009469
0.0003619406666666,0.006460615,0.000419299,0.00244707,0.0037906053333333,0.001819405,0.0020607326666666,0.0026823636666666,0.0018184303333333,0.0017823546666666,0.0047770193333333
0.0010329626666666,0.0007205036666666,0.0003129506666666,0.002122128,0.0003495473333333,0.0001731063333333,0.0006903233333333,0.0006056613333333,8.58666666666667e-06,0.0001552353333333,0.0003684356666666
0.0013183626666666,0.0064889286666666,0.0008874796666666,0.000601893,0.0047785136666666,0.00048004,0.0027781756666666,0.0030195033333333,5.39066666666667e-05,0.0029208986666666,0.0028773366666666
0.000736176,0.001427465,0.0006506996666666,0.0004227203333333,0.0015123586666666,0.0011598946666666,0.0006122523333333,0.000457026,0.000306565,0.0007156,0.000894492
0.0022667366666666,0.0079549063333333,0.001615147,0.0016259793333333,0.0030234393333333,0.0003788766666666,0.0018156026666666,0.0036495653333333,0.0042635053333333,0.0044668876666666,0.0089084763333333
0.002845956,0.0028177543333333,0.0038500963333333,0.0012831793333333,0.0022522286666666,0.0025196856666666,0.0083279646666666,0.0119638236666667,0.0005264463333333,0.0032553426666666,0.009496513
6.66666666666667e-06,0.0,0.0006708526666666,0.0,3.29256666666667e-05,6.66666666666667e-06,0.0047332306666666,0.0075712283333333,0.001316028,0.005636496,1.78743333333333e-05
0.0014314166666666,0.0024553183333333,0.0009799266666666,0.0005039843333333,0.000775271,0.000193862,0.002438067,0.001795291,0.001571197,0.0018600653333333,0.006178804
0.013887932,0.0105305926666667,0.007533453,0.0045754713333333,0.0032727083333333,0.003465026,0.0144879836666667,0.0184422836666667,0.0004877563333333,0.0067052016666666,0.0260392096666667
