0.003211556,0.001958462,0.0007427186666666,0.0006473863333333,0.0019604526666666,0.0020489553333333,0.001524703,0.0033929413333333,0.0002395236666666,0.0008937846666666,0.0117806936666667
0.0020659313333333,0.013216749,0.0015095783333333,0.0028578773333333,0.0056566176666666,0.0019633433333333,0.0029851673333333,0.0008005293333333,0.0004348953333333,0.0014661696666666,0.00100226
0.0007612743333333,0.0093182133333333,0.0029408223333333,0.002388351,0.0033790813333333,0.0037701836666666,0.002462379,0.005993179,0.0023616426666666,0.001341965,0.0095386923333333
0.0004361673333333,0.005029238,0.0007702236666666,0.0022101013333333,0.0012310896666666,0.0005129006666666,0.0060807976666666,0.001314674,0.0002180833333333,0.000593591,0.0017455196666666
0.0023243823333333,0.0152468593333333,0.00123046,0.0018401833333333,0.003973553,0.0032841923333333,0.0123747313333333,0.0050249536666666,0.0003863223333333,0.0011283406666666,0.0075315363333333
0.000539685,0.0053566463333333,0.0010311413333333,0.0003781183333333,0.0027815016666666,0.0013602573333333,0.0004612636666666,0.0013340076666666,0.000190524,0.0004040826666666,0.0010257533333333
0.002513466,0.0212419406666667,0.0054960526666666,0.0049261716666666,0.0041244223333333,0.00153178,0.0008839296666666,0.008350375,0.000975106,0.002892582,0.0073187173333333
0.005870857,0.0124588486666667,0.0038583036666666,0.002549668,0.0055993546666666,0.0025658266666666,0.006424844,0.0213125043333333,0.001182812,0.00395671,0.0129303643333333
0.0001708476666666,0.000890098,0.0017871993333333,7.95856666666667e-05,0.0004203273333333,7.6748e-05,0.004225999,0.0001665513333333,0.0019990386666666,0.0077217126666666,7.95823333333333e-05
0.0023866213333333,0.009217277,0.0011080063333333,0.000703116,0.0023400856666666,0.000850112,0.002628264,0.00352169,0.0012333116666666,0.0005767876666666,0.002155809
0.0175094733333333,0.0155645293333333,0.006825988,0.002519791,0.004818098,0.0057944083333333,0.008733632,0.0237680756666667,0.0002800803333333,0.0047915273333333,0.0442889933333333
