0.004003498,0.0014520016666666,0.001636679,0.000275721,0.0024765816666666,0.000320197,0.0015978473333333,0.0026970663333333,7.95113333333333e-05,0.0009123023333333,0.0071484046666666
0.003760357,0.0141125733333333,0.001883765,0.001389038,0.0067366026666666,0.0013558016666666,0.005788941,0.0017413886666666,7.3981e-05,0.0008080736666666,0.0028033333333333
0.0006092053333333,0.015262403,0.0018895326666666,0.0027047113333333,0.0032593576666666,0.003162977,0.00200882,0.0031573246666666,0.0020067603333333,0.0015550143333333,0.0052121386666666
0.001893348,0.0042176703333333,0.0002173216666666,0.0007016423333333,0.0002904596666666,0.00024035,0.000767162,0.0005445093333333,3.28753333333333e-05,0.000148886,0.00083315
0.003998678,0.0129384713333333,0.001179551,0.0008233376666666,0.0050141823333333,0.0007297723333333,0.003254505,0.0057572646666666,0.0002124213333333,0.0023324033333333,0.0054522973333333
0.0003673773333333,0.0031389406666666,0.0008047043333333,0.001164796,0.0019216653333333,0.0015708906666666,0.0005531776666666,0.000509706,3.413e-06,0.0001669523333333,0.001754989
0.0034145596666666,0.0448385033333333,0.0038203973333333,0.002852641,0.0099119636666666,0.0021507583333333,0.002141225,0.0083841446666666,0.002449258,0.005027258,0.011823567
0.0062355566666666,0.008139956,0.003582101,0.0013394526666666,0.007486241,0.0032101163333333,0.0078021906666666,0.020665791,0.000614527,0.003320208,0.0113549446666667
5.18026666666667e-05,0.000203288,0.000721231,1.76853333333333e-05,0.0001397143333333,1.39806666666667e-05,0.003115362,9.85216666666667e-05,0.002276359,0.0016728003333333,4.79566666666667e-05
0.0013553553333333,0.006236454,0.0008667966666666,0.0003945113333333,0.0019582816666666,0.0003669793333333,0.003753732,0.001572365,0.000986392,0.0010550533333333,0.002084084
0.0156657086666667,0.0109503753333333,0.006986694,0.0045691993333333,0.0111896343333333,0.0018825636666666,0.0170574023333333,0.0212093476666667,0.0009924343333333,0.0042939663333333,0.0404722233333333
