0.0049831233333333,0.00118671,0.000472774,9.25156666666667e-05,0.001114529,0.000100443,0.0028612106666666,0.0010700666666666,5.9553e-05,0.000629965,0.0016551526666666
0.000693975,0.004928257,0.0009062193333333,0.00079259,0.00261687,0.0009364313333333,0.0036637296666666,0.001168219,3.2547e-05,0.0003146836666666,0.003398319
0.000540996,0.006533841,0.001131378,0.0015589093333333,0.0031808713333333,0.00489733,0.0020391563333333,0.001676804,0.0011079956666666,0.001555063,0.004422045
0.0002074626666666,0.0007489003333333,0.0017025283333333,0.001890299,0.0002992483333333,0.0001366456666666,0.0002479796666666,0.0011226403333333,0.0,8.93486666666667e-05,0.0006058746666666
0.001197248,0.0051240203333333,0.0011472853333333,0.003139819,0.0033594043333333,0.00100029,0.0016055603333333,0.002022212,5.30843333333333e-05,0.0030558626666666,0.0035981336666666
0.0002502246666666,0.0010119916666666,0.0011407743333333,0.000255302,0.0018838733333333,0.0013083146666666,0.0001298256666666,0.000263328,0.0003315516666666,0.0004268626666666,0.0015532136666666
0.0014396296666666,0.008671296,0.0015527063333333,0.001080031,0.001648401,0.0012749206666666,0.0014921833333333,0.0034950436666666,0.0011643946666666,0.002485193,0.003884913
0.0028372206666666,0.0017369776666666,0.002477161,0.0010957006666666,0.0030202643333333,0.0018738086666666,0.007704249,0.0097738406666666,0.0001242503333333,0.001201584,0.0066565486666666
3.81066666666667e-06,0.0,0.0001503146666666,0.0001106206666666,3.58326666666667e-05,3.33333333333333e-06,0.0038251026666666,3.39093333333333e-05,0.0005889373333333,0.003761324,1.06e-05
0.0009899823333333,0.0044861193333333,0.000801275,0.000303648,0.001776426,0.0008871436666666,0.0018145216666666,0.0014311483333333,0.0004521813333333,0.0007863283333333,0.000860694
0.0086674156666666,0.0036155603333333,0.0076313936666666,0.0025645896666666,0.007174937,0.0024164423333333,0.0041950893333333,0.013301698,0.0003679333333333,0.003689688,0.0209633046666667
