0.002999578,0.000927765,0.0003054903333333,0.001625658,0.0038245926666666,0.000239374,0.0036081013333333,0.000987307,9.58433333333333e-06,0.0003297536666666,0.0045483593333333
0.0014939933333333,0.0132302156666667,0.0010271716666666,0.0006262503333333,0.0022112276666666,0.00065772,0.0047053883333333,0.0030390016666666,0.0007608383333333,0.0012218663333333,0.0016107786666666
0.0006663316666666,0.0072059803333333,0.001758785,0.0028753693333333,0.003568942,0.003454849,0.0024768596666666,0.0023616196666666,0.0011452193333333,0.0020277233333333,0.0045967586666666
0.0013236046666666,0.0014550216666666,0.000296151,0.002201503,7.6357e-05,0.0001096133333333,0.0003408113333333,0.000887974,9.87183333333333e-05,0.0001167666666666,0.000466516
0.0004425636666666,0.0073788673333333,0.0012905796666666,7.92296666666667e-05,0.0008895316666666,0.0002033686666666,0.0018552586666666,0.000688127,1.78496666666667e-05,0.0007653066666666,0.0014574123333333
0.000386203,0.002399042,0.0025429923333333,0.000398944,0.0015100286666666,0.0010515186666666,0.0008551163333333,0.0001710266666666,0.0002659146666666,0.000362756,0.00153803
0.001971937,0.0138071483333333,0.001043908,0.0007903783333333,0.0009188136666666,0.0003393106666666,0.0024239946666666,0.0031769453333333,0.0025823873333333,0.002506173,0.0100929416666667
0.000976652,0.0035298066666666,0.0029780953333333,0.0003866716666666,0.0019245446666666,0.0007503606666666,0.0076678696666666,0.015378069,0.0002408266666666,0.002338785,0.00622055
0.0001176093333333,6.66666666666667e-06,0.0011656413333333,0.0,0.0001211033333333,0.0,0.003547652,0.0067438463333333,0.001240087,0.0034984323333333,3.33333333333333e-06
0.0009754103333333,0.002441525,0.0004931743333333,8.4135e-05,0.0005686923333333,7.65656666666667e-05,0.0015487403333333,0.0008267603333333,0.001048969,0.0008662566666666,0.000315883
0.0083908613333333,0.0112516816666667,0.0093199963333333,0.0034465983333333,0.002416512,0.0027656966666666,0.0134095243333333,0.0143196496666667,0.0003994673333333,0.0042488296666666,0.0517170233333333
