0.0037518186666666,0.0007315586666666,0.0007099423333333,8.64206666666667e-05,0.0017648776666666,0.0002097283333333,0.0025373243333333,0.000344856,0.0,0.000643035,0.0046624873333333
0.0017591536666666,0.006051304,0.000486996,0.0011838823333333,0.0037693196666666,0.000975842,0.00594128,0.001048943,0.000147476,0.0009869536666666,0.002738698
0.0004928453333333,0.0066491523333333,0.0014870706666666,0.0029499336666666,0.003365663,0.0021295266666666,0.0009878276666666,0.001289317,0.0007641426666666,0.0020842143333333,0.005415135
0.0002636796666666,0.0014141453333333,0.0002112586666666,0.0020379483333333,0.000199577,0.000110972,0.0008698526666666,0.00023961,0.0,0.000225666,0.0006126213333333
0.0013661786666666,0.004956039,0.0007265683333333,2.52566666666667e-05,0.0003163186666666,0.0003132306666666,0.0010963593333333,0.0007627696666666,1.66666666666667e-05,0.0022199126666666,0.0013779893333333
0.0005389736666666,0.0015335913333333,0.0005945393333333,0.000594624,0.0021107496666666,0.0022474956666666,0.0010013296666666,0.0002367246666666,0.000229952,0.000289022,0.0008461443333333
0.0011470966666666,0.0054744636666666,0.001612413,0.0006027323333333,0.0012520903333333,0.0004019646666666,0.0027544083333333,0.003172863,0.002885379,0.00386736,0.0106513533333333
0.002241265,0.0022875686666666,0.0032334933333333,0.000985709,0.0036362343333333,0.0004765446666666,0.0074948193333333,0.0070218816666666,0.0003557336666666,0.0023895556666666,0.0042699866666666
7.60346666666667e-05,0.0,4.61016666666667e-05,0.0,2.1155e-05,3.33333333333333e-06,0.00461896,2.0436e-05,0.0010689906666666,0.00439243,0.0
0.000670983,0.0007928353333333,0.0001919436666666,0.0002978083333333,0.000310329,0.0003223986666666,0.0029337873333333,0.000501942,0.0014486733333333,0.0003026296666666,0.001446076
0.00897207,0.0052851053333333,0.005707072,0.0021995236666666,0.004711603,0.000778435,0.0130549003333333,0.0183000786666667,9.1754e-05,0.0037462153333333,0.0248095496666667
