0.0048322613333333,0.0020788923333333,0.0007818813333333,0.0007626196666666,0.001704883,0.0004127126666666,0.0020994205,0.0011496303333333,9.88448333333333e-05,0.000780241,0.0077817966666666
0.0038910593333333,0.0121534486666667,0.0017187383333333,0.0020291753333333,0.0060152066666666,0.0025448873333333,0.0057611603333333,0.0029828013333333,0.0011870043333333,0.0023249156666666,0.0060592196666666
0.0008319846666666,0.0110958013333333,0.0028655523333333,0.0034359146666666,0.0034207233333333,0.002332323,0.003674212,0.0016070966666666,0.0036783173333333,0.002303743,0.0061620043333333
0.0004878923333333,0.0022589986666666,0.0002917053333333,0.00263536,0.0009215663333333,0.0005306243333333,0.000883176,0.000420957,0.0002293053333333,0.0001749666666666,0.0007264976666666
0.0017722526666666,0.0086330626666666,0.0016839243333333,0.0005979303333333,0.0033768406666666,0.0009690953333333,0.00148583,0.001597001,0.000469009,0.002088656,0.0042428516666666
0.000546483,0.0020135566666666,0.0006542393333333,0.0010217316666666,0.002888917,0.00279891,0.001785475,0.0005536113333333,0.000471337,0.0007194173333333,0.0020466193333333
0.0023900896666666,0.0295778113333333,0.0023312326666666,0.0014137743333333,0.004027143,0.0008923873333333,0.001187967,0.005039538,0.0045460623333333,0.0055476833333333,0.0273179523333333
0.0060711856666666,0.0037368466666666,0.0035201686666666,0.0014210003333333,0.0037224513333333,0.001737907,0.008753344,0.012318273,0.0007953663333333,0.0017564356666666,0.008640212
1.06666666666667e-05,4.4505e-05,0.000674322,4.439e-06,5.63486666666667e-05,6.66666666666667e-06,0.0036650606666666,1.3233e-05,0.000202895,0.004109907,9.4884e-05
0.0013576433333333,0.008230722,0.0021072136666666,0.00041344,0.0008551176666666,0.0009802793333333,0.0023143746666666,0.0015980786666666,0.0015791143333333,0.000775418,0.0018519976666666
0.018510019,0.0125700193333333,0.0099528136666666,0.00372856,0.0066077083333333,0.0024225973333333,0.0126062683333333,0.020030553,0.0014870363333333,0.0046583333333333,0.025500108
