0.00410619,0.0010770036666666,0.00034303,0.0072084926666666,0.0017346873333333,0.0001389673333333,0.0013176815,0.0010003116666666,0.0003307578333333,0.0004026923333333,0.0065115546666666
0.0020275436666666,0.0032536406666666,0.0019077256666666,0.0008847456666666,0.004308946,0.001235127,0.0067349323333333,0.0162918306666667,4.1112e-05,0.0010228243333333,0.0121361166666667
0.0019344513333333,0.00377801,0.001082567,0.0032378406666666,0.0037763826666666,0.0023903706666666,0.0030487266666666,0.0072772903333333,0.002061739,0.0013807713333333,0.0057179603333333
0.000340731,0.0024899263333333,0.0001301543333333,0.0020349053333333,0.0011371716666666,0.0007316503333333,0.001038211,0.000518221,4.16796666666667e-05,0.000488452,0.0012698873333333
0.0034997233333333,0.008853887,0.0005232056666666,0.0002805433333333,0.001939256,0.00090754,0.0045582763333333,0.0106611813333333,4.0745e-05,0.0021057476666666,0.0035024593333333
0.0004263153333333,0.001726083,0.0017518863333333,0.000312984,0.0022665816666666,0.0010692203333333,0.001312763,0.0022984406666666,0.00048695,0.000124728,0.0010155846666666
0.0038196626666666,0.011998266,0.0008329346666666,0.0011019056666666,0.0034692713333333,0.001134622,0.0016028296666666,0.0216570676666667,0.0030658996666666,0.004591015,0.0138491803333333
0.0043020203333333,0.0054576756666666,0.0027986193333333,0.001094798,0.005796908,0.0020750973333333,0.0073175646666666,0.0149510916666667,0.0003896306666666,0.0023489363333333,0.0098590096666666
8.614e-05,2.34483333333333e-05,0.0005688243333333,0.0001829003333333,4.867e-05,2.5259e-05,0.0044790476666666,0.0002144516666666,0.0016197276666666,0.0054565013333333,0.000119446
0.0012736813333333,0.0014205286666666,0.0002803913333333,0.0002800896666666,0.000756535,0.0001454123333333,0.0027571943333333,0.0036120303333333,0.001657065,0.0003902626666666,0.0018007766666666
0.0149279896666667,0.0120518613333333,0.0076215943333333,0.0025148966666666,0.0111349566666667,0.001422841,0.0150569846666667,0.0156034693333333,0.000122908,0.0042673233333333,0.0453933733333333
