0.004408108,0.001447495,0.001097623,0.0009178373333333,0.0019909183333333,0.0007535373333333,0.0035598806666666,0.0027135053333333,0.0006068096666666,0.001276019,0.0075117333333333
0.003401864,0.009499653,0.001271416,0.0018973523333333,0.006056807,0.000818423,0.0042763063333333,0.0020573626666666,0.000463747,0.0006832216666666,0.0033131343333333
0.0006766916666666,0.0065380243333333,0.0012752623333333,0.0020896693333333,0.0045042383333333,0.0029894636666666,0.00143723,0.0025433266666666,0.0027210436666666,0.0018924803333333,0.0062478086666666
0.0029903246666666,0.0021854913333333,0.0002808353333333,0.0019533163333333,0.0010982093333333,0.0003389106666666,0.000586204,0.0008031203333333,0.0001053386666666,0.00071272,0.0007886406666666
0.002054471,0.0072278056666666,0.0046541983333333,0.003818362,0.0029905393333333,0.001590622,0.0013208833333333,0.00171895,0.0002248333333333,0.0031266873333333,0.0033003073333333
0.0015948623333333,0.002253153,0.0015845373333333,0.0012121983333333,0.002615548,0.0020939343333333,0.0008823736666666,0.0014883243333333,0.0006796703333333,0.0005552296666666,0.001074519
0.005758555,0.0099902216666666,0.0026083416666666,0.0012398443333333,0.002912575,0.0009766783333333,0.001690831,0.0070771506666666,0.0055845773333333,0.0046085763333333,0.0058361896666666
0.0056080693333333,0.004545245,0.0052808566666666,0.00237888,0.0055698413333333,0.0034466063333333,0.0085132023333333,0.0184472226666667,0.0007863926666666,0.0028275623333333,0.013136494
3.48726666666667e-05,3.78666666666667e-06,0.000278831,3.75456666666667e-05,0.000156318,0.000166497,0.004359376,4.02026666666667e-05,0.0016034926666666,0.005063518,9.13643333333333e-05
0.0019749553333333,0.0047591073333333,0.0022919483333333,0.00055396,0.0035830416666666,0.0005604686666666,0.0016910296666666,0.0020598796666666,0.000758964,0.001151573,0.003364725
0.019275582,0.0091860756666666,0.007411599,0.0040282266666666,0.010401321,0.003349547,0.007055211,0.0200644943333333,0.0011241833333333,0.0043616506666666,0.0332628966666667
