0.0035423533333333,0.000322954,0.0005431863333333,0.000200089,0.0014837203333333,6.1264e-05,0.002089908,0.0002617423333333,1.66666666666667e-06,0.000449411,0.0037253636666666
0.0019341746666666,0.0057490826666666,0.0010307643333333,0.0005691166666666,0.0058013953333333,0.00066788,0.0037567103333333,0.003746049,2.87916666666667e-05,0.0011156013333333,0.0016319226666666
0.0005397263333333,0.0072016933333333,0.0006283,0.0014476873333333,0.0041754116666666,0.001755016,0.0010121256666666,0.000979955,0.000593158,0.001063526,0.0045114076666666
0.0002792526666666,0.000850323,0.0010084653333333,0.0011782146666666,0.0002961576666666,8.1828e-05,0.0005974736666666,0.000340042,3.33333333333333e-06,0.0002619966666666,0.000282292
0.00126164,0.004618621,0.001028746,0.002791515,0.0005278173333333,0.0002884063333333,0.002058807,0.0017147883333333,2.28796666666667e-05,0.0029639776666666,0.002015819
0.0001179453333333,0.0007491516666666,0.000877854,0.0001722123333333,0.0015286423333333,0.0013826743333333,0.0001636836666666,0.0003622506666666,0.0002139,0.0003001773333333,0.0010520123333333
0.0009666413333333,0.0065633983333333,0.001139931,0.001244178,0.00137493,0.000332823,0.001259397,0.003440595,0.0011815033333333,0.002219979,0.003582456
0.0012574316666666,0.0021012883333333,0.0044947603333333,0.0011348903333333,0.0025562916666666,0.000454619,0.0072476906666666,0.0065892516666666,0.0001023333333333,0.001469179,0.0073032583333333
6.80266666666667e-06,0.0,0.000370728,4.52e-06,2.4446e-05,0.0,0.0032370816666666,2.78213333333333e-05,0.0004847056666666,0.0030410366666666,6.66666666666667e-06
0.0007176073333333,0.004158123,0.000176462,0.0001287266666666,0.0008182286666666,0.000316165,0.0012421143333333,0.0012449596666666,0.00052095,0.00055915,0.000637277
0.012474972,0.0045640993333333,0.0065909723333333,0.0016581726666666,0.0053411283333333,0.0016498273333333,0.0087835526666666,0.017765488,0.00012685,0.0030993766666666,0.019665113
