0.0043494783333333,0.003499413,7.32623333333333e-05,0.003882799,0.005334769,0.0014110716666666,1.03833333333333e-05,0.0024896153333333,2.52823333333333e-05,6.02236666666667e-05,0.0131313053333333
0.003641361,0.026623243,0.003588838,0.0108002526666667,0.0065589403333333,0.002751929,4.00733333333333e-05,0.003776761,3.33333333333333e-06,2.34456666666667e-05,0.0048735463333333
0.0009911323333333,0.010542666,0.0040753573333333,0.0042521073333333,0.00296663,0.002661523,0.0,0.004400891,0.001412131,1e-05,0.006134612
0.004665845,0.00083139,3.33333333333333e-06,0.020622097,1.66666666666667e-05,1e-05,0.0,0.001639136,3.33333333333333e-06,3.33333333333333e-06,0.015950188
0.0034905416666666,0.0229599196666667,0.0008651306666666,0.007881205,0.0046020523333333,0.002092217,3.33333333333333e-06,0.007693805,9.41243333333333e-05,9.3913e-05,0.0042250386666666
0.001452777,0.0051542006666666,0.0014843413333333,0.0020917923333333,0.002235809,0.001277375,0.0,0.0011320006666666,3.06673333333333e-05,2.28666666666667e-05,0.001852849
0.0036211463333333,0.001662586,0.0019670916666666,0.0932978966666667,0.000150205,0.000120992,0.0029614426666666,0.0101417343333333,0.0017507056666666,0.0029009416666666,0.0144768643333333
0.00819691,0.017005826,0.0035533866666666,0.013763935,0.006695716,0.0024361773333333,2.9836e-05,0.0381956166666667,5.5684e-05,0.000162505,0.018779667
0.000121207,0.0001126946666666,0.000242328,0.000708178,0.0,0.0006582236666666,0.006311305,0.0007935786666666,0.001973991,0.0072899416666666,0.0003780686666666
0.0022168776666666,0.000361029,0.0002817823333333,0.0067814463333333,6.72893333333333e-05,0.0005718603333333,0.0025445563333333,0.001912521,0.001071025,0.000549975,0.002154005
0.0112336056666667,0.0183683096666667,0.001409275,0.026443265,0.004803084,0.0047673176666666,0.0,0.0244652313333333,0.0001397616666666,0.000397829,0.04757691
