0.0074452756666666,0.000637789,0.0005578353333333,0.0007502203333333,0.0013289696666666,4.8691e-05,0.0013249246666666,0.0009616166666666,3.16863333333333e-05,0.0003369406666666,0.002571474
0.0021760796666666,0.004548013,0.001167054,0.0007401983333333,0.0026971243333333,0.000699272,0.0055478356666666,0.0009746546666666,1.89546666666667e-05,0.0007857496666666,0.0024533726666666
0.000169252,0.004971991,0.001203181,0.001996858,0.0042541176666666,0.0023060316666666,0.0014458273333333,0.001201508,0.0004083343333333,0.001193602,0.004133096
0.0001728863333333,0.0014702013333333,0.000152154,0.001907155,9.83076666666667e-05,0.0001084793333333,0.0006602556666666,0.0004860116666666,0.0,0.000208522,0.0006767206666666
0.0018988163333333,0.0072167146666666,0.0035106233333333,0.0001483213333333,0.0044300926666666,0.0017059976666666,0.001671317,0.003236566,0.0001208,0.0012790566666666,0.005418475
0.000229637,0.001601234,0.0010538376666666,0.000415475,0.0017244383333333,0.001071636,0.0010422153333333,0.0012162583333333,0.000485898,0.0005203093333333,0.0015764506666666
0.0027471013333333,0.007724223,0.0007814706666666,0.0046813893333333,0.0013875113333333,0.001019599,0.0015730106666666,0.003865669,0.0018340746666666,0.0057369716666666,0.0036949716666666
0.003285027,0.0010354293333333,0.0033971543333333,0.001671259,0.0024181953333333,0.0009077173333333,0.0073717016666666,0.01197723,0.000162762,0.0016831703333333,0.0125408166666667
6.66666666666667e-06,3.33333333333333e-06,3.93763333333333e-05,3.98133333333333e-06,0.000570661,0.0,0.004024125,3.6812e-05,0.0006152326666666,0.0034757986666666,1e-05
0.000956634,0.0012853783333333,0.0005906996666666,0.0003113526666666,0.001048046,0.0004676623333333,0.0019586223333333,0.0008332963333333,0.000529252,0.000572909,0.0006534846666666
0.008291814,0.0058597926666666,0.008792654,0.0020563726666666,0.008075348,0.0021494133333333,0.0079730943333333,0.0130993553333333,7.42316666666667e-05,0.0022681936666666,0.0219684653333333
