0.0053402356666666,0.0009373393333333,0.0005797776666666,0.0001730193333333,0.0021275986666666,0.0001306566666666,0.0024287886666666,0.001583755,8.0801e-05,0.0007631593333333,0.0030806823333333
0.0024270503333333,0.0103615056666667,0.002481444,0.001433991,0.0028410133333333,0.000970467,0.0088328296666666,0.002546225,0.000250744,0.0013989643333333,0.0059515153333333
0.0014174586666666,0.0048266413333333,0.001612689,0.0029180736666666,0.003188931,0.0043666406666666,0.0025354353333333,0.001508963,0.0029146203333333,0.001912539,0.0051431716666666
0.0011981133333333,0.001094374,0.0003074726666666,0.0008970553333333,0.0002676633333333,0.0003632656666666,0.0009607383333333,0.0002465556666666,3.33333333333333e-06,0.0001242273333333,0.0003938343333333
0.001469133,0.0051224276666666,0.000929093,0.0003330603333333,0.0039295486666666,0.0004927336666666,0.0044248806666666,0.0018477166666666,0.0001351736666666,0.002393869,0.0019335733333333
0.0004348693333333,0.002975729,0.0020444496666666,0.0003155916666666,0.0013877873333333,0.0005324923333333,0.0008089216666666,0.0009129366666666,1.01833333333333e-05,0.000196099,0.0011473343333333
0.0028533726666666,0.008673928,0.00448726,0.004528829,0.0033574653333333,0.0007729673333333,0.003483476,0.0047816883333333,0.001997154,0.007133474,0.0102844533333333
0.005410036,0.0079812283333333,0.0045490606666666,0.001390751,0.0046979853333333,0.0021314306666666,0.009363966,0.0076129486666666,0.000209002,0.004338359,0.009719058
0.0,3.00333333333333e-05,0.0010924973333333,1.98913333333333e-05,7.40293333333333e-05,0.0,0.004887463,0.0001236993333333,0.0011862133333333,0.0031052426666666,2.37443333333333e-05
0.0016076286666666,0.0020025623333333,0.000364518,0.000672829,0.001001493,0.000761171,0.0127541473333333,0.0011021563333333,0.0004736006666666,0.0009156503333333,0.002211853
0.0180233903333333,0.0094626063333333,0.0089315773333333,0.0044273533333333,0.0041759183333333,0.0031301763333333,0.0160912753333333,0.0142485553333333,0.0005782506666666,0.0051443233333333,0.0229792316666667
