0.0033853866666666,0.0023524746666666,0.0,0.0038075263333333,0.0023205403333333,0.000885264,2.49773333333333e-05,0.0019059103333333,2.09233333333333e-05,4.7379e-05,0.0094066246666666
0.002509118,0.0191597296666667,0.0026846803333333,0.0150141146666667,0.0034108186666666,0.00135178,1.6417e-05,0.0033735203333333,1.2361e-05,0.0001979596666666,0.0033396773333333
0.0019153933333333,0.0130320893333333,0.001290757,0.0036876316666666,0.0029531163333333,0.000959192,5.67633333333333e-06,0.0023931836666666,0.000941869,0.0018322933333333,0.0050235286666666
0.004535739,0.000166775,4.028e-06,0.0146878163333333,0.0,0.0,3.90333333333333e-06,0.0007583033333333,3.33333333333333e-06,1.82666666666667e-05,0.0124880486666667
0.0021886,0.0190507963333333,0.001747342,0.0070367476666666,0.003736832,0.0007777483333333,3.33333333333333e-06,0.004286585,3.54313333333333e-05,3.6092e-05,0.0117617123333333
0.0007735026666666,0.0053815193333333,0.0012588253333333,0.002871966,0.0012318656666666,0.0003120463333333,0.0,0.0009671583333333,3.33333333333333e-06,3.33333333333333e-06,0.001543742
0.002459301,0.0012823276666666,0.0017206096666666,0.0275261763333333,1.96356666666667e-05,1.15143333333333e-05,0.0031021126666666,0.0081070546666666,0.001677189,0.0041494143333333,0.0116347616666667
0.0058155976666666,0.0099869093333333,0.0036805963333333,0.0170513293333333,0.0037900716666666,0.002337056,4.1148e-05,0.0362377466666667,1.33333333333333e-05,0.0004982683333333,0.0112102873333333
6.2965e-05,7.1143e-05,0.0011195346666666,0.0005093946666666,0.0,2.17856666666667e-05,0.005385351,0.0001788633333333,0.0016505726666666,0.0067737666666666,6.06483333333333e-05
0.000751572,0.0003939716666666,0.0015525403333333,0.0051948976666666,4.3593e-05,0.0003977866666666,0.0036005536666666,0.0012306516666666,0.0007139146666666,0.000322125,0.001044161
0.014930986,0.013494912,0.001159268,0.0263402143333333,0.006111787,0.0016764733333333,1e-05,0.019027732,1.34203333333333e-05,0.000604798,0.0398216633333333
