0.00095906,0.000453989,0.0003354313333333,7.7375e-05,0.0034742206666666,4.07066666666667e-05,0.000812269,0.0007550786666666,6.66666666666667e-06,0.001230128,0.0042455443333333
0.000726635,0.008245627,0.000967249,0.0005456926666666,0.013732259,0.000433232,0.0044097213333333,0.0010678513333333,3.0829e-05,0.000785703,0.0014809933333333
0.000380472,0.0074296236666666,0.0015842433333333,0.002157253,0.004269051,0.0037734983333333,0.003248275,0.0023464306666666,0.001992424,0.0015253243333333,0.0039800086666666
0.000219196,0.0017034386666666,6.8102e-05,0.0019933136666666,0.000550744,7.76993333333333e-05,0.000510979,0.0006583803333333,3.33333333333333e-06,0.0001485453333333,0.000155092
0.001282054,0.0097509433333333,0.001230558,0.0003428116666666,0.001512244,0.0006588006666666,0.001154592,0.002487432,5.3556e-05,0.000872286,0.0013960936666666
0.000124851,0.002218981,0.001934353,0.0003385293333333,0.00185038,0.0014580116666666,0.0006935716666666,0.0004937656666666,0.0003138946666666,0.001151144,0.0008055913333333
0.0012479843333333,0.0143602503333333,0.000983087,0.000228018,0.0012321433333333,0.00049836,0.0024363993333333,0.0045878246666666,0.0013135753333333,0.0042202956666666,0.0015754703333333
0.001730312,0.0012153223333333,0.0036104316666666,0.0004587616666666,0.0036620216666666,0.0006934683333333,0.0092529066666666,0.0116267383333333,9.14003333333333e-05,0.0035425226666666,0.005549666
3.33333333333333e-06,0.0,0.0003798323333333,4.63866666666667e-06,2.61156666666667e-05,3.33333333333333e-06,0.004055221,3.37946666666667e-05,0.000746223,0.0030601426666666,8.70133333333333e-06
0.000829306,0.002941622,0.000274875,0.0001158523333333,0.0005486633333333,0.0001323076666666,0.0019348203333333,0.0018997733333333,0.0002948533333333,0.000749951,0.0006321806666666
0.0098116003333333,0.0059646426666666,0.0070327933333333,0.0011570383333333,0.0052956223333333,0.000935553,0.0084146483333333,0.017240392,0.0007995053333333,0.0033400156666666,0.0367449933333333
