0.0041947313333333,0.0044753873333333,0.0003907923333333,0.0002944396666666,0.0040495793333333,0.0006410366666666,0.0031986845,0.0016468246666666,0.0002428215,0.001629446,0.0053220003333333
0.0037716126666666,0.0104093956666667,0.0019979463333333,0.002074228,0.0096186406666666,0.0039269836666666,0.0073136883333333,0.0022681486666666,0.0007567063333333,0.004189121,0.004742308
0.000678579,0.0029357053333333,0.0006047796666666,0.0016475603333333,0.0019504893333333,0.0015016916666666,0.001032881,0.0013960176666666,0.000613019,0.001340609,0.0040692223333333
0.0006208726666666,0.0019794116666666,0.0006327566666666,0.002960075,0.0014248446666666,0.0006073643333333,0.0072619886666666,0.0005569086666666,0.0,0.0008995996666666,0.001033873
0.0019834113333333,0.0080052433333333,0.0009521936666666,0.0006346146666666,0.0024480803333333,0.00079454,0.0014656433333333,0.0016479286666666,0.0005152816666666,0.0045302056666666,0.0043730233333333
0.0006263453333333,0.0028446113333333,0.0011914856666666,0.000614164,0.0036472373333333,0.0010471536666666,0.0009778863333333,0.0005512413333333,0.0002904336666666,0.0011394543333333,0.0019666146666666
0.0009704846666666,0.009316147,0.0019080016666666,0.001949657,0.0019837506666666,0.0009034263333333,0.0009157,0.0048401633333333,0.0023169383333333,0.006857622,0.0064188323333333
0.0052529793333333,0.003817404,0.0017304073333333,0.0016266913333333,0.005062434,0.0018761823333333,0.0076267033333333,0.0212239966666667,0.0005405583333333,0.00339172,0.0177715546666667
6.66666666666667e-06,3.33333333333333e-06,0.0033415833333333,0.0,4.14393333333333e-05,0.0,0.001392897,2.08103333333333e-05,0.0008642573333333,0.0030235266666666,1.34896666666667e-05
0.0039813683333333,0.006675974,0.0024679336666666,0.0026480283333333,0.0117671866666667,0.004068618,0.0081308573333333,0.003324718,0.000746693,0.0034733976666666,0.0122037346666667
0.0086536783333333,0.0072693966666666,0.005824955,0.0030446476666666,0.007015956,0.0025345886666666,0.0081589463333333,0.0174315863333333,0.000403465,0.006951377,0.020809598
