0.0033562953333333,0.0018034523333333,0.000385114,0.000276924,0.0014692176666666,0.000380329,0.0026464901666666,0.0007049436666666,2.51405e-05,0.0008836786666666,0.0020028446666666
0.0014646126666666,0.0071386086666666,0.001729159,0.0010724483333333,0.004322789,0.0011219293333333,0.0041896203333333,0.0019641266666666,0.0004745176666666,0.0009547453333333,0.0030517936666666
0.000475358,0.0128180276666667,0.001344528,0.003089994,0.0036582386666666,0.0024718413333333,0.0023074103333333,0.001426427,0.0011669636666666,0.004192475,0.005512256
0.0002087803333333,0.0010441703333333,0.0001303513333333,0.002644103,0.0005296913333333,0.0003987736666666,0.0014749753333333,0.0003732193333333,0.0004929776666666,0.0002247576666666,0.0009895043333333
0.0012981623333333,0.004500288,0.000815695,5.49606666666667e-05,0.0043144573333333,0.0006497283333333,0.0024895816666666,0.0002802043333333,0.000175753,0.002415025,0.0005880953333333
0.000689344,0.0018845466666666,0.000624788,0.0004840836666666,0.0020094753333333,0.0016745553333333,0.000907621,0.0002012663333333,0.0003341643333333,0.0007786536666666,0.001539677
0.002419552,0.0065339603333333,0.001205337,0.000318601,0.001532691,0.0006416666666666,0.0022919786666666,0.005308851,0.003110794,0.0051492353333333,0.006172381
0.0021855776666666,0.0041628196666666,0.0030329366666666,0.0006197,0.001248458,0.001752259,0.007737313,0.0084710533333333,0.0001304623333333,0.0038793366666666,0.0054668996666666
0.0,6.66666666666667e-06,0.0007578716666666,0.0,2.00776666666667e-05,0.0001136226666666,0.0042316613333333,3.63883333333333e-05,0.001075539,0.00504255,6.66666666666667e-06
0.00085109,0.006548146,0.000424087,0.000263702,0.0003114526666666,0.0012404123333333,0.0013314633333333,0.000678332,0.0011770043333333,0.001406854,0.001108384
0.0217047216666667,0.012479897,0.0080765493333333,0.004938414,0.003152784,0.0018123656666666,0.00815687,0.017229291,0.000163893,0.007580722,0.02188245
