0.0031354216666666,0.0024494523333333,0.0006230726666666,0.0022814873333333,0.002032192,0.0003571253333333,0.0015042081666666,0.0005458786666666,1.99905e-05,0.001132532,0.0032876663333333
0.0018165813333333,0.00685074,0.0011800786666666,0.00127631,0.0062271816666666,0.0019396626666666,0.0047142076666666,0.0016768756666666,0.0003475586666666,0.0010727373333333,0.001999386
0.0007599026666666,0.0096318066666666,0.001100231,0.0022150023333333,0.003647835,0.003003563,0.005409445,0.0013558176666666,0.002330323,0.0027484656666666,0.0075359896666666
0.0004499703333333,0.0008010616666666,0.0002255033333333,0.0052021923333333,0.0001260743333333,0.0001919053333333,0.000875935,0.000447169,9.43346666666667e-05,0.0013822183333333,0.0002078856666666
0.0006669626666666,0.0071203816666666,0.001029414,0.0002889636666666,0.000752677,0.0003397616666666,0.0033711606666666,0.00201308,0.0002574483333333,0.0012145396666666,0.0017673866666666
0.000579093,0.0020506056666666,0.0007817146666666,0.000447506,0.0019513193333333,0.0012018913333333,0.0027674453333333,0.0005227816666666,0.0003692493333333,0.000512447,0.0009862156666666
0.0028129,0.0110274673333333,0.004168845,0.0010469003333333,0.0018244473333333,0.0006038376666666,0.0019673343333333,0.0034742063333333,0.0031620776666666,0.0033038686666666,0.014404613
0.0045383203333333,0.002125772,0.003773906,0.0009571776666666,0.0018186066666666,0.000762904,0.0091290093333333,0.0098511146666666,0.000603878,0.0028959183333333,0.0101923313333333
3.33333333333333e-06,3.33333333333333e-06,0.0005727886666666,0.0,0.0001352333333333,2.20813333333333e-05,0.0046954596666666,7.8451e-05,0.0011567336666666,0.005114028,1.37373333333333e-05
0.0008641133333333,0.0015627926666666,0.0011051976666666,0.0005452663333333,0.000608738,0.0014142363333333,0.001882699,0.00145549,0.0006037896666666,0.00066989,0.0007431736666666
0.021097006,0.0174020733333333,0.0066717223333333,0.0033846566666666,0.0092245026666666,0.0016510203333333,0.0150001183333333,0.0166361806666667,0.0014023813333333,0.004578091,0.0423259366666667
