0.0029328966666666,0.0028941693333333,1.41776666666667e-05,0.05914781,0.004728535,0.000921303,1.1041e-05,0.002320522,0.0,2.04616666666667e-05,0.006924335
0.0060510513333333,0.0143541056666667,0.003186457,0.0168043656666667,0.0087923813333333,0.0026511506666666,2.30773333333333e-05,0.0041435376666666,1.33333333333333e-05,0.0001762313333333,0.0051766203333333
0.0010481983333333,0.006460657,0.002476323,0.0079730646666666,0.0045509543333333,0.0030159003333333,0.0,0.0037452893333333,0.0020175483333333,3.39773333333333e-05,0.0048628463333333
0.003788826,0.000198788,3.33333333333333e-06,0.0197554716666667,1.52386666666667e-05,3.33333333333333e-06,0.0,0.0012458386666666,0.0,5.06003333333333e-05,0.013908299
0.0047182393333333,0.017677409,0.002577985,0.016315421,0.005648034,0.0030720553333333,0.0,0.00679228,1.63926666666667e-05,6.29806666666667e-05,0.0036812403333333
0.0008635366666666,0.0036362706666666,0.0007648603333333,0.003071542,0.002112559,0.001006446,3.33333333333333e-06,0.001465088,3.33333333333333e-06,2.5436e-05,0.0019487733333333
0.0026075076666666,0.0010037796666666,0.0021278106666666,0.0244100673333333,4.2964e-05,1.82996666666667e-05,0.0086290343333333,0.009455383,0.001363185,0.0037709196666666,0.0127737723333333
0.0051716136666666,0.012264023,0.0040153376666666,0.018277334,0.0090491843333333,0.0024250616666666,3.33133333333333e-05,0.0305955053333333,3.33333333333333e-06,0.0004049606666666,0.0164383433333333
0.0002176043333333,0.0003452636666666,0.0017890713333333,0.001562558,6.66666666666667e-06,5.4554e-05,0.00442118,0.0006412743333333,0.0018513586666666,0.006484647,0.000118713
0.001502293,0.002761682,0.0009492746666666,0.005593755,4.17266666666667e-05,0.000660922,0.0042390746666666,0.0018331483333333,0.0007026096666666,0.0009856836666666,0.0037313856666666
0.012159198,0.014208884,0.0004484016666666,0.0376619466666667,0.0076308996666666,0.0016916456666666,3.15063333333333e-05,0.0267933486666667,5.18196666666667e-05,0.00038599,0.0376906366666667
