0.0042460403333333,0.001203196,0.0025738203333333,5.8886e-05,0.0029732486666666,3.9986e-05,0.0015146456666666,0.0002259553333333,2.55433333333333e-06,0.0004454946666666,0.0030206223333333
0.0005394216666666,0.0100908213333333,0.0019436676666666,0.0005715656666666,0.0027410336666666,0.000638735,0.0081189,0.001064026,0.0001857883333333,0.00094329,0.0018664673333333
0.0003202213333333,0.0050779916666666,0.0017049283333333,0.0020974586666666,0.003394992,0.002440382,0.001976111,0.0044476186666666,0.000922259,0.0019372893333333,0.0040666323333333
0.0024361513333333,0.001990111,8.73163333333333e-05,0.0010881213333333,7.19923333333333e-05,7.58613333333333e-05,0.0015514026666666,0.000543046,0.0,0.0002072616666666,0.000240293
0.0012801833333333,0.004834105,0.0025717873333333,0.00024982,0.0082960293333333,0.000606851,0.0048710346666666,0.003333752,7.66166666666667e-05,0.0016042653333333,0.002124497
0.0001103,0.0018073803333333,0.0016431106666666,0.0005289266666666,0.001287505,0.0011589083333333,0.0010678573333333,0.0002236426666666,0.000240463,0.0003800786666666,0.0010767963333333
0.0048683946666666,0.009742267,0.001643258,0.0006926633333333,0.0024142756666666,0.0007950516666666,0.0012883303333333,0.0054786806666666,0.0021655423333333,0.0045630593333333,0.0091890143333333
0.002754312,0.0045629616666666,0.0038223926666666,0.0016128063333333,0.0036138906666666,0.000447663,0.0110261303333333,0.00934191,0.000124983,0.0023807833333333,0.007241003
6.75663333333333e-05,4.2147e-05,7.95406666666667e-05,5.50666666666667e-06,0.0001588276666666,3.33333333333333e-06,0.003996064,1.8472e-05,0.0007768676666666,0.0027430716666666,1.65403333333333e-05
0.000920585,0.001990491,0.000357479,0.00015256,0.000698734,0.0002592053333333,0.002512946,0.001007149,0.001050911,0.000729394,0.0007891003333333
0.0147016346666667,0.0084758733333333,0.0070409503333333,0.002054687,0.0049669743333333,0.0023334963333333,0.012544021,0.017467762,0.0006746116666666,0.0029078516666666,0.0223331103333333
