0.0048284656666666,0.0006885893333333,0.0027822063333333,0.0001139603333333,0.0012664706666666,6.27066666666667e-05,0.002084544,0.0017028906666666,3.33333333333333e-06,0.0006579153333333,0.0055005543333333
0.0008027983333333,0.00615775,0.000324665,0.0008921616666666,0.0027417553333333,0.0006524933333333,0.0035095056666666,0.0021381926666666,2.5505e-05,0.000627143,0.0020071223333333
0.0010546376666666,0.0053395966666666,0.000746536,0.00182131,0.0026842723333333,0.0032679393333333,0.001030607,0.0017933923333333,0.001504755,0.0015107073333333,0.0046312366666666
0.0018614723333333,0.0008346843333333,8.00026666666667e-05,0.0020462376666666,4.95706666666667e-05,0.0001456806666666,0.0005461573333333,0.0015076753333333,0.0,0.000126141,0.001447861
0.0005436813333333,0.004807172,0.0007367836666666,0.0027901356666666,0.0005990393333333,0.0002252116666666,0.0012569013333333,0.0016573306666666,0.000113353,0.0024024826666666,0.0010357286666666
0.000127063,0.001762478,0.001011426,0.0001002473333333,0.0010974383333333,0.000681436,0.0004511553333333,0.000196474,0.0003097726666666,0.0001966486666666,0.000774061
0.0022805963333333,0.005495736,0.002803388,0.0014457246666666,0.0018623513333333,0.000351231,0.0021305266666666,0.0041851153333333,0.0029808906666666,0.002667557,0.001823471
0.0019889153333333,0.004345857,0.0039533496666666,0.0014369463333333,0.0019476683333333,0.000729678,0.0065076473333333,0.0100504563333333,0.0001695246666666,0.0037376303333333,0.0057429656666666
7.71133333333333e-05,3.33333333333333e-06,0.0002488043333333,3.33333333333333e-06,3.1548e-05,3.33333333333333e-06,0.005537726,4.90226666666667e-05,0.0010383546666666,0.00468285,5.256e-06
0.0013039246666666,0.0055115646666666,0.0003450546666666,0.000272095,0.000576277,0.0003828703333333,0.0024337976666666,0.0013030186666666,0.0003934063333333,0.000272473,0.0013753866666666
0.0136941616666667,0.011515449,0.0051063036666666,0.003120037,0.0065736433333333,0.0018794053333333,0.0046469203333333,0.016845577,0.000148198,0.0055276943333333,0.0238904396666667
