0.007611851,0.001781653,0.0003000923333333,0.0005094016666666,0.0032788313333333,0.000267979,0.0018692465,0.002009883,0.0005734745,0.0003318693333333,0.0052627216666666
0.003103169,0.0160281353333333,0.0003229636666666,0.0018974036666666,0.0038973563333333,0.0011862633333333,0.0093159696666666,0.0032631736666666,0.0006031486666666,0.0011257806666666,0.002985148
0.001176132,0.011126928,0.0007120803333333,0.003620558,0.0043086836666666,0.00228003,0.001155047,0.0045281106666666,0.001708332,0.002511191,0.006121687
0.0039049653333333,0.0017500503333333,0.0001160186666666,0.0020655506666666,0.0002855993333333,0.000747113,0.000632109,0.002253416,3.92046666666667e-05,0.0001286753333333,0.0018543156666666
0.003246613,0.0110894723333333,0.0023445316666666,0.0006966306666666,0.001228417,0.001036177,0.0017694143333333,0.0042244966666666,7.24706666666667e-05,0.0014263246666666,0.0046862433333333
0.000737601,0.0029780543333333,0.0001205613333333,0.0004539493333333,0.0024915036666666,0.000798043,0.000790981,0.0003963933333333,0.0002374756666666,0.0002678,0.0024484283333333
0.0021867826666666,0.01624444,0.0011040673333333,0.000499599,0.0023121906666666,0.0004061,0.002165371,0.004761467,0.0028918436666666,0.0021736963333333,0.0109723646666667
0.002766604,0.0014475426666666,0.00438868,0.0006784776666666,0.0043301006666666,0.0017030196666666,0.0085989993333333,0.0159372826666667,9.19293333333333e-05,0.0031217833333333,0.0083499246666666
9.51013333333333e-05,6.95066666666667e-06,0.0002482123333333,6.66666666666667e-06,4.38056666666667e-05,3.20136666666667e-05,0.0043236723333333,0.0005840516666666,0.0011637926666666,0.005557772,0.0001948143333333
0.0010698213333333,0.0037685246666666,0.00016385,0.00032244,0.0014020366666666,0.0008854483333333,0.0013601783333333,0.003507182,0.0008476906666666,0.002174576,0.0020523476666666
0.0206492823333333,0.008137452,0.0062640703333333,0.0036022783333333,0.0097785083333333,0.0030997016666666,0.0124847526666667,0.021735995,9.70456666666667e-05,0.004353783,0.0401187633333333
