0.005401348,0.0025408103333333,0.0,0.006167288,0.0035635706666666,0.0007706213333333,0.0,0.001349853,1e-05,0.0002505246666666,0.0048886523333333
0.004080102,0.01393669,0.0021783456666666,0.0171684396666667,0.0076090106666666,0.002359127,6.66666666666667e-06,0.0050512833333333,0.0,0.000240084,0.0044764626666666
0.001298308,0.007131828,0.0004360546666666,0.0041213526666666,0.0037593693333333,0.0012382943333333,6.73866666666667e-06,0.0017449346666666,0.0011234923333333,0.000306782,0.0055319023333333
0.0035596603333333,0.0001573563333333,3.56266666666667e-06,0.0159325703333333,6.66666666666667e-06,3.33333333333333e-06,6.66666666666667e-06,0.0004723053333333,0.0,6.66666666666667e-06,0.012476743
0.002733378,0.0143901973333333,0.0014224003333333,0.0083598663333333,0.004333437,0.0014369273333333,0.0,0.0080019453333333,2.16943333333333e-05,0.000361013,0.0061186203333333
0.0009534656666666,0.0041348896666666,0.0010494926666666,0.0022134843333333,0.001982165,0.000958906,0.0,0.0014742296666666,0.0,2.81393333333333e-05,0.002321589
0.0029547256666666,0.0015838446666666,0.0047105303333333,0.0241509556666667,2.60376666666667e-05,2.089e-05,0.001297865,0.0121103846666667,0.0010855493333333,0.0030178463333333,0.0111641223333333
0.004743767,0.0079412576666666,0.006540439,0.016589143,0.0089818406666666,0.0029691513333333,3.7782e-05,0.0274793476666667,6.66666666666667e-06,0.000216738,0.018127446
0.0002185213333333,0.0015620086666666,0.0002515673333333,0.00045323,3.33333333333333e-06,0.0001311633333333,0.0056952543333333,0.0001327426666666,0.0019555616666666,0.006352327,7.01483333333333e-05
0.0012322193333333,0.000119987,0.0010285526666666,0.0040715793333333,1.57533333333333e-05,0.0006071126666666,0.0034964056666666,0.001230533,0.0006195786666666,0.0001643643333333,0.001701983
0.0113094043333333,0.0120324643333333,0.001195217,0.0264892533333333,0.009619198,0.0022397946666666,1.86573333333333e-05,0.0220937146666667,6.66666666666667e-06,0.0014758356666666,0.0365101733333333
