0.0032393786666666,0.0007224696666666,0.0004145093333333,7.5246e-05,0.0013540206666666,9.2259e-05,0.121969733333333,0.0003943096666666,5.43313333333333e-05,0.0008854566666666,0.007648471
0.0016834733333333,0.0146228183333333,0.004657981,0.001054757,0.0019994363333333,0.0013553473333333,0.0073334596666666,0.0004316166666666,2.2275e-05,0.0006496923333333,0.0015492986666666
0.000393007,0.0056307536666666,0.0015726636666666,0.0019229233333333,0.0038250346666666,0.0030652703333333,0.0034602246666666,0.003288069,0.00183644,0.00335843,0.0059187026666666
0.000796278,0.0016547546666666,0.000311582,0.0003523346666666,6.92133333333333e-05,8.2941e-05,0.0013485316666666,0.0002489493333333,1.9444e-05,9.2781e-05,0.0007164946666666
0.001878017,0.006220894,0.0008574416666666,3.85266666666667e-05,0.001166219,0.0004555433333333,0.0041638753333333,0.001804359,4.39043333333333e-05,0.0015494653333333,0.0005760243333333
0.000354201,0.0030280613333333,0.001102754,0.000550897,0.0010855156666666,0.000544416,0.0011110433333333,0.0012089773333333,0.0003909603333333,0.000369049,0.001005519
0.0139747663333333,0.0668999533333333,0.0018520493333333,0.0004492276666666,0.001976019,0.0003133846666666,0.0020616303333333,0.0033026786666666,0.0007363813333333,0.003150839,0.0039445393333333
0.00208723,0.0036382446666666,0.0028373186666666,0.0004499343333333,0.001500909,0.0011829926666666,0.0080073686666666,0.010580384,0.000214924,0.0020716843333333,0.0094870966666666
2.70723333333333e-05,2.55343333333333e-05,0.000261958,5.08533333333333e-06,3.2921e-05,6.66666666666667e-06,0.002924582,0.000249142,0.0005561856666666,0.0030629203333333,3.33333333333333e-06
0.0007741296666666,0.0032830586666666,0.0006492066666666,7.5928e-05,0.000862131,0.0001091213333333,0.0024205473333333,0.0007343486666666,0.0001835296666666,0.0007886843333333,0.000623913
0.0149887096666667,0.0109017666666667,0.0085304493333333,0.0011810003333333,0.0051401796666666,0.001083171,0.0067054566666666,0.011607016,0.0003063083333333,0.003336063,0.03502377
