0.004151389,0.0029335173333333,0.0006710323333333,0.001391856,0.003136006,0.0009543966666666,0.0028218976666666,0.0017231586666666,0.0001865613333333,0.0007133686666666,0.0076323056666666
0.0024714623333333,0.0195804556666667,0.004388321,0.004889607,0.0157920946666667,0.002557514,0.0075670073333333,0.0041031423333333,0.0003640333333333,0.0015589503333333,0.0057751743333333
0.0011445923333333,0.0090399666666666,0.0014722216666666,0.0012832423333333,0.0042342806666666,0.002841114,0.0014959406666666,0.0029492303333333,0.0014437846666666,0.0013893623333333,0.0051981483333333
0.001191927,0.004257326,0.0006538113333333,0.001074111,0.000846764,0.000495237,0.0009148826666666,0.0013344973333333,0.000122943,0.000771111,0.0018752986666666
0.003137893,0.0191471556666667,0.0025902793333333,0.002384945,0.003212747,0.0019979426666666,0.003826305,0.0075950623333333,0.0007855376666666,0.0014055293333333,0.0100092453333333
0.0007671193333333,0.0049309656666666,0.001554196,0.0005839253333333,0.002965898,0.001692336,0.0010961023333333,0.0011068233333333,7.02683333333333e-05,0.0003165053333333,0.0018851416666666
0.0033697303333333,0.0200120273333333,0.0029504836666666,0.0022781953333333,0.00477689,0.001490169,0.0019871603333333,0.0111989066666667,0.0019847686666666,0.004011084,0.0145800533333333
0.0053909283333333,0.0105559976666667,0.0045406726666666,0.002656413,0.0078741273333333,0.0031475893333333,0.0105189053333333,0.04013491,0.0013089076666666,0.0039319596666666,0.021942106
2.0592e-05,0.0001461316666666,0.0002270716666666,8.59673333333333e-05,0.001072433,7.83253333333333e-05,0.0051253786666666,0.0001196513333333,0.001752058,0.0065171,8.20756666666667e-05
0.001729046,0.0052078146666666,0.0010820063333333,0.0006202473333333,0.001482106,0.000580982,0.003278454,0.0019735176666666,0.0012961746666666,0.0006259673333333,0.002090803
0.01474665,0.01588872,0.007324674,0.0032391786666666,0.0150313953333333,0.0042655696666666,0.015718138,0.028882919,0.0012152696666666,0.006577042,0.0595735
