0.003374065,0.000744401,0.0004395543333333,0.0004782836666666,0.0023788563333333,6.8162e-05,0.0016584933333333,0.0005215606666666,3.12706666666667e-05,0.0008003243333333,0.0031300883333333
0.001867052,0.0065637693333333,0.001312169,0.0013984293333333,0.0033080573333333,0.001679992,0.006419557,0.001644942,0.0003981663333333,0.0005180466666666,0.0032984573333333
0.0011405396666666,0.0057922946666666,0.0022392646666666,0.0023191363333333,0.0040013866666666,0.0037898246666666,0.0033174733333333,0.0025427856666666,0.001035587,0.0016773333333333,0.0048728646666666
0.0003455406666666,0.0009458593333333,0.0001305816666666,0.002751909,0.0009340413333333,0.0005818036666666,0.0014469443333333,0.000562613,0.0,0.000191112,0.0005136513333333
0.003105751,0.006954851,0.0014920836666666,0.0005729036666666,0.004686397,0.001176978,0.0039223256666666,0.0037521166666666,0.00077211,0.0016352166666666,0.0011348356666666
0.0002957846666666,0.0012390683333333,0.001246277,0.000816244,0.0018754436666666,0.0017271326666666,0.0015692563333333,0.0004367303333333,0.0003630156666666,0.0005329446666666,0.0018254876666666
0.0024745696666666,0.0179742043333333,0.0027886056666666,0.0014606316666666,0.0026973306666666,0.001066527,0.002856704,0.0043215463333333,0.0014729416666666,0.0038865893333333,0.0039844586666666
0.0021691556666666,0.0013445663333333,0.0032753763333333,0.0010484063333333,0.002071298,0.001953746,0.009046348,0.009184455,0.0005002533333333,0.0029606803333333,0.0053295096666666
5.5964e-05,0.0,0.0011348583333333,0.0002993546666666,5.77543333333333e-05,0.0,0.005888491,3.63453333333333e-05,0.0015489266666666,0.0047993636666666,4.55173333333333e-05
0.0016877323333333,0.0016663496666666,0.0005042196666666,0.0004333433333333,0.0005709126666666,0.0004529836666666,0.0192134256666667,0.0017473776666666,0.0006524146666666,0.0034046186666666,0.0014209156666666
0.0102990896666667,0.0086149543333333,0.0099654606666666,0.0040623646666666,0.007744726,0.001529652,0.007874591,0.0213255016666667,0.0003711,0.0069094913333333,0.026206974
