0.0044318886666666,0.0016912953333333,0.0009475313333333,0.0021152893333333,0.0017727743333333,0.0002884486666666,0.0029340478333333,0.0005044426666666,6.8855e-06,0.000539065,0.0036314186666666
0.00090932,0.0070310556666666,0.0031621576666666,0.0005340003333333,0.0039028066666666,0.0009900646666666,0.0054988343333333,0.0011758136666666,0.0001052066666666,0.0006404063333333,0.0024831503333333
0.0005803366666666,0.004138581,0.0012205473333333,0.0014079366666666,0.003558286,0.002072795,0.0009106836666666,0.0023937533333333,0.0010640913333333,0.001891065,0.0045930296666666
0.0006209116666666,0.00053709,0.000134218,0.000819023,0.0008778886666666,0.0001049576666666,0.000795963,0.000347732,6.66666666666667e-06,0.0002593683333333,0.0013792386666666
0.001801529,0.006737112,0.0016113913333333,0.0012314086666666,0.0005975623333333,0.0005979123333333,0.0019133843333333,0.0040659553333333,6.7819e-05,0.0011644686666666,0.001764462
0.0001392233333333,0.001503259,0.0011781876666666,0.0004985756666666,0.0010540966666666,0.000678697,0.000920822,0.000167496,0.0002041476666666,0.000474008,0.0009926953333333
0.001349758,0.0096184833333333,0.0007859373333333,0.0036210013333333,0.0016208956666666,0.0005038893333333,0.0019754396666666,0.006247927,0.0015226033333333,0.0027882806666666,0.04934919
0.0028324313333333,0.0029357946666666,0.00327516,0.0007042236666666,0.0018097756666666,0.0007012816666666,0.0058955913333333,0.010377194,0.0001550016666666,0.002875347,0.0090925733333333
3.33333333333333e-06,2.55986666666667e-05,0.000656074,6.66666666666667e-06,3.607e-05,0.0,0.0039429206666666,3.44426666666667e-05,0.000562152,0.0035092956666666,1e-05
0.000805694,0.0016449913333333,0.0010516783333333,0.0001712953333333,0.0006993033333333,0.0003092946666666,0.0043208043333333,0.0008541603333333,0.0003358646666666,0.000428857,0.000607367
0.018657378,0.005067524,0.0082511403333333,0.002056476,0.0038256126666666,0.0014760723333333,0.0063594926666666,0.015973551,0.0001339506666666,0.00326461,0.0183314836666667
