0.003206938,0.0015168416666666,0.000519419,0.0006202243333333,0.0027250626666666,0.000662026,0.0014566706666666,0.0008504473333333,7.45553333333333e-05,0.0003542523333333,0.006926148
0.0021207896666666,0.0182037833333333,0.0036797493333333,0.0048806846666666,0.0051773243333333,0.002013933,0.0076406473333333,0.002137057,0.0003386816666666,0.0015679166666666,0.0030752246666666
0.0007000196666666,0.0088844966666666,0.0016568936666666,0.001505178,0.0032528016666666,0.0037345136666666,0.0007576913333333,0.003081338,0.0012910943333333,0.0022083553333333,0.0053150223333333
0.0006634036666666,0.004180765,0.000495884,0.0007014506666666,0.0013841416666666,0.0004761663333333,0.0019584276666666,0.0006294316666666,0.0001171186666666,0.0002541583333333,0.000657965
0.0023977516666666,0.0179967406666667,0.0016808703333333,0.0005804533333333,0.0035987293333333,0.001500091,0.0054191813333333,0.0037140873333333,0.0001454783333333,0.0017594606666666,0.0042795326666666
0.0004208223333333,0.0058042973333333,0.001254263,0.0005234016666666,0.002613998,0.0013063566666666,0.000701599,0.0008684766666666,3.62436666666667e-05,0.0002482363333333,0.001178465
0.0018638183333333,0.0199038966666667,0.0037475376666666,0.001208075,0.0059495273333333,0.0012412483333333,0.0014792836666666,0.0078334796666666,0.0013279206666666,0.003600143,0.0113483016666667
0.0041326383333333,0.0075283053333333,0.005273317,0.001790613,0.0086338693333333,0.0027439426666666,0.0100962283333333,0.023895449,0.000614062,0.0044775156666666,0.0140633146666667
1.38523333333333e-05,0.000111745,0.0001738613333333,3.8405e-05,0.000113562,3.2769e-05,0.0057924106666666,0.000303124,0.0017343683333333,0.0068906716666666,9.46586666666667e-05
0.0009521803333333,0.0034184886666666,0.0002476433333333,0.0002180606666666,0.0008447876666666,0.00017055,0.0048196353333333,0.0010675746666666,0.0009436506666666,0.0007633233333333,0.000919242
0.0106180813333333,0.011335583,0.0083137863333333,0.003190848,0.00785944,0.001292538,0.011740735,0.019854301,0.0002689883333333,0.003408995,0.0577489433333333
