0.005466922,0.005376247,2.84696666666667e-05,0.0080749766666666,0.0044070863333333,0.000778077,3.33333333333333e-06,0.0024316536666666,2.63873333333333e-05,7.2684e-05,0.0108740373333333
0.0054567903333333,0.0189068006666667,0.004141407,0.0187219186666667,0.008808358,0.0032598366666666,0.6065534,0.005670872,2.405e-05,0.0001851543333333,0.0074019983333333
0.0022172723333333,0.012947655,0.001145646,0.0117502693333333,0.0069321196666666,0.001604013,1.4155e-05,0.0035335223333333,0.003183997,0.00016254,0.0058684326666666
0.006546678,0.0003158206666666,2.4771e-05,0.0233401476666667,8.70966666666667e-06,1.66666666666667e-05,3.33333333333333e-06,0.00105812,0.0,1.33333333333333e-05,0.021327249
0.0039388843333333,0.019857615,0.0029124006666666,0.0144827506666667,0.0079503646666666,0.002926519,8.382e-05,0.0108420293333333,0.0001000593333333,0.0004661036666666,0.0103670613333333
0.0011939116666666,0.0051502446666666,0.0019077746666666,0.003102349,0.0017404183333333,0.0016320673333333,0.0,0.0011801543333333,2.37356666666667e-05,4.96913333333333e-05,0.0022301503333333
0.0053923996666666,0.0025722083333333,0.005352922,0.0269832166666667,0.0005049613333333,0.00023789,0.001683124,0.012506175,0.0018052976666666,0.0063628733333333,0.018904083
0.008986694,0.011564649,0.005010984,0.0235278753333333,0.0097276376666666,0.0039065283333333,7.8393e-05,0.0377732266666667,0.0001319536666666,0.0004361546666666,0.0214330533333333
0.00030054,9.49893333333333e-05,0.0004147743333333,0.0012488223333333,0.0,8.32956666666667e-05,0.005721319,0.0008657703333333,0.002734959,0.0071108103333333,0.0004046596666666
0.0022802986666666,0.0005247303333333,0.0016359313333333,0.0076986216666666,6.04113333333333e-05,0.0007621896666666,0.0054869206666666,0.002062095,0.000916906,0.000180086,0.002822613
0.0208843633333333,0.0139395653333333,0.001893681,0.03968239,0.0099636966666666,0.0039096136666666,3.8724e-05,0.025975946,3.3574e-05,0.0006666106666666,0.0727969366666667
