0.0030216323333333,0.0006456716666666,0.0004139896666666,0.0030763933333333,0.001428889,7.132e-05,0.0027276688333333,0.0005601166666666,8.23015e-05,0.0005559666666666,0.0043824873333333
0.0005632513333333,0.0108597943333333,0.0063508706666666,0.0003419933333333,0.002113287,0.000566907,0.0079890786666666,0.0013542406666666,1.72366666666667e-05,0.001948415,0.001887225
0.000192355,0.006050608,0.0005254313333333,0.001372426,0.003695878,0.0009635816666666,0.0014239266666666,0.001459283,0.0011620543333333,0.0009810446666666,0.0040507313333333
0.000331139,0.0011449273333333,0.0001401613333333,0.000652703,0.0003750296666666,5.50106666666667e-05,0.00062454,0.0004120086666666,0.0,6.78443333333333e-05,0.000240674
0.0012350803333333,0.0077872956666666,0.0019311536666666,3.38293333333333e-05,0.003366712,0.0002765433333333,0.0051199136666666,0.0018896603333333,0.000119639,0.0016895526666666,0.000715725
0.0001497806666666,0.0035747516666666,0.0014030873333333,0.0005304236666666,0.0016164626666666,0.000738457,0.00044361,0.0002794076666666,0.000307351,0.0004206993333333,0.0010096863333333
0.000756195,0.013092565,0.000998736,0.0005993003333333,0.00188732,0.0004559516666666,0.0026898993333333,0.0050836776666666,0.0010475353333333,0.0031907983333333,0.006530223
0.002053653,0.0035964683333333,0.0032330556666666,0.000645497,0.0031467606666666,0.000742566,0.008422954,0.0097138806666666,0.0001633696666666,0.0028359023333333,0.0133024043333333
4.36266666666667e-06,5.98353333333333e-05,0.0002556916666666,5.30933333333333e-06,4.57443333333333e-05,3.33333333333333e-06,0.0038063523333333,2.00613333333333e-05,0.0004839536666666,0.002598636,2.01693333333333e-05
0.0008019356666666,0.0024648036666666,0.0003617953333333,5.27446666666667e-05,0.001437639,0.000497765,0.0022027583333333,0.0010178206666666,0.0011196636666666,0.0003397726666666,0.000857821
0.0110508293333333,0.0084380656666666,0.0084393326666666,0.0054539126666666,0.002821926,0.000958878,0.010299523,0.0118343926666667,0.0008219806666666,0.003984858,0.03958792
