0.004852489,0.0046857503333333,0.00270793,0.0006285693333333,0.003393017,0.0009791366666666,0.0015799703333333,0.0021265656666666,0.0002131523333333,0.0006608883333333,0.009549345
0.002914265,0.0165321526666667,0.002711052,0.0029897653333333,0.0095730703333333,0.0044554226666666,0.005446966,0.00291182,0.000900808,0.0019080823333333,0.0039648336666666
0.0013088156666666,0.009726145,0.000907552,0.0020389163333333,0.006007147,0.001333611,0.0016808156666666,0.0019973583333333,0.0015033666666666,0.0022838046666666,0.0071713556666666
0.0006210613333333,0.004901468,0.0003779496666666,0.001573454,0.001779151,0.000501607,0.0007463753333333,0.000999704,0.0002173533333333,0.0005210326666666,0.0010615516666666
0.004005098,0.0215292086666667,0.0036237873333333,0.0025200316666666,0.004130002,0.0024393886666666,0.0021462023333333,0.0046801046666666,0.0015754826666666,0.002585187,0.006258915
0.0004236026666666,0.0047114936666666,0.001397581,0.0006085543333333,0.0031785053333333,0.00079943,0.000733139,0.0014146666666666,0.0003665606666666,0.001292379,0.001049678
0.0050087393333333,0.0205313013333333,0.004089134,0.0013673473333333,0.0065052213333333,0.0015218656666666,0.0023328326666666,0.007334657,0.0011275933333333,0.002956724,0.0068781483333333
0.0064213886666666,0.0102858563333333,0.0055005833333333,0.004466944,0.0074555273333333,0.0039354896666666,0.0087233493333333,0.0281972416666667,0.0028093663333333,0.0052156596666666,0.016721928
5.5269e-05,0.0006708603333333,0.0015639033333333,0.000184539,0.0002827393333333,0.0002756936666666,0.005628887,0.0005429226666666,0.001925994,0.0055473366666666,0.000189768
0.002435116,0.007911148,0.0012865966666666,0.000761889,0.002770097,0.0015334323333333,0.0048925206666666,0.0025696773333333,0.001804976,0.0005698806666666,0.0027172866666666
0.0147110373333333,0.0150828146666667,0.0126376236666667,0.0050874333333333,0.009887388,0.0048719273333333,0.010615978,0.0323512256666667,0.0021042763333333,0.0068051066666666,0.0392528033333333
