0.0052619916666666,0.000428271,0.000448793,0.0001064813333333,0.003557994,0.0011210706666666,0.0014177906666666,0.000827254,1.66666666666667e-06,0.001659661,0.0038174316666666
0.0018174116666666,0.0054623573333333,0.0008999116666666,0.0006805136666666,0.0085129856666666,0.0021239003333333,0.005005503,0.0020593116666666,3.20613333333333e-05,0.0005756026666666,0.0062791643333333
0.00034189,0.008849646,0.0024775763333333,0.0028191673333333,0.0045163906666666,0.003798587,0.002467423,0.0017454193333333,0.0021725806666666,0.0022893883333333,0.0043608436666666
0.0021253166666666,0.001322916,0.000172171,0.0016787613333333,0.0002089443333333,6.6917e-05,0.001290137,0.000570975,0.0,0.000306001,0.000229147
0.0023382903333333,0.007528143,0.000739123,0.000504166,0.000680063,0.0002508523333333,0.0020236113333333,0.0034496893333333,0.0001744116666666,0.0010258103333333,0.0014357753333333
0.0001699476666666,0.0013013753333333,0.001273559,0.000503137,0.0018526606666666,0.0017018233333333,0.0011696693333333,0.000475942,0.0005054916666666,0.0009008043333333,0.000871255
0.003116559,0.0134300923333333,0.0026283366666666,0.0002557686666666,0.001548246,0.0003926826666666,0.0026317846666666,0.0052839176666666,0.000939255,0.0028872933333333,0.004390061
0.0013683583333333,0.0013941953333333,0.002926458,0.0016512406666666,0.0017009906666666,0.0006817006666666,0.010555579,0.0104692013333333,0.000267729,0.0024207396666666,0.0043222713333333
7.67066666666667e-06,0.0,0.001323641,6.816e-06,0.0004272033333333,3.33333333333333e-06,0.0044099206666666,5.12283333333333e-05,0.0005976296666666,0.0033246726666666,1e-05
0.0009024093333333,0.0021062593333333,0.0006198746666666,0.000217281,0.0006938,0.0001290626666666,0.0029661563333333,0.0013660653333333,0.0006408063333333,0.0009237606666666,0.000693874
0.0077867216666666,0.005903327,0.00586247,0.001205548,0.006943595,0.003037705,0.0096770526666666,0.0208606083333333,0.000507401,0.006385794,0.03705872
