0.003811795,0.0009760196666666,0.0004880023333333,0.0001505706666666,0.001078927,0.000221032,0.0010597066666666,0.0010795063333333,1.66666666666667e-06,0.0004646843333333,0.0034115966666666
0.0056391386666666,0.0105635243333333,0.0014114003333333,0.000632207,0.0028926673333333,0.0009463736666666,0.005117563,0.0013179226666666,7.7644e-05,0.0015176366666666,0.001815927
0.0021780503333333,0.004878705,0.002302101,0.0026723653333333,0.0021094213333333,0.0016163153333333,0.002188519,0.0007996406666666,0.0008914073333333,0.0013473286666666,0.004666501
0.0019182096666666,0.0020636646666666,0.000216872,0.0006144753333333,0.000933323,7.10196666666667e-05,0.0011999176666666,0.0003568183333333,0.0,0.000254868,0.0004639846666666
0.004083054,0.0065629603333333,0.001182094,7.6752e-05,0.0018846686666666,0.0004766746666666,0.0012339443333333,0.001865175,1.58153333333333e-05,0.0008554,0.002732703
0.0004763493333333,0.002401751,0.0011112976666666,0.0002964496666666,0.000962982,0.0008110596666666,0.0004639043333333,0.0004635973333333,4.241e-06,0.0001510443333333,0.0014647456666666
0.0039390013333333,0.0117351376666667,0.0049468583333333,0.0005979053333333,0.0022692303333333,0.000325832,0.0012485793333333,0.0068080566666666,0.0003378693333333,0.0034026843333333,0.013927539
0.0086913876666666,0.005266399,0.003302973,0.0004093296666666,0.0024318876666666,0.0011280986666666,0.0066244243333333,0.0121935476666667,0.0002717873333333,0.003143239,0.007155848
3.33333333333333e-06,4.37103333333333e-05,0.000129856,6.66666666666667e-06,0.0007181646666666,3.33333333333333e-06,0.0055289593333333,8.13183333333333e-05,0.001046912,0.0021190356666666,1.05063333333333e-05
0.0012842076666666,0.002607101,0.0001374733333333,0.000464823,0.000716203,8.69886666666667e-05,0.0024054926666666,0.0008977756666666,0.0003326,0.000289449,0.0011371503333333
0.0138809093333333,0.0093555716666666,0.0060882643333333,0.0018867953333333,0.0071735333333333,0.0015805096666666,0.0138338936666667,0.0191887873333333,3.848e-05,0.0039494396666666,0.029776025
