0.003557463,0.0023790106666666,0.00156521,0.00225912,0.0055483743333333,0.002349189,0.002038853,0.0016251546666666,0.000296527,0.0007671653333333,0.009086379
0.004460097,0.0212946783333333,0.0036618333333333,0.002897394,0.009127593,0.004779358,0.0065059283333333,0.004290665,0.00092666,0.001897087,0.005109336
0.0011125536666666,0.0085943666666666,0.0022658763333333,0.0029373983333333,0.00483551,0.0029066546666666,0.0016039613333333,0.003582462,0.00226918,0.0015718966666666,0.0064895443333333
0.0006272053333333,0.0028911683333333,0.000791535,0.001468555,0.00102186,0.0008535283333333,0.001539449,0.0006109703333333,0.0004072183333333,0.0005033913333333,0.0107707406666667
0.003540566,0.018552089,0.0030079536666666,0.001247749,0.0024864903333333,0.0024832036666666,0.0041047653333333,0.006044954,0.0007009133333333,0.002063661,0.0041883696666666
0.0007435746666666,0.0051390666666666,0.0016202563333333,0.0006487476666666,0.0024780253333333,0.0015075843333333,0.0006580133333333,0.0012889713333333,0.0002648096666666,0.000502759,0.0013454673333333
0.0028409646666666,0.016843868,0.005315495,0.0033442873333333,0.0067455666666666,0.0017695313333333,0.00153303,0.0087726453333333,0.0021629706666666,0.004194781,0.0133910236666667
0.0072738163333333,0.010167459,0.006947865,0.0025715323333333,0.0058250323333333,0.0040613613333333,0.0114549073333333,0.0269822866666667,0.0019623993333333,0.0065901863333333,0.028262124
7.75743333333333e-05,0.0011243646666666,0.001768772,8.93783333333333e-05,0.000567463,0.000158425,0.0053275823333333,0.000391043,0.002562538,0.0061077806666666,0.0004790256666666
0.001271876,0.0058596913333333,0.0023483713333333,0.0011733763333333,0.0017807593333333,0.0009982693333333,0.0040299913333333,0.001964478,0.0013746426666666,0.000791761,0.0015535183333333
0.018729164,0.0171196036666667,0.0099615796666666,0.0049113296666666,0.00696528,0.0054568233333333,0.0132116616666667,0.0198889376666667,0.0020985596666666,0.0063819793333333,0.0369059266666667
