0.0028390833333333,0.0004735103333333,0.000301555,7.46433333333333e-05,0.0014069956666666,5.10563333333333e-05,0.0019890813333333,0.000517787,1.63653333333333e-05,0.000463005,0.003121752
0.0007756803333333,0.005322015,0.003393854,0.0004741206666666,0.002586963,0.002105269,0.0081021806666666,0.0033084226666666,3.43243333333333e-05,0.000490378,0.002242904
0.000136932,0.00509475,0.001691465,0.0021087513333333,0.0056856653333333,0.0031336376666666,0.0006496533333333,0.0018109763333333,0.0005361463333333,0.0018418483333333,0.003380334
0.0006826493333333,0.0016090263333333,7.24583333333333e-05,0.0009079676666666,0.0004672423333333,0.000144104,0.0013514016666666,0.0001181726666666,0.0,7.3669e-05,0.0005335583333333
0.0016555813333333,0.008724994,0.0012472873333333,0.0001256323333333,0.0006505066666666,0.0005214243333333,0.0041765176666666,0.0025299306666666,2.87006666666667e-05,0.0007890073333333,0.0013204443333333
0.00030024,0.0015889343333333,0.0008282636666666,0.0007308056666666,0.0022090623333333,0.001256627,0.000650753,0.0003795356666666,0.00027798,0.0005830426666666,0.002179884
0.0018899106666666,0.0086404283333333,0.0009860613333333,0.000741861,0.0022647033333333,0.0004836006666666,0.0013235743333333,0.0060726756666666,0.0015635966666666,0.0039286956666666,0.006103667
0.0028623973333333,0.0025330546666666,0.0034122883333333,0.0007765083333333,0.002546889,0.0010687026666666,0.0086787843333333,0.0106170863333333,4.9543e-05,0.003069746,0.0048255143333333
3.33333333333333e-06,1.38443333333333e-05,0.001172383,2.256e-05,0.0004794083333333,8.38533333333333e-06,0.0020309333333333,1.8616e-05,0.0004380136666666,0.002572761,1.63043333333333e-05
0.001042064,0.0010205856666666,0.000317074,0.0009293183333333,0.000719648,0.0003250423333333,0.0024867376666666,0.000834445,0.0001972003333333,0.0006419343333333,0.0008484976666666
0.013206951,0.005809679,0.0049121966666666,0.0027402866666666,0.005109913,0.0026654163333333,0.0054831873333333,0.012699435,0.0001701276666666,0.0038206573333333,0.03453243
