0.0036472996666666,0.003711458,1.18193333333333e-05,0.0059088243333333,0.003603349,0.0003764736666666,3.59786666666667e-05,0.0017039833333333,0.0,0.000605429,0.0054554256666666
0.0034906703333333,0.0131591893333333,0.005051058,0.0150601683333333,0.0095764113333333,0.0034495483333333,1.97993333333333e-05,0.006264112,3.55223333333333e-05,8.3751e-05,0.0061973423333333
0.000807957,0.007010497,0.000647233,0.0054426913333333,0.0040769116666666,0.0010851806666666,3.33333333333333e-06,0.0016511023333333,0.000837905,3.1364e-05,0.004853511
0.0070278903333333,7.45106666666667e-05,3.33333333333333e-06,0.0149158543333333,7.78e-06,0.0,3.36933333333333e-06,0.000888486,3.33333333333333e-06,3.2168e-05,0.0100577626666667
0.0025629213333333,0.0190216823333333,0.0015969903333333,0.0104014006666667,0.0023257256666666,0.0014314476666666,6.62873333333333e-05,0.0100651773333333,3.94893333333333e-05,9.1456e-05,0.006844284
0.0006424936666666,0.004002356,0.0008341536666666,0.0020614726666666,0.0013222686666666,0.0009258956666666,0.0,0.0008576723333333,0.0,1e-05,0.0027177643333333
0.0052316586666666,0.0013312213333333,0.0043976336666666,0.023932382,9.4968e-05,5.67943333333333e-05,0.001826138,0.0112752503333333,0.0026571093333333,0.0034576873333333,0.008605281
0.0062573483333333,0.009503257,0.005041491,0.0172590513333333,0.0089998283333333,0.0023549266666666,8.85576666666667e-05,0.030587042,0.000642375,0.000389516,0.0179046506666667
3.95736666666667e-05,0.000557708,0.0009484713333333,0.00065499,0.0,0.000110568,0.0070261746666666,0.0001630176666666,0.0016063523333333,0.006522324,5.63e-05
0.001597889,0.0002019803333333,0.000815761,0.004251717,6.66666666666667e-06,0.000744925,0.0042410983333333,0.0020515356666666,0.000460161,0.0002127046666666,0.0013662806666666
0.01419849,0.013037764,0.0007119673333333,0.0292638426666667,0.0088774083333333,0.0019299863333333,1.18416666666667e-05,0.022495502,0.0001373653333333,0.0010547326666666,0.02737318
