0.0031809273333333,0.0018883973333333,0.000718398,0.0002398973333333,0.0028379153333333,0.000152256,0.0015816586666666,0.0009232393333333,0.0001360486666666,0.0008343306666666,0.00668495
0.001914785,0.0175085303333333,0.002867632,0.004709158,0.005743353,0.0016908456666666,0.0095333846666666,0.0021104603333333,0.0003960183333333,0.0016016423333333,0.002736974
0.001547421,0.009558802,0.0013517123333333,0.0016338266666666,0.003794766,0.002244974,0.0008770563333333,0.0015478513333333,0.0012711536666666,0.001322744,0.0049293023333333
0.0010921816666666,0.004174576,0.0005066863333333,0.0005800326666666,0.000682635,0.0004565683333333,0.0011228693333333,0.0008084923333333,0.0002819,0.0006245973333333,0.0007659166666666
0.001736916,0.0157524133333333,0.0009869126666666,0.000579968,0.002857297,0.0015432043333333,0.013317085,0.0032818426666666,0.000248188,0.0018946226666666,0.005933504
0.0003161633333333,0.0048573583333333,0.0012545243333333,0.0005866526666666,0.0019355113333333,0.0009778873333333,0.0007611626666666,0.0010524493333333,6.54263333333333e-05,0.000160313,0.0017858836666666
0.001502012,0.0211974613333333,0.0043189283333333,0.0014194896666666,0.0077763816666666,0.0008872073333333,0.0019376266666666,0.0073927776666666,0.0006950183333333,0.0054748416666666,0.0111852473333333
0.0045140636666666,0.0075741036666666,0.0061939063333333,0.001730969,0.00690822,0.002676504,0.0114765276666667,0.0288515016666667,0.0007524166666666,0.0037736123333333,0.012795891
1.33333333333333e-05,0.000168573,0.000266724,3.84973333333333e-05,9.82946666666667e-05,3.42973333333333e-05,0.0050192363333333,7.90396666666667e-05,0.001243216,0.00654398,4.03693333333333e-05
0.000941538,0.0042778296666666,0.0003818723333333,0.000199692,0.0008018486666666,0.000324492,0.006258873,0.0008724203333333,0.0004518053333333,0.000720069,0.000586064
0.0112210526666667,0.0131322883333333,0.0070702493333333,0.0029797713333333,0.0054874896666666,0.0028987433333333,0.0133915793333333,0.0193975616666667,0.0002965503333333,0.003570482,0.04640234
