0.0044815873333333,0.0034090683333333,3.33333333333333e-06,0.0124468303333333,0.005540185,0.0011368223333333,0.0,0.0021465493333333,1e-05,5.09603333333333e-05,0.0107107203333333
0.0044982866666666,0.014219597,0.0033868666666666,0.0153531833333333,0.0106126933333333,0.002354733,1.33333333333333e-05,0.0053349803333333,3.33333333333333e-06,0.000448309,0.007037156
0.0021646373333333,0.0092754226666666,0.0005871216666666,0.0057966843333333,0.0039730226666666,0.001352882,0.0,0.002094058,0.0036379226666666,4.5444e-05,0.006363124
0.0049793936666666,0.0002106446666666,1.3488e-05,0.0206081753333333,0.0,1e-05,0.0,0.0012586376666666,7.281e-06,1.14286666666667e-05,0.0180540616666667
0.004234732,0.020843632,0.002486953,0.0159726873333333,0.0040564766666666,0.0042923546666666,0.0001593333333333,0.0112727,5.5308e-05,0.000228309,0.005889137
0.001242951,0.0047449533333333,0.001185985,0.0025519523333333,0.0021143466666666,0.000990012,0.0,0.001541149,1.60496666666667e-05,1.81e-05,0.0019646473333333
0.0036680896666666,0.0013004723333333,0.003208053,0.0210219576666667,0.0001052543333333,9.09176666666667e-05,0.0009741673333333,0.0070676386666666,0.0020355053333333,0.003447094,0.0157828876666667
0.0059020866666666,0.0106888473333333,0.004497574,0.0186224356666667,0.0126500166666667,0.002881129,2.18636666666667e-05,0.032618637,2.544e-05,0.0004003233333333,0.01910904
0.000238794,0.000193348,0.0020991853333333,0.0020303123333333,0.0,0.0001795396666666,0.0048326773333333,0.001073723,0.0021935946666666,0.0069537466666666,0.0002606203333333
0.0016631796666666,0.0029385926666666,0.001830995,0.00627795,3.67146666666667e-05,0.0005661786666666,0.0051999566666666,0.0021216056666666,0.001447967,0.0004622916666666,0.0041262303333333
0.0107696313333333,0.0096621393333333,0.0004302683333333,0.0440286433333333,0.0113794713333333,0.0023379393333333,1e-05,0.0239509013333333,4.81726666666667e-05,0.000564436,0.0332433806666667
