0.0038883386666666,0.0027605333333333,0.0021112486666666,0.0018384433333333,0.003835037,0.0003674223333333,0.0018249761666666,0.0010516063333333,9.83905e-05,0.0005492163333333,0.0058789643333333
0.0031451693333333,0.012859896,0.00326554,0.0006078083333333,0.0034901676666666,0.0007402246666666,0.006528983,0.0017189296666666,7.2259e-05,0.000794029,0.0059282606666666
0.002862644,0.007013953,0.001380646,0.0022568603333333,0.0054884816666666,0.0023801466666666,0.0009098583333333,0.002148127,0.000795443,0.001994781,0.004872417
0.0016200063333333,0.002319255,0.0002149276666666,0.0006850956666666,0.000526025,0.0007539273333333,0.0015279633333333,0.0004409763333333,1.04653333333333e-05,0.000117966,0.0009452023333333
0.0038749776666666,0.0096543583333333,0.0017045063333333,0.000545985,0.0035376853333333,0.000716174,0.00182103,0.0011825953333333,0.0004741103333333,0.0014291403333333,0.0028079896666666
0.0005174133333333,0.0023988246666666,0.0009157963333333,0.0005426493333333,0.002862959,0.0021805676666666,0.0012167293333333,0.0005646403333333,0.0002283886666666,0.0004254666666666,0.001357762
0.002950698,0.0193038816666667,0.001690602,0.0005980396666666,0.0046488263333333,0.001324305,0.0034876766666666,0.0040371113333333,0.0015360656666666,0.0059576583333333,0.0076343963333333
0.0063388496666666,0.0070403893333333,0.003490642,0.0010134903333333,0.0043639293333333,0.0018990743333333,0.0057592086666666,0.015321436,8.76683333333333e-05,0.0025546626666666,0.0147734133333333
0.0004899746666666,7.54913333333333e-05,0.0003042093333333,3.83733333333333e-06,4.2132e-05,1.13103333333333e-05,0.0042055436666666,2.91946666666667e-05,0.0005115626666666,0.0033774913333333,6.56213333333333e-05
0.001810361,0.003631441,0.0002888496666666,0.000547743,0.0024625186666666,0.000426342,0.0022105673333333,0.0011738783333333,0.0010272543333333,0.0004579556666666,0.0018101566666666
0.0112036746666667,0.0095271276666666,0.0060052933333333,0.0022699263333333,0.0105294086666667,0.0018764503333333,0.007839183,0.022003327,0.0001907966666666,0.003417662,0.0549912666666667
