0.003237765,0.003574905,0.0,0.005865864,0.0034619383333333,0.0006022386666666,0.0,0.002173779,3.33333333333333e-06,0.000179564,0.003504006
0.0051993563333333,0.013969533,0.0048241906666666,0.0164837423333333,0.0090820086666666,0.0045959763333333,3.8008e-05,0.008011345,3.33333333333333e-06,0.0001743286666666,0.0054747026666666
0.0007680166666666,0.0072233356666666,0.0012551373333333,0.0056158423333333,0.005411534,0.001924595,3.33333333333333e-06,0.0023059496666666,0.0016769886666666,2.33546666666667e-05,0.00631108
0.005219125,0.0002429386666666,0.0,0.0199801856666667,3.33333333333333e-06,0.0,0.0,0.0011990943333333,0.0,1.68333333333333e-05,0.0148434443333333
0.0016105123333333,0.014482593,0.0020552713333333,0.010592424,0.007874794,0.0010424953333333,1.46573333333333e-05,0.0091765216666666,0.0001125573333333,0.0003208753333333,0.0063273646666666
0.000872084,0.0034221066666666,0.0009555836666666,0.0029225403333333,0.0022023566666666,0.0011324393333333,6.66666666666667e-06,0.0009950033333333,3.33333333333333e-06,0.000216126,0.0026399133333333
0.0055190803333333,0.0007003213333333,0.0034807616666666,0.0324708513333333,8.0265e-05,2.9105e-05,0.0023932686666666,0.0113131186666667,0.0013445236666666,0.0039531446666666,0.011793886
0.0044366373333333,0.0134323436666667,0.006268801,0.021666303,0.0104653703333333,0.002589703,0.00022129,0.028179115,0.000123538,0.0009823383333333,0.0185036216666667
0.0002031563333333,6.66666666666667e-06,0.001878514,0.001789563,3.33333333333333e-06,4.81456666666667e-05,0.0071824123333333,0.0003277343333333,0.0021967013333333,0.007135816,0.000117548
0.0016399373333333,9.75976666666667e-05,0.0005777746666666,0.004508527,6.66666666666667e-06,0.00058217,0.003294457,0.0012086853333333,0.0005683893333333,0.0009058673333333,0.0009614943333333
0.0142479316666667,0.016118423,0.000832694,0.0358415633333333,0.010168114,0.0036220643333333,1.5058e-05,0.021495747,1.66666666666667e-05,0.0007820476666666,0.0453652966666667
