0.004350021,0.001432473,0.0005238,0.0011899896666666,0.0017930703333333,0.000255413,0.0038130006666666,0.001872778,0.000118643,0.0005446763333333,0.008699557
0.0024564113333333,0.0090470843333333,0.0008759586666666,0.0051635453333333,0.0042346533333333,0.001399353,0.00313343,0.0014919716666666,0.000129067,0.0006964556666666,0.00174393
0.0010995553333333,0.008573371,0.0008916706666666,0.0033051433333333,0.0039457806666666,0.0032847463333333,0.0010486773333333,0.0037516946666666,0.001126223,0.0016673516666666,0.004559274
0.0014809733333333,0.00280449,0.0002260116666666,0.0012678363333333,0.000328007,0.000214225,0.0005058106666666,0.0006910403333333,1.17976666666667e-05,0.0002607846666666,0.000684597
0.0027561363333333,0.0102340786666667,0.0008011946666666,0.0030780966666666,0.001742733,0.0017000353333333,0.0021661503333333,0.0022953173333333,0.0001712023333333,0.0020495266666666,0.003161127
0.0007785266666666,0.001731463,0.0009784413333333,0.0004388393333333,0.0019814606666666,0.0018378113333333,0.000111999,0.0012147026666666,0.0002251016666666,0.0005198743333333,0.0023268743333333
0.002266322,0.016508928,0.001269749,0.0009103916666666,0.0039461096666666,0.0003062183333333,0.0015551486666666,0.005578701,0.002279612,0.0023337843333333,0.0070291046666666
0.005789817,0.0046062463333333,0.0044898556666666,0.0011160293333333,0.0046697263333333,0.000991833,0.0069977533333333,0.0164389553333333,0.0001657463333333,0.002179908,0.0074804883333333
3.33333333333333e-06,2.7456e-05,0.0002825996666666,1.67943333333333e-05,7.49503333333333e-05,6.807e-06,0.0033532473333333,4.7702e-05,0.0004682346666666,0.0026525973333333,1e-05
0.001246406,0.0064590046666666,0.0002763366666666,0.0005183156666666,0.0014252806666666,0.0004317996666666,0.0013488933333333,0.001786912,0.0005269666666666,0.000662348,0.001956762
0.013260431,0.0091072106666666,0.0072100963333333,0.001627387,0.0105820063333333,0.0028956833333333,0.0076897566666666,0.0190502563333333,0.000381559,0.0105227,0.03735733
