0.003771038,0.0005223533333333,0.00036616,0.003468907,0.0027780303333333,0.000208094,0.003976215,0.0002437923333333,5e-06,0.0008991493333333,0.003578751
0.0022364033333333,0.0114200476666667,0.000545969,0.0009368943333333,0.0038076216666666,0.0009870283333333,0.0026798776666666,0.001441186,0.0002101323333333,0.000409572,0.002887254
0.000444448,0.0041212523333333,0.001819192,0.0029777746666666,0.004745769,0.002375337,0.0031875523333333,0.0018194613333333,0.001169042,0.0010599866666666,0.0048822786666666
0.000162215,0.0014635666666666,0.000131944,0.0020121766666666,0.0007155103333333,0.001009395,0.0002802076666666,0.000540039,6.66666666666667e-06,0.0001477643333333,0.0006133426666666
0.0006276236666666,0.00701933,0.0026768766666666,0.000601798,0.0031558766666666,0.00163744,0.002410222,0.003047091,0.0002794203333333,0.0015235556666666,0.0012234996666666
0.0005194553333333,0.0016919516666666,0.0005758126666666,0.0004702273333333,0.001517337,0.0013956173333333,0.0003932253333333,0.000116276,0.0003155483333333,0.0003925586666666,0.001178579
0.0026838273333333,0.0076075436666666,0.0011390046666666,0.0004167436666666,0.0019690533333333,0.0004614456666666,0.0008606946666666,0.0058031023333333,0.0027874603333333,0.0025818236666666,0.0099649716666666
0.0014598613333333,0.0022708973333333,0.0033993586666666,0.001136451,0.0037767973333333,0.0006558213333333,0.008546736,0.014180213,0.000263368,0.0027081143333333,0.0053164983333333
1.33333333333333e-05,1.33333333333333e-05,0.0002094466666666,0.0,2.3765e-05,0.0,0.0037124126666666,6.66666666666667e-06,0.000983647,0.0046987443333333,3.548e-06
0.0010499326666666,0.0016896483333333,0.0002435606666666,0.000145137,0.0020207383333333,0.0002039806666666,0.0021408106666666,0.0018555583333333,0.0010351156666666,0.000155332,0.0007829693333333
0.0110771396666667,0.00641346,0.0060697636666666,0.0022118683333333,0.0064969023333333,0.004258581,0.0124512723333333,0.0183512196666667,0.0006921583333333,0.002484627,0.0238520963333333
