0.0044020026666666,0.0036852923333333,0.00091121,0.000271213,0.002326089,0.0008734983333333,0.001886776,0.0022710516666666,7.01723333333333e-05,0.002788759,0.006762001
0.0026893233333333,0.0166458406666667,0.000821773,0.001452288,0.0046794933333333,0.003667871,0.00464419,0.003021478,0.0006149423333333,0.005163291,0.00894032
0.0009490476666666,0.0081685866666666,0.0013312776666666,0.002127448,0.0021633103333333,0.0028464003333333,0.0006321733333333,0.0014586596666666,0.00134361,0.0016550276666666,0.0032568946666666
0.0005895293333333,0.004314861,0.000121908,0.001944491,0.0009205123333333,0.001137897,0.001112015,0.0009468486666666,6.66666666666667e-06,0.0015830246666666,0.0012133066666666
0.0015052486666666,0.0145805386666667,0.001132738,0.0003291466666666,0.003113144,0.0007868133333333,0.0106440523333333,0.002197427,7.942e-05,0.004418026,0.0051802503333333
0.000753642,0.003615679,0.0012460956666666,0.0004197216666666,0.0026821236666666,0.0007676376666666,0.000464721,0.0029020666666666,0.0002626143333333,0.0021750503333333,0.001320947
0.0019715953333333,0.0172412803333333,0.000952194,0.001541947,0.0050740743333333,0.0004920486666666,0.0011031976666666,0.0060526486666666,0.0031539823333333,0.0056536756666666,0.009160184
0.003211772,0.0051384006666666,0.001560199,0.0013657233333333,0.005864551,0.002129115,0.0075568676666666,0.0242960866666667,0.0003903453333333,0.0039788883333333,0.0099509093333333
6.66666666666667e-06,7.23933333333333e-06,0.0028094523333333,3.33333333333333e-06,6.4579e-05,5.71766666666667e-06,0.001194405,7.511e-06,0.000909634,0.00319627,2.06066666666667e-05
0.0155355973333333,0.04442434,0.0092773226666666,0.012963086,0.0352129133333333,0.0259419806666667,0.003263352,0.0078741256666666,0.000775277,0.0020802636666666,0.0313068756666667
0.012041845,0.0082730673333333,0.0067652876666666,0.0036589796666666,0.007888238,0.0029528446666666,0.0121013073333333,0.0287460103333333,0.00018265,0.0091351653333333,0.03806106
