0.0037891486666666,0.0020259986666666,0.001608849,0.003748907,0.001996306,0.000371362,0.0020116666666666,0.001167641,0.0002056356666666,0.0007905243333333,0.0057312183333333
0.0038679496666666,0.0194072463333333,0.0019429223333333,0.0013492626666666,0.003504986,0.0014950246666666,0.0066454246666666,0.0029251613333333,0.0002011666666666,0.0014832583333333,0.003988121
0.001316811,0.0090680413333333,0.0025318703333333,0.0029492763333333,0.0069741453333333,0.0034162656666666,0.002402121,0.0013487563333333,0.0022022483333333,0.002047732,0.0065359513333333
0.0023250873333333,0.0026385576666666,0.0001789963333333,0.000987055,0.0015364963333333,0.0001991756666666,0.0017023666666666,0.000476029,3.7833e-05,0.000153047,0.0008860703333333
0.00305875,0.0125686933333333,0.0016645306666666,0.0016576986666666,0.006160485,0.0011280186666666,0.0028621176666666,0.0054594256666666,0.0002233976666666,0.00225844,0.0044682226666666
0.0004906796666666,0.0073433516666666,0.0009730876666666,0.0006473096666666,0.002558586,0.0014723893333333,0.000755799,0.0006755696666666,0.000102945,0.001161382,0.002182768
0.0027413246666666,0.019537536,0.001218344,0.000999368,0.00692917,0.001142726,0.0027622776666666,0.006207863,0.001927939,0.0047403466666666,0.0135376396666667
0.0074331856666666,0.009426539,0.004896135,0.0016240553333333,0.0043221693333333,0.001974707,0.0120563696666667,0.021491837,0.000256935,0.0027856463333333,0.019900534
0.0010826133333333,0.0001250496666666,0.00045814,2.5306e-05,5.695e-05,1.45e-05,0.0046374323333333,0.0002528223333333,0.000760658,0.0036394516666666,0.0005514456666666
0.0019317663333333,0.0058527686666666,0.000589984,0.0002386056666666,0.0021305916666666,0.0004561113333333,0.0514514666666667,0.0025267586666666,0.000638845,0.0008499503333333,0.0024630146666666
0.014342688,0.0163496446666667,0.0078250203333333,0.0062832453333333,0.003893227,0.0055543006666666,0.0156806836666667,0.0271296883333333,0.0013150373333333,0.004206147,0.0746063433333333
