0.0039507803333333,0.0018461626666666,0.0003787203333333,0.0002189233333333,0.001756636,0.0002007746666666,0.0028151083333333,0.0010446523333333,4.7555e-05,0.000598973,0.0044283326666666
0.0018760073333333,0.013835327,0.0024472813333333,0.0056192773333333,0.004329946,0.001866248,0.0050706876666666,0.0024497006666666,0.000207931,0.0013707846666666,0.0027617023333333
0.000663453,0.0080374693333333,0.0013712063333333,0.0016417066666666,0.0038959303333333,0.0016633693333333,0.0005573103333333,0.0015376546666666,0.0015840646666666,0.001089897,0.005418221
0.000333906,0.0024578996666666,0.000214602,0.000647567,0.0003209213333333,0.00021231,0.0003848243333333,0.0003978503333333,6.07806666666667e-05,0.0001988376666666,0.0004625956666666
0.0027019446666666,0.008864672,0.001823431,0.0003821313333333,0.0030021063333333,0.0006446953333333,0.00273484,0.005686702,0.00017166,0.001060519,0.003370395
0.0002958,0.0028613696666666,0.0019510223333333,0.0004502603333333,0.002072066,0.0008113413333333,0.0008895553333333,0.0003877513333333,0.000166621,0.000190748,0.001437242
0.0027188366666666,0.0095221756666666,0.000717135,0.0004643173333333,0.002852586,0.0011537476666666,0.0014988313333333,0.0082720646666666,0.0010199796666666,0.0022930243333333,0.019194986
0.0026810546666666,0.005801403,0.0040205403333333,0.001169833,0.005035828,0.0019812193333333,0.0053171963333333,0.0171528246666667,0.0002312193333333,0.0028925126666666,0.0170960293333333
6.55826666666667e-05,0.000128694,0.0014993766666666,1.456e-05,2.23933333333333e-05,3.33333333333333e-06,0.004106675,0.0011612176666666,0.001467817,0.0061347173333333,3.7029e-05
0.000886132,0.0019676043333333,0.0003064436666666,0.000780879,0.000396779,0.000661553,0.0015125696666666,0.0007795253333333,0.000493958,0.0006269273333333,0.0006856463333333
0.0142573753333333,0.0089248566666666,0.00635072,0.0035544256666666,0.0067432046666666,0.0024293823333333,0.0122998973333333,0.019371286,0.0006526176666666,0.0034159876666666,0.0459900866666667
