0.0070173676666666,0.0003594846666666,0.0005689563333333,0.0007459806666666,0.002330796,5.50853333333333e-05,0.001835552,0.000853324,1.16666666666667e-05,0.0004113576666666,0.002457051
0.001331644,0.0068785576666666,0.0008079936666666,0.0008118556666666,0.0046552156666666,0.000668946,0.0047768756666666,0.0009835876666666,0.000556582,0.0008188503333333,0.00308342
0.0003479796666666,0.0052457273333333,0.001865147,0.0029973893333333,0.0042664343333333,0.0034858846666666,0.002776146,0.002192809,0.0017510656666666,0.0026277936666666,0.0044608973333333
0.0009322373333333,0.000646066,0.0001791636666666,0.0021986236666666,0.0010109023333333,7.8736e-05,0.0004075026666666,0.00026284,7.5684e-05,5.21456666666667e-05,0.000241552
0.0006357206666666,0.002932483,0.0016004543333333,0.0032364416666666,0.001340285,0.0002104913333333,0.001596671,0.000990499,2.86973333333333e-05,0.0010550136666666,0.000802523
0.0001607883333333,0.00060957,0.0011815023333333,0.0006022483333333,0.0014230476666666,0.000142832,0.000525809,0.0001917096666666,0.0002963713333333,0.0006588493333333,0.0011345673333333
0.003429701,0.006825954,0.0007408933333333,0.0008926173333333,0.000731217,0.0004973406666666,0.0014536273333333,0.0066447403333333,0.00309908,0.0024810603333333,0.003271448
0.0013571556666666,0.0012470046666666,0.002891578,0.0008550516666666,0.0021027696666666,0.0001910673333333,0.0081060343333333,0.007166759,0.0002475273333333,0.0012165286666666,0.0054427273333333
0.0,3.33333333333333e-06,6.9996e-05,0.0,0.0006928883333333,0.0,0.0039285833333333,3.52306666666667e-05,0.0008384273333333,0.004068231,1.9886e-05
0.0007961286666666,0.0042031103333333,0.0003725953333333,0.0001879463333333,0.0014591196666666,0.000144534,0.0013088893333333,0.000812933,0.0003252146666666,0.000847603,0.0007167896666666
0.0082209143333333,0.0115927126666667,0.00593391,0.0028092153333333,0.005742842,0.0035894193333333,0.0084552343333333,0.0135430763333333,0.000634492,0.0032054113333333,0.020600087
