0.0037966753333333,0.0015446203333333,0.0010233106666666,0.0016025913333333,0.003783173,0.0004229366666666,0.0021011436666666,0.0020198436666666,0.000222593,0.0007210603333333,0.005684282
0.0035043393333333,0.011360107,0.0030065146666666,0.0020255616666666,0.0060749756666666,0.0012627976666666,0.0087479856666666,0.0036434756666666,0.000146603,0.0009406493333333,0.0038943186666666
0.0010407723333333,0.006094405,0.000893314,0.0017115526666666,0.0040739803333333,0.0025782906666666,0.0057312013333333,0.0023765593333333,0.001320347,0.0021256236666666,0.004938055
0.0021866063333333,0.002446615,0.000649386,0.0006526326666666,0.0004135706666666,0.0006150493333333,0.0016392726666666,0.000726238,3.19513333333333e-05,0.0002110176666666,0.0009267393333333
0.003351414,0.012847257,0.0027685386666666,0.0017324313333333,0.004702107,0.0015341286666666,0.005754384,0.0039535026666666,0.000330056,0.0021956986666666,0.0031631433333333
0.0006323256666666,0.0032049156666666,0.001683609,0.0008093613333333,0.001530353,0.0007354743333333,0.000913804,0.0005719916666666,0.0002013123333333,0.0004354776666666,0.0016295396666666
0.002726459,0.016326146,0.0035345036666666,0.0014222283333333,0.0087335523333333,0.0019618636666666,0.004567418,0.008489272,0.0031130056666666,0.0063442753333333,0.0135139156666667
0.006979607,0.0064233763333333,0.0049929573333333,0.001849604,0.006467754,0.0023270066666666,0.0115950176666667,0.0170681976666667,0.0006329453333333,0.003782138,0.0137623693333333
0.000106981,8.8234e-05,0.0009855423333333,1.55626666666667e-05,0.0002019576666666,1.79456666666667e-05,0.004037389,8.75426666666667e-05,0.0011769333333333,0.00286347,0.000125798
0.0025390633333333,0.003411273,0.0007278713333333,0.0005337916666666,0.0024508216666666,0.0004174756666666,0.0033311963333333,0.0034339116666666,0.0009602796666666,0.0004165036666666,0.0023536776666666
0.017169296,0.012241586,0.0093487756666666,0.0045346853333333,0.0105592873333333,0.0033487333333333,0.0168547633333333,0.0173681406666667,0.000532234,0.0040873736666666,0.0350434866666667
