0.0028205156666666,0.0025357433333333,0.0008040403333333,0.0003804016666666,0.0029104316666666,0.000767114,0.0018875113333333,0.000622755,0.000103408,0.001185319,0.0057544746666666
0.002422492,0.0130765353333333,0.0035401716666666,0.0027474643333333,0.0080377876666666,0.002348128,0.0091573126666666,0.0026523656666666,0.000588521,0.0016960583333333,0.0044676093333333
0.001583591,0.0070897966666666,0.0010856313333333,0.0016298026666666,0.00385586,0.0024251156666666,0.0021880293333333,0.001972305,0.0010515673333333,0.001460422,0.0051092046666666
0.000508515,0.003693537,0.0007853043333333,0.000790209,0.001013296,0.000442973,0.0024438363333333,0.000711308,0.0002848543333333,0.0003230736666666,0.0008993756666666
0.0025056243333333,0.0150281,0.0017632156666666,0.00084866,0.005140906,0.0020485203333333,0.0090803286666666,0.0080660683333333,0.000342494,0.002107706,0.0094280996666666
0.0003832073333333,0.0042409523333333,0.001381746,0.0009628266666666,0.002891792,0.0009713436666666,0.0019106476666666,0.0009255226666666,0.000220726,0.000216302,0.004072048
0.002504832,0.0183443176666667,0.0036481363333333,0.0015478473333333,0.010961873,0.0019876906666666,0.0021217056666666,0.0119229006666667,0.0010050003333333,0.0046649833333333,0.0139186863333333
0.0029490363333333,0.007711369,0.0035501216666666,0.0027140563333333,0.009503777,0.0027281503333333,0.015062651,0.025440146,0.0007089093333333,0.0054980176666666,0.0180110656666667
1.86766666666667e-05,0.0002637013333333,0.0002506233333333,3.8154e-05,0.0006563933333333,1.33333333333333e-05,0.0056315303333333,0.0001207603333333,0.001539329,0.007828809,0.000155245
0.001381957,0.0023919286666666,0.000469571,0.0006515926666666,0.0030076033333333,0.0005923133333333,0.003529219,0.0014419353333333,0.0007226323333333,0.0005433503333333,0.0010473603333333
0.0099374733333333,0.017020613,0.0067378283333333,0.003240199,0.00634254,0.0028823163333333,0.0135694896666667,0.0212307726666667,0.0002922506666666,0.0057220306666666,0.0366003066666667
