0.0035234736666666,0.0028580883333333,0.0005827026666666,0.005691193,0.0021557406666666,0.0012883216666666,0.002219913,0.0010625836666666,8.84406666666667e-05,0.0005111446666666,0.0079674453333333
0.0062853146666666,0.0081209393333333,0.0051522043333333,0.0007744896666666,0.005897584,0.0028437543333333,0.0054763373333333,0.002022154,0.0003140026666666,0.0014846556666666,0.00268003
0.0008850313333333,0.005046251,0.0015832336666666,0.001773063,0.0051895953333333,0.002202549,0.002384385,0.0018598233333333,0.0041062173333333,0.0020094966666666,0.0060316636666666
0.0011202703333333,0.0026193753333333,0.0007168356666666,0.0008439213333333,0.0007238213333333,0.000262405,0.001382923,0.0008110503333333,4.3136e-05,0.001777551,0.0015496663333333
0.0025305083333333,0.0108717736666667,0.00219201,0.0005281033333333,0.0049853656666666,0.001225657,0.0024882376666666,0.0032410673333333,0.000354198,0.00213223,0.00430502
0.0006982633333333,0.0038287313333333,0.0017258973333333,0.0008155456666666,0.001564394,0.0006208276666666,0.0008642046666666,0.0012975856666666,0.0005662663333333,0.0011821506666666,0.0020543536666666
0.0047021166666666,0.0158389003333333,0.0011606553333333,0.003088194,0.0044217933333333,0.0009092466666666,0.0014187126666666,0.004791706,0.0014745313333333,0.00394853,0.0060578793333333
0.00521023,0.0034851603333333,0.0050435666666666,0.0021801523333333,0.0052453926666666,0.002560624,0.0075972753333333,0.0167167226666667,0.00051353,0.0027286336666666,0.0127317836666667
1.65446666666667e-05,0.0003833543333333,0.0034060033333333,5.5605e-05,5.66576666666667e-05,2.5478e-05,0.004514377,0.000403641,0.000776868,0.0036729563333333,2.86096666666667e-05
0.0014952253333333,0.003428453,0.0008518196666666,0.0009444083333333,0.003794369,0.0005713583333333,0.0023822436666666,0.0022202603333333,0.0006886073333333,0.0004553943333333,0.002767835
0.0127192483333333,0.0089477296666666,0.0074463096666666,0.0023059016666666,0.007555474,0.003335437,0.0080232986666666,0.0206970976666667,0.0009134513333333,0.0053185026666666,0.030462193
