0.004926859,0.0011399883333333,0.000479318,0.0011735183333333,0.0011725713333333,0.0002296426666666,0.003750466,0.000780095,2.27278333333333e-05,0.0010257313333333,0.0036613806666666
0.004623147,0.0103854136666667,0.0029571316666666,0.0034211776666666,0.0053679786666666,0.001310428,0.0330965416666667,0.003391103,0.0009953716666666,0.0018455873333333,0.0049678093333333
0.0002803763333333,0.00890329,0.000936673,0.002604757,0.0040940503333333,0.0020614526666666,0.003712134,0.001678604,0.0011163666666666,0.000798624,0.0063814903333333
0.000371765,0.004123423,0.0003716286666666,0.0008932866666666,0.0008855093333333,0.0002836946666666,0.0012252933333333,0.000384861,6.66666666666667e-06,0.000393215,0.000478718
0.0022398486666666,0.008758236,0.000834741,0.000763738,0.0036221456666666,0.0005836353333333,0.005441485,0.00485627,0.0003136776666666,0.001433869,0.0042461026666666
0.0003740846666666,0.0029616933333333,0.0009734786666666,0.0011705036666666,0.00265529,0.0007556513333333,0.0015686156666666,0.0011469736666666,2.54366666666667e-05,0.0005649283333333,0.002996814
0.0019821173333333,0.015698408,0.002470192,0.0040473923333333,0.0035472733333333,0.001395678,0.002521292,0.0139894056666667,0.001730724,0.0051447546666666,0.014083007
0.002602023,0.009210684,0.0042381133333333,0.002359421,0.0059440283333333,0.001580377,0.0185950326666667,0.027624682,0.0009738426666666,0.0043553223333333,0.0139402196666667
0.001456228,8.75193333333333e-05,0.0010117503333333,1.0732e-05,0.000692684,7.53833333333333e-06,0.0057722133333333,0.010241389,0.0027856473333333,0.005948283,8.28996666666667e-05
0.001017712,0.0020536146666666,0.0020854536666666,0.0006372636666666,0.0009301036666666,0.0004132256666666,0.00615226,0.0015511346666666,0.0011936003333333,0.000224646,0.0013297353333333
0.014057705,0.0082258493333333,0.0050982886666666,0.0038575066666666,0.008629008,0.0017058136666666,0.0158849113333333,0.0183189163333333,0.0001603883333333,0.0058682516666666,0.0253722106666667
