0.0042170166666666,0.0025354603333333,3.33333333333333e-06,0.005202091,0.0043377983333333,0.000590795,7.05e-06,0.001365842,0.0,0.0001110506666666,0.0054171816666666
0.004096866,0.0152377043333333,0.0047789186666666,0.01454881,0.0100737476666667,0.004195792,2.77066666666667e-05,0.0052588576666666,4.15603333333333e-05,0.000251948,0.0094443646666666
0.000809455,0.0099594743333333,0.0007397983333333,0.004698591,0.0036746653333333,0.0012406136666666,5.37433333333333e-06,0.0017547103333333,0.0010835203333333,1.73333333333333e-05,0.0051956596666666
0.00751402,0.0002257733333333,0.0,0.0191294903333333,3.33333333333333e-06,0.0,6.83333333333333e-06,0.0010076026666666,1.10536666666667e-05,1e-05,0.010179831
0.0026881223333333,0.019642444,0.0023630036666666,0.0130459313333333,0.0032646696666666,0.0018847723333333,4.25596666666667e-05,0.0117811613333333,4.56173333333333e-05,0.000140185,0.0071416796666666
0.000600516,0.0037055536666666,0.000871765,0.0026052896666666,0.001535209,0.0008822396666666,0.0,0.0012235503333333,0.0,3.0151e-05,0.002502422
0.006116062,0.0010056596666666,0.004159585,0.0257690943333333,0.000100626,0.000106275,0.0015987386666666,0.011782949,0.0020343416666666,0.003222013,0.0091527653333333
0.0044978653333333,0.009317157,0.0052246086666666,0.018264546,0.008027885,0.002766721,1.82346666666667e-05,0.032222864,0.000698191,0.0003120766666666,0.018822489
0.0004691753333333,1e-05,0.00108403,0.0009192576666666,1.09066666666667e-05,0.0001066346666666,0.0075239906666666,0.001209776,0.0017351083333333,0.0058797176666666,5.40023333333333e-05
0.0012215786666666,0.000157978,0.0021712713333333,0.0043751123333333,5.20666666666667e-06,0.0010482103333333,0.0033873206666666,0.00205744,0.0005067226666666,0.000393597,0.001234455
0.0140797366666667,0.013276653,0.0006153093333333,0.0284666226666667,0.0077244946666666,0.0017323343333333,3.51666666666667e-05,0.0244026033333333,1.18426666666667e-05,0.0006969683333333,0.0278624256666667
