0.0037285486666666,0.0019865863333333,0.0010867596666666,0.0004174686666666,0.0024305936666666,0.0008242276666666,0.002303075,0.0004613536666666,2.50853333333333e-05,0.0006547106666666,0.0033424686666666
0.0019823166666666,0.0110951646666667,0.0074476913333333,0.0023784343333333,0.0089143023333333,0.0013509423333333,0.0120906793333333,0.0019672413333333,0.000590172,0.0015120273333333,0.0037631843333333
0.0007344923333333,0.006479461,0.0004793083333333,0.0034133683333333,0.003641587,0.0011394793333333,0.0023930156666666,0.0017895253333333,0.0017490366666666,0.0017474733333333,0.0061604906666666
0.000775581,0.0011083506666666,0.0001800026666666,0.0022383036666666,0.0005347596666666,0.0003393516666666,0.000537926,0.001233661,3.59813333333333e-05,0.0002056413333333,0.000316045
0.0016861113333333,0.005004529,0.0014367586666666,0.000460912,0.0078834393333333,0.0006314593333333,0.001697915,0.0007518423333333,0.0006750156666666,0.0027516563333333,0.0037092826666666
0.0004386486666666,0.0021057006666666,0.00087895,0.0004457946666666,0.0021350906666666,0.001097552,0.0006534216666666,0.0004712416666666,0.0004664333333333,0.0004781836666666,0.0018525243333333
0.001894106,0.0098504103333333,0.002261456,0.0021486426666666,0.002872322,0.0010704923333333,0.0023106863333333,0.0047277696666666,0.004728531,0.004065033,0.009852029
0.00394931,0.0039547563333333,0.0032885993333333,0.0005607926666666,0.001820631,0.0013451433333333,0.0085145043333333,0.0111057143333333,0.000830677,0.0025195396666666,0.0079526043333333
3.89013333333333e-05,0.0,0.004795261,3.33333333333333e-06,2.2363e-05,3.33333333333333e-06,0.004241519,3.33333333333333e-06,0.001424687,0.0053613223333333,3.33333333333333e-06
0.0011102336666666,0.006666869,0.001016171,0.0005048673333333,0.0006469006666666,0.000234114,0.0017708893333333,0.0006355573333333,0.001090755,0.0002209466666666,0.0011704506666666
0.0108757126666667,0.0056278476666666,0.0078918953333333,0.002710385,0.0046637423333333,0.0014512813333333,0.0126581603333333,0.0176117793333333,0.001328392,0.0053174436666666,0.0304389423333333
