0.0033291753333333,0.0018620003333333,0.0007392576666666,0.000241758,0.001208921,4.5816e-05,0.0017135523333333,0.000826306,2.29636666666667e-05,0.0008183976666666,0.008456752
0.0014460546666666,0.0126585596666667,0.0015545493333333,0.0004530926666666,0.0035922253333333,0.000448499,0.0080853313333333,0.002708355,0.00011545,0.001055644,0.0022536323333333
0.0007062326666666,0.0073142533333333,0.0016226643333333,0.0024021916666666,0.0037035246666666,0.003062398,0.0013508133333333,0.0013603646666666,0.0001746773333333,0.0032236543333333,0.00481841
0.0011551653333333,0.0020149996666666,9.89983333333333e-05,0.0006623386666666,0.000666824,0.0001412493333333,0.001030269,0.0004014326666666,0.0,0.0001948876666666,0.0002076846666666
0.001258307,0.0117890123333333,0.0011985823333333,0.0001832776666666,0.013016045,0.0001983426666666,0.0076614253333333,0.0023831443333333,3.77503333333333e-05,0.0010929753333333,0.0017323936666666
0.0003694396666666,0.0022130546666666,0.002286329,0.0007913503333333,0.0015002703333333,0.0017029966666666,0.0009904026666666,0.00047331,5.42933333333333e-05,0.0009399503333333,0.0010516903333333
0.005059763,0.0163846083333333,0.001906462,0.0003586873333333,0.0031143916666666,0.000781789,0.0020219373333333,0.006692288,0.0015598573333333,0.0039417523333333,0.0106603016666667
0.003556913,0.006798178,0.0030249186666666,0.0007544516666666,0.003117883,0.0010087233333333,0.011169078,0.0116162713333333,0.0002635413333333,0.003406469,0.0065973223333333
0.0004212493333333,4.57866666666667e-05,0.00062239,3.864e-06,0.000257927,3.33333333333333e-06,0.0048881703333333,0.001072492,0.0005434003333333,0.003212339,3.33333333333333e-06
0.001163288,0.0034396836666666,0.0003848726666666,0.000125354,0.0010677373333333,0.0007217216666666,0.002628807,0.0017631583333333,0.000789641,0.001598418,0.0009272463333333
0.012041869,0.0092014646666666,0.006136919,0.003074078,0.0031118103333333,0.0009060376666666,0.0191595556666667,0.0131728426666667,4.84696666666667e-05,0.0044909113333333,0.0325204533333333
