0.0010937083333333,0.00193834,0.000424802,0.001063698,0.0034497086666666,0.0012729103333333,0.0011875556666666,0.0010029853333333,0.0001545476666666,0.001590889,0.006565684
0.0033693853333333,0.008334376,0.0015090846666666,0.000920081,0.0095425326666666,0.001267926,0.0060125123333333,0.0011369536666666,0.0003157173333333,0.001533561,0.0051780833333333
0.0011138683333333,0.0078871223333333,0.0014155473333333,0.003213212,0.0053026613333333,0.0032284743333333,0.0018783236666666,0.001826201,0.003702698,0.0008451636666666,0.004888132
0.001562657,0.0027959856666666,0.0001653106666666,0.001476539,0.0005093113333333,0.0002431016666666,0.001281807,0.0005504693333333,8.68413333333333e-05,0.0010259736666666,0.001252728
0.0026136146666666,0.007446236,0.003651766,0.001853444,0.0020906176666666,0.001022045,0.0029038673333333,0.0037183466666666,0.0003200443333333,0.002733615,0.0020770736666666
0.0003528676666666,0.002570896,0.001945695,0.0004912776666666,0.0025717476666666,0.000646304,0.0010065983333333,0.0003874623333333,0.0003478586666666,0.0011301856666666,0.0016348513333333
0.003534296,0.0148799786666667,0.0028676053333333,0.0018922216666666,0.003972557,0.001920447,0.0022502163333333,0.0045954133333333,0.0037090696666666,0.0026198946666666,0.0037023833333333
0.0042764306666666,0.001610567,0.0040216756666666,0.001515808,0.0057803763333333,0.0020964116666666,0.0131815453333333,0.012855653,0.001005667,0.003100965,0.009273569
1.3793e-05,2.15506666666667e-05,0.0018440023333333,1.6752e-05,3.38146666666667e-05,0.0,0.0038207336666666,3.84676666666667e-05,0.0009197213333333,0.0041219313333333,2.15513333333333e-05
0.001640063,0.0037002043333333,0.0005104266666666,0.000369365,0.0021091783333333,0.002372182,0.0028137843333333,0.002301249,0.0009587393333333,0.0007217773333333,0.0023586293333333
0.0160838396666667,0.007003047,0.0101257596666667,0.002810577,0.0064245486666666,0.0023127273333333,0.0119430693333333,0.024549883,0.0004952333333333,0.004773053,0.0352316566666667
