0.003864424,0.003722759,5.48133333333333e-06,0.006899783,0.005083026,0.0022256366666666,9.8335e-06,0.0020431126666666,1.54121666666667e-05,6.8126e-05,0.007640275
0.005472054,0.0194652156666667,0.0047933866666666,0.0163237736666667,0.008518665,0.0029894223333333,1.68653333333333e-05,0.0064921303333333,1.9486e-05,0.0001314526666666,0.007240142
0.0025975636666666,0.011126249,0.0017562876666666,0.0092150726666666,0.0046401073333333,0.003002693,0.0003979546666666,0.004028889,0.0014947193333333,0.00035079,0.006459953
0.005861789,0.0002499933333333,6.70666666666667e-06,0.0249741876666667,1.65866666666667e-05,6.66666666666667e-06,8.952e-06,0.0012002733333333,3.33333333333333e-06,2.4228e-05,0.0165059523333333
0.004639662,0.0208630406666667,0.002984558,0.0098964006666666,0.0065179963333333,0.002858906,2.34783333333333e-05,0.014478595,0.0002146073333333,9.0894e-05,0.0066594183333333
0.0010858656666666,0.0044580496666666,0.001404479,0.0031161086666666,0.0047931176666666,0.000864674,0.0,0.001962876,6.66666666666667e-06,3.31616666666667e-05,0.002425662
0.0047461146666666,0.0020867906666666,0.0039418216666666,0.0284880323333333,2.62053333333333e-05,0.0001868706666666,0.0024981466666666,0.0115938683333333,0.002562674,0.003162189,0.0148430563333333
0.00870335,0.014307293,0.006853905,0.0222617646666667,0.0089933096666666,0.0033354853333333,3.468e-05,0.03671422,5.57283333333333e-05,0.000256239,0.0220370336666667
0.0001233136666666,1.66666666666667e-05,0.001440935,0.0022172783333333,0.0,0.0003258856666666,0.0042435646666666,0.0009503593333333,0.0057631423333333,0.0061865996666666,0.0008044916666666
0.002488797,0.0003792613333333,0.0021035386666666,0.0067882863333333,4.95113333333333e-05,0.0009872123333333,0.004905945,0.0023332353333333,0.0009580356666666,0.0006822363333333,0.0024868163333333
0.013009724,0.01513984,4.99953333333333e-05,0.0375100333333333,0.007361241,0.00463539,1.66666666666667e-05,0.0235097236666667,4.19176666666667e-05,0.0014926493333333,0.0379115733333333
