0.0086173686666666,0.002638784,6.66666666666667e-06,0.0047570246666666,0.0031200546666666,0.0001450153333333,1.66666666666667e-06,0.00070029,1.66666666666667e-06,5.23746666666667e-05,0.0067465773333333
0.0025348963333333,0.0099099616666666,0.0029685933333333,0.0092046203333333,0.0051024723333333,0.0017819603333333,0.00016692,0.0024357643333333,6.66666666666667e-06,2.18956666666667e-05,0.0053698533333333
0.0005927613333333,0.0071291526666666,0.0017270156666666,0.0051489156666666,0.0030466406666666,0.002288115,2.63666666666667e-05,0.0017108076666666,0.0010127896666666,7.13316666666667e-05,0.004797682
0.0023526603333333,0.0001793473333333,0.0,0.0250312813333333,1.33333333333333e-05,0.0,0.0,0.0006191016666666,0.0,6.66666666666667e-06,0.0084918203333333
0.0016980903333333,0.0083229986666666,0.002105055,0.0055596626666666,0.001091895,0.0018285196666666,3.33333333333333e-06,0.0032769173333333,6.6512e-05,0.0001076303333333,0.0014779576666666
0.000601843,0.002643119,0.0010977766666666,0.0015122353333333,0.0016352976666666,0.0010291376666666,1e-05,0.000857966,1e-05,2.03646666666667e-05,0.0012957296666666
0.001959891,0.001992311,0.0015649556666666,0.019737169,9.49656666666667e-05,0.0001235183333333,0.0024356263333333,0.0069483986666666,0.0012820816666666,0.0016674746666666,0.0082052373333333
0.00315893,0.002530466,0.0031952703333333,0.011334001,0.0063492973333333,0.0014091946666666,3.01223333333333e-05,0.0190230656666667,1.42306666666667e-05,0.000227909,0.0142968963333333
0.0001828923333333,2.35613333333333e-05,0.001149352,0.0019071933333333,3.33333333333333e-06,0.0002281706666666,0.0039415673333333,0.000192456,0.001685408,0.0056359416666666,8.68553333333333e-05
0.0014759873333333,0.000261466,0.000536603,0.007447826,2.03013333333333e-05,0.0008245326666666,0.0018373806666666,0.0007603243333333,0.000350952,0.000579059,0.0010784906666666
0.0130762323333333,0.006368949,0.0003046376666666,0.026371903,0.0068437073333333,0.001208515,1e-05,0.0130624046666667,6.66666666666667e-06,0.0004425233333333,0.026253403
