0.003350077,0.0012397293333333,0.000137985,0.000507573,0.0019692703333333,0.0006847433333333,0.002456442,0.0007985813333333,0.0001334763333333,0.0010700146666666,0.0070290186666666
0.001390956,0.0119483526666667,0.001032479,0.001355628,0.0057333613333333,0.0010307226666666,0.01201975,0.0017503776666666,0.0005392566666666,0.0015710183333333,0.0022564296666666
0.0003058996666666,0.0041541316666666,0.0010808276666666,0.002738936,0.001360471,0.0014796913333333,0.0008029736666666,0.0013850583333333,0.001080274,0.002117255,0.0024023036666666
0.000170053,0.0020813766666666,0.0001763416666666,0.0009720163333333,0.0001769013333333,0.0012764393333333,0.0009710493333333,0.0003592923333333,0.0,0.0005205426666666,0.0006320913333333
0.0009059396666666,0.008220231,0.000523274,0.000199149,0.0006536763333333,0.0015789103333333,0.000927099,0.0016791676666666,7.51546666666667e-05,0.0020115373333333,0.00256918
0.000573929,0.0035022153333333,0.001170872,0.0003660123333333,0.001568909,0.0011920566666666,0.0007395123333333,0.000432777,0.000295259,0.000771223,0.0010056613333333
0.000847656,0.0192904206666667,0.0029754393333333,0.0004078633333333,0.000698539,0.000765455,0.0022436836666666,0.0034635023333333,0.0024168503333333,0.0052633683333333,0.0051605533333333
0.0019403003333333,0.003903706,0.001887597,0.0003892953333333,0.0016805373333333,0.001226395,0.0077392236666666,0.009480706,0.0001301143333333,0.0019517136666666,0.00609052
0.0,6.66666666666667e-06,0.0001305466666666,0.0,3.28173333333333e-05,0.0,0.0017480803333333,4.36e-06,0.0009318526666666,0.0023722163333333,6.22493333333333e-05
0.0019243703333333,0.0032355093333333,0.0003485983333333,0.0009121786666666,0.0014679903333333,0.0006373843333333,0.0053322303333333,0.0015460883333333,0.0002822186666666,0.002027959,0.003128128
0.012729821,0.0095648823333333,0.0063126536666666,0.002138235,0.0030642113333333,0.0022388313333333,0.0083146643333333,0.015238111,0.0001695186666666,0.0037030516666666,0.0466084033333333
