0.0007199906666666,0.0011357316666666,0.000370087,0.0002378556666666,0.0018419123333333,8.65573333333333e-05,0.0029357605,0.0006588093333333,1.37641666666667e-05,0.0003846033333333,0.005422631
0.000753167,0.0230190886666667,0.0035907716666666,0.0008649833333333,0.002867132,0.0024706786666666,0.333017086666667,0.0017930706666666,0.000538858,0.0011467826666666,0.0041119766666666
0.0004116213333333,0.009003386,0.0016434186666666,0.0022031443333333,0.0034813643333333,0.002715954,0.0018010773333333,0.0021208153333333,0.001341646,0.001295359,0.006227642
0.0002237846666666,0.0041418913333333,0.0011170496666666,0.0005285483333333,0.0002604033333333,0.0003400283333333,0.0013003006666666,0.0007293106666666,0.0,0.0001378336666666,0.0003262406666666
0.0014447526666666,0.0117846543333333,0.0005985066666666,0.0001921226666666,0.0008134653333333,0.000673465,0.0043780843333333,0.0020174166666666,0.0002315113333333,0.0015223246666666,0.0010093666666666
0.0001593386666666,0.004557155,0.0005780893333333,0.000402001,0.001484438,0.000983576,0.0005141443333333,0.001118922,0.0001130823333333,0.000467386,0.0021991523333333
0.0009787123333333,0.021007704,0.0038710416666666,0.0012463253333333,0.0069489173333333,0.0004909933333333,0.0032912813333333,0.010934749,0.000987968,0.0040503643333333,0.0113422223333333
0.001906014,0.0076624923333333,0.0033353016666666,0.0012059423333333,0.0045816593333333,0.0012690956666666,0.014122431,0.024805465,0.0007429953333333,0.0036439286666666,0.0072555283333333
6.66666666666667e-06,0.000139723,0.0003104446666666,4.81853333333333e-05,4.36063333333333e-05,8.29373333333333e-05,0.0046358876666666,0.001097577,0.003301563,0.0049368456666666,6.66666666666667e-06
0.0007877013333333,0.0040920626666666,0.0002724226666666,0.0002678836666666,0.000732419,0.000210172,0.003923631,0.002088991,0.0005768516666666,0.0008333883333333,0.0034953793333333
0.01329342,0.01008495,0.0075822003333333,0.0013297336666666,0.005517666,0.0037058443333333,0.0133469823333333,0.0134336126666667,0.000213589,0.003568378,0.03784078
