0.0044451456666666,0.0028962996666666,0.001186577,0.0089578506666666,0.003497446,0.0013548386666666,0.0035455433333333,0.0042523673333333,0.000323809,0.0007670346666666,0.008192351
0.0026933013333333,0.010915703,0.0058657123333333,0.0011603786666666,0.0080897336666666,0.002203652,0.0053781813333333,0.006594894,0.0004107526666666,0.0010731823333333,0.0050697116666666
0.0019136056666666,0.0076275503333333,0.0012419523333333,0.0018640306666666,0.0031963886666666,0.0042791403333333,0.0021410396666666,0.005182789,0.0022621706666666,0.0019920043333333,0.0039082193333333
0.001296523,0.003868537,0.0008950103333333,0.0009403043333333,0.000875264,0.000312277,0.0018273146666666,0.0007373823333333,7.91496666666667e-05,0.0002813773333333,0.0005525963333333
0.0041006876666666,0.0139387456666667,0.0013938116666666,0.0007661623333333,0.003035192,0.0018982846666666,0.0025738403333333,0.0070473753333333,0.0001764383333333,0.0008069566666666,0.0056992233333333
0.000302028,0.0041929683333333,0.0014251373333333,0.000431344,0.0029956986666666,0.0006830613333333,0.0011026886666666,0.00114393,0.0010155873333333,0.0002381366666666,0.0019867543333333
0.0048520523333333,0.021344487,0.0017284633333333,0.0034350526666666,0.009623716,0.0014273033333333,0.001728301,0.010649395,0.0015712993333333,0.0050407636666666,0.0136061513333333
0.004806572,0.0124937293333333,0.0013614886666666,0.0019545203333333,0.0097698826666666,0.0010067403333333,0.0079868613333333,0.028128721,0.0004041153333333,0.0037005796666666,0.0106318806666667
0.0001657493333333,0.0001915296666666,0.0005172023333333,3.29306666666667e-05,0.001018217,5.77826666666667e-05,0.003080387,3.8067e-05,0.0019483886666666,0.004155004,0.0002943056666666
0.0026813573333333,0.0066778716666666,0.0003206316666666,0.0007824303333333,0.0026989216666666,0.0004861946666666,0.0073351873333333,0.0026552083333333,0.000492123,0.0005523256666666,0.0026888503333333
0.018539466,0.011669963,0.0072006256666666,0.0038952516666666,0.0118460443333333,0.0023749396666666,0.0148400793333333,0.019472747,0.0003448973333333,0.003053489,0.04133807
