0.0036541516666666,0.003369639,0.0010651606666666,0.0024247713333333,0.00220624,0.000709187,0.002308851,0.0011172196666666,0.000362951,0.000984112,0.0061751936666666
0.0038814063333333,0.014234601,0.0046338786666666,0.0014204423333333,0.007363418,0.003927366,0.0080742343333333,0.0033285173333333,0.0002363183333333,0.0014324916666666,0.0044176556666666
0.0012953416666666,0.0143713043333333,0.0015276423333333,0.0032090876666666,0.003104527,0.0017570403333333,0.0024351916666666,0.004708417,0.0032512056666666,0.002282037,0.0079256616666666
0.0013213373333333,0.002623838,0.000290266,0.004662613,0.000342181,0.000631986,0.0007751066666666,0.000805813,5.2614e-05,0.000438189,0.0005803886666666
0.0027954293333333,0.0190282343333333,0.0026506293333333,0.0005473493333333,0.005395234,0.0010800463333333,0.006992217,0.0027354146666666,0.0004162403333333,0.004123682,0.002492671
0.000524696,0.003247705,0.0006159,0.0004912866666666,0.001734654,0.0009865533333333,0.000644392,0.0004939733333333,4.39606666666667e-05,0.0002275813333333,0.0031326603333333
0.0046907756666666,0.0209755673333333,0.002736928,0.001764275,0.0054617516666666,0.001551369,0.001711162,0.0148273506666667,0.0019457976666666,0.006789608,0.0136443146666667
0.0053961616666666,0.0102015263333333,0.0048450273333333,0.0021814253333333,0.0080839063333333,0.0025045433333333,0.0095903516666666,0.0269790833333333,0.0010632123333333,0.0038633953333333,0.014095974
4.41586666666667e-05,0.0006106813333333,0.0014216426666666,5.4027e-05,8.1599e-05,8.33163333333333e-05,0.005240644,0.0008902116666666,0.003092507,0.0052303713333333,0.0001307176666666
0.0014375786666666,0.002673914,0.000620447,0.0008510673333333,0.00200361,0.0005530946666666,0.004112829,0.002933814,0.0016650886666666,0.0006909736666666,0.001661633
0.0149918816666667,0.0130040456666667,0.0087927396666666,0.0031048216666666,0.00810095,0.0029250856666666,0.0177327196666667,0.0209322726666667,0.00159919,0.0058810646666666,0.0350057766666667
