0.0052400106666666,0.0036755063333333,0.001041737,0.0042955506666666,0.003366973,0.0015670706666666,0.004479792,0.0018673366666666,9.31885e-05,0.002897394,0.0080122983333333
0.0051188933333333,0.026722992,0.002207162,0.002809437,0.015258992,0.0039933876666666,0.0052887753333333,0.0063460183333333,0.000483456,0.0053939406666666,0.005452095
0.001225432,0.0115089966666667,0.002119201,0.003485714,0.0018842466666666,0.003014757,0.0014958216666666,0.0015538983333333,0.0021917133333333,0.0059727213333333,0.005891316
0.0006970493333333,0.0033593453333333,0.000244877,0.003297896,0.0007874266666666,0.0035485353333333,0.0028198293333333,0.0009487373333333,4.86376666666667e-05,0.0019682053333333,0.001620325
0.0018098013333333,0.010169042,0.0025087636666666,0.0004896173333333,0.007144984,0.0031470396666666,0.0027640236666666,0.0017358036666666,0.0003791053333333,0.005157075,0.005748083
0.0007264636666666,0.0030391896666666,0.0012074926666666,0.0008769726666666,0.0036135253333333,0.003049183,0.0009193306666666,0.0013369,0.000303407,0.0019341383333333,0.0018316396666666
0.0021669533333333,0.0427279133333333,0.0023718836666666,0.0037049206666666,0.0031816853333333,0.001045913,0.001753199,0.006111529,0.002023866,0.010488129,0.0094408736666666
0.0059345386666666,0.0066170173333333,0.002642572,0.0018829506666666,0.006841377,0.002698794,0.0070319843333333,0.0186126166666667,0.001161275,0.0038857593333333,0.018261508
6.66666666666667e-06,0.000117629,0.0002025203333333,2.93236666666667e-05,5.53706666666667e-05,5.0634e-05,0.001264526,2.46746666666667e-05,0.0012541226666666,0.00263118,5.2529e-05
0.0067729433333333,0.0183966646666667,0.0095315633333333,0.00505078,0.0118851136666667,0.0103112316666667,0.002718535,0.0037267326666666,0.002210395,0.0069469823333333,0.0143031733333333
0.0168518,0.016404389,0.0083318863333333,0.0038933233333333,0.011600256,0.0026225713333333,0.0093947543333333,0.0251298726666667,0.001094403,0.0080810143333333,0.0383614766666667
