0.004578471,0.0026755716666666,0.0007950613333333,0.0007653516666666,0.0017534933333333,0.0006272156666666,0.0014519793333333,0.0011754693333333,1.06083333333333e-05,0.0008848353333333,0.0044744836666666
0.0025681213333333,0.0077278396666666,0.0064884313333333,0.0009709603333333,0.0059421096666666,0.001474223,0.0041424846666666,0.0013195693333333,0.0009288046666666,0.0010822766666666,0.0039260586666666
0.001581147,0.0058754943333333,0.001961909,0.0028745596666666,0.0030440533333333,0.0024057603333333,0.0025459156666666,0.001406983,0.000963819,0.0025038143333333,0.0048806756666666
0.0011291213333333,0.001483646,0.000300655,0.0014237143333333,0.000345578,0.0014115423333333,0.0007495653333333,0.0006208923333333,4.53633333333333e-06,0.0001713873333333,0.0005984903333333
0.0019105186666666,0.0056311446666666,0.0010296513333333,0.0006130856666666,0.0010674643333333,0.0011973333333333,0.0009647866666666,0.001069065,7.2705e-05,0.00304075,0.0026127126666666
0.0009178106666666,0.0015072163333333,0.0006118376666666,0.000519686,0.001921889,0.0012598273333333,0.0006271543333333,0.0004549576666666,0.0003132083333333,0.0006511963333333,0.0019337056666666
0.002517931,0.009098336,0.0010058313333333,0.000608432,0.0013616483333333,0.0003899296666666,0.0012019543333333,0.0038424263333333,0.003598342,0.003129922,0.0065572576666666
0.005880928,0.002617205,0.0032445913333333,0.0007999113333333,0.0009336526666666,0.001177663,0.0054570366666666,0.009833554,8.82233333333333e-05,0.0023395146666666,0.005189951
6.66666666666667e-06,3.33333333333333e-06,5.78063333333333e-05,0.0,2.27453333333333e-05,3.33333333333333e-06,0.0040135233333333,1e-05,0.000775996,0.0040920143333333,6.66666666666667e-06
0.0012696026666666,0.007311352,0.000464722,0.000582053,0.000653079,0.000831202,0.001436561,0.0007772826666666,0.0006570843333333,0.0004265893333333,0.0006081693333333
0.0107912466666667,0.0113386306666667,0.00772758,0.0034019326666666,0.003435635,0.0020148153333333,0.006656697,0.015275294,0.0001679536666666,0.0043046806666666,0.0194503016666667
