0.003361332,0.0049998456666666,3.33333333333333e-06,0.004001373,0.003065616,0.000717806,3.56956666666667e-05,0.003041876,2.78163333333333e-05,3.60733333333333e-05,0.009790113
0.0035939276666666,0.019373614,0.0013266956666666,0.010126843,0.004735991,0.001112209,4.56336666666667e-05,0.004651964,6.66666666666667e-06,0.000213975,0.0035986786666666
0.0006670596666666,0.0093913493333333,0.0003780296666666,0.0030970023333333,0.0038045533333333,0.0014876846666666,3.33333333333333e-06,0.003645258,0.0004362023333333,1.88253333333333e-05,0.0059709086666666
0.0049162493333333,0.000286461,5.84733333333333e-06,0.023729481,3.33333333333333e-06,1.7e-05,3.33333333333333e-06,0.0007475226666666,3.33333333333333e-06,3.33333333333333e-06,0.0154859883333333
0.0029214423333333,0.016827238,0.0012547573333333,0.008926598,0.0048237666666666,0.0025669343333333,2.05e-05,0.0058125103333333,1.8703e-05,0.0009018653333333,0.0031581463333333
0.0010112623333333,0.0044023323333333,0.0016124056666666,0.0013286256666666,0.0010133083333333,0.0008644306666666,3.78836666666667e-05,0.001048688,0.0,4.6577e-05,0.0024163013333333
0.004447914,0.002322191,0.004058014,0.02193016,0.0002375836666666,0.000137988,0.0020522953333333,0.009011311,0.0012801353333333,0.0022538116666666,0.0139409846666667
0.0052669626666666,0.0092834033333333,0.004659322,0.0126264826666667,0.0079137336666666,0.001705413,2.41193333333333e-05,0.0288216833333333,7.44e-06,0.0007763913333333,0.016666197
9.5677e-05,7.5554e-05,0.0007058976666666,0.0005515933333333,1.4727e-05,3.66196666666667e-05,0.0043452843333333,0.0004441463333333,0.0019438853333333,0.0060408626666666,0.000125604
0.001886465,0.0007847306666666,0.000493334,0.0068481673333333,1.23826666666667e-05,0.0004684616666666,0.002547659,0.0017191063333333,0.0005506373333333,0.0001301883333333,0.002125737
0.0151528916666667,0.010290316,0.0002989466666666,0.0244342776666667,0.007841085,0.0016646383333333,1.56666666666667e-05,0.0219651986666667,0.000367801,0.0008323603333333,0.0434281433333333
