0.0030092826666666,0.0021855443333333,0.000551567,0.0001628313333333,0.002305368,0.0004276463333333,0.0018660773333333,0.0018388543333333,0.0005374733333333,0.000759992,0.0077936216666666
0.001375531,0.021965439,0.001130962,0.0010281623333333,0.0036471643333333,0.0012420836666666,0.005714159,0.0020487273333333,0.000672567,0.002358049,0.003967305
0.0006075326666666,0.0108457776666667,0.000307755,0.0014775806666666,0.0031021653333333,0.0011981303333333,0.001051485,0.0022528793333333,0.0008087266666666,0.0005475526666666,0.007423777
7.16606666666667e-05,0.003731806,0.0003443853333333,0.0004654416666666,0.0014412493333333,0.000204194,0.0035227046666666,0.0004632816666666,0.0002577976666666,0.0002002693333333,0.000377213
0.0013870896666666,0.0198966846666667,0.001835646,0.0004163803333333,0.0027653676666666,0.0013522616666666,0.0033943223333333,0.004433747,0.0003010146666666,0.0017944776666666,0.0013764436666666
0.000174206,0.0049419296666666,0.00151991,0.0003453136666666,0.0007834436666666,0.000798026,0.0013914453333333,0.0013644813333333,8.72546666666667e-05,0.000739405,0.0008827073333333
0.0008238386666666,0.017889977,0.0007074593333333,0.000702284,0.0037005946666666,0.0006412526666666,0.001877166,0.0064613413333333,0.0006855193333333,0.0032135386666666,0.0041630586666666
0.0040364716666666,0.008344327,0.004148456,0.001459582,0.003575656,0.0022719936666666,0.0092304223333333,0.024515869,0.0011930713333333,0.003689654,0.021176382
5.79893333333333e-05,0.0006596486666666,0.000211771,9.68876666666667e-05,0.0001472966666666,6.29563333333333e-05,0.0032456876666666,0.0001824853333333,0.001690546,0.0065007306666666,8.962e-05
0.00091176,0.0091066193333333,0.000387382,0.0002214426666666,0.0011916406666666,0.0003635426666666,0.003008441,0.0017068703333333,0.0008830096666666,0.0001112586666666,0.0007268963333333
0.0148567156666667,0.0099394493333333,0.0067305966666666,0.0012986393333333,0.0026256236666666,0.002039591,0.0084371993333333,0.0197451566666667,0.000445306,0.0061961756666666,0.0488541933333333
