0.005835865,0.001234846,0.0004075223333333,0.002299634,0.003396276,0.0010749453333333,0.0017093231666666,0.0006914293333333,2.65578333333333e-05,0.0011898406666666,0.0032143196666666
0.0018652473333333,0.0088015493333333,0.0009423746666666,0.002480984,0.0054649466666666,0.002153678,0.0775256233333333,0.0020052063333333,0.0001348733333333,0.001797979,0.003902522
0.0005557056666666,0.0034399356666666,0.0022206983333333,0.0022664683333333,0.0012901193333333,0.0036845126666666,0.0011953156666666,0.0011817953333333,0.0007135136666666,0.0036301256666666,0.0032420143333333
0.00063513,0.001270131,0.000119669,0.0019669393333333,0.0004055786666666,0.001142545,0.0003356733333333,0.000527107,0.0,0.000729802,0.0003962836666666
0.0007210573333333,0.007547043,0.0014186963333333,0.0001867843333333,0.006644185,0.001965482,0.0017660716666666,0.001963948,7.1705e-05,0.0022342113333333,0.0027132803333333
0.0007507276666666,0.002340198,0.001042823,0.0003660773333333,0.0047493606666666,0.0022480983333333,0.0007027696666666,0.0007120293333333,2.36396666666667e-05,0.0008786643333333,0.0014172683333333
0.0012754926666666,0.0117047796666667,0.0015096753333333,0.000630147,0.0019331256666666,0.0007183543333333,0.001587116,0.0046790943333333,0.002202812,0.0058775316666666,0.0058981796666666
0.002009989,0.003821537,0.001279528,0.0014293816666666,0.003390152,0.0009631086666666,0.005808808,0.0109438696666667,0.000277667,0.0023485936666666,0.008033901
0.0,3.33333333333333e-06,0.0006683416666666,3.33333333333333e-06,2.7735e-05,0.0,0.000669623,7.72166666666667e-06,0.001165827,0.0030855643333333,1.00386666666667e-05
0.0065343633333333,0.0098782526666666,0.0031563013333333,0.003147032,0.0080724476666666,0.0058983403333333,0.0032184153333333,0.0035680946666666,0.0010270346666666,0.0032966286666666,0.0094747773333333
0.0086888933333333,0.0101834833333333,0.0086454976666666,0.0021424393333333,0.006941981,0.00207859,0.0105222503333333,0.0167909583333333,0.000219847,0.0048462753333333,0.0300220143333333
