0.0041848496666666,0.0034052636666666,0.0006877283333333,0.0003115713333333,0.002054042,0.000471375,0.0018259128333333,0.000818012,1.11205e-05,0.0006201396666666,0.00379045
0.0028422136666666,0.006534304,0.0007522076666666,0.0010216306666666,0.0031557806666666,0.0011024336666666,0.004063416,0.0013513626666666,0.0010213143333333,0.000780847,0.0050813713333333
0.001575298,0.0058942626666666,0.0013396673333333,0.0027090183333333,0.002717483,0.0018813786666666,0.0016614773333333,0.0015789423333333,0.0009985056666666,0.0023801733333333,0.00490329
0.0013311653333333,0.0012157003333333,0.0002853836666666,0.001698392,0.0002123926666666,0.0015359303333333,0.000367261,0.0002791546666666,1.4323e-05,0.0002097613333333,0.0006421033333333
0.0021519843333333,0.0036936386666666,0.0010492233333333,0.0002835163333333,0.0029260626666666,0.000905634,0.000766139,0.0010565633333333,9.4783e-05,0.002277828,0.0029756053333333
0.0010262226666666,0.0015611163333333,0.0006487403333333,0.00049311,0.001988441,0.0013818213333333,0.0008668633333333,0.0003705233333333,0.0003286753333333,0.000599222,0.0020403986666666
0.0037697916666666,0.0342138866666667,0.001353593,0.0005040296666666,0.002385209,0.0006738603333333,0.0015578423333333,0.003648649,0.003888213,0.0035291503333333,0.0062854963333333
0.0049717006666666,0.0042243406666666,0.0036759323333333,0.0009157446666666,0.001894724,0.000911762,0.0076051283333333,0.0085402306666666,0.0001051586666666,0.0035025996666666,0.0056763506666666
6.80583333333333e-05,1.36526666666667e-05,0.0004953853333333,0.0,2.68353333333333e-05,0.0,0.0044580553333333,1.92466666666667e-05,0.0009043473333333,0.004225978,6.66666666666667e-06
0.001636263,0.0064171516666666,0.00030613,0.0006045776666666,0.0007801923333333,0.0005810566666666,0.00191763,0.0008553493333333,0.00036938,0.0006054246666666,0.000851272
0.0094925636666666,0.009386573,0.0076788783333333,0.0031623,0.0028350883333333,0.002894818,0.0050679123333333,0.0153919816666667,0.0001662686666666,0.004120143,0.0208573823333333
