0.004921874,0.0011079733333333,0.0005113533333333,0.0013177266666666,0.001235545,0.0003186163333333,0.0027821723333333,0.0009952653333333,1.57176666666667e-05,0.0009553973333333,0.003666294
0.0054716233333333,0.0117085466666667,0.0033852823333333,0.0039309436666666,0.0058984503333333,0.001060674,0.011497176,0.0032217303333333,0.0009931173333333,0.001701698,0.0048211396666666
0.0003692776666666,0.0090801123333333,0.000429914,0.00190551,0.0034338343333333,0.00175693,0.007096838,0.001897603,0.0009897736666666,0.000856544,0.005646128
0.000416788,0.0036212753333333,0.0005211773333333,0.0005161393333333,0.000594669,0.0003416963333333,0.0011333626666666,0.0004440406666666,1e-05,0.0004045983333333,0.0005031583333333
0.002055831,0.0082708333333333,0.000742751,0.0006191536666666,0.003613481,0.0007998643333333,0.0040636926666666,0.0039120506666666,0.0001477283333333,0.001452846,0.0035474666666666
0.0002915553333333,0.002865348,0.000801284,0.0012415506666666,0.0017948473333333,0.0007138853333333,0.0010929853333333,0.0007192786666666,7.65133333333333e-05,0.0003638836666666,0.0017203446666666
0.0016554693333333,0.0151289736666667,0.0028200563333333,0.003876896,0.0061182686666666,0.001009823,0.003188157,0.0158973293333333,0.001521752,0.0052116123333333,0.0127058273333333
0.0030748533333333,0.009022297,0.0060082853333333,0.002506966,0.006055036,0.0016343393333333,0.0175984233333333,0.0293868423333333,0.0010161846666666,0.0043236446666666,0.016967899
0.0014726626666666,5.37756666666667e-05,0.0006299676666666,1.6541e-05,0.0011292603333333,2.12653333333333e-05,0.0061794993333333,0.010038777,0.0029842006666666,0.00601701,7.20113333333333e-05
0.0009955153333333,0.0020492776666666,0.0022146766666666,0.0005508083333333,0.0013903583333333,0.000343326,0.0058452306666666,0.001516122,0.0011641393333333,0.0001645263333333,0.001198736
0.0125284476666667,0.009260989,0.0056354973333333,0.0049645896666666,0.007855403,0.0016021776666666,0.0152970523333333,0.0187285163333333,0.000215638,0.0052628083333333,0.029677744
