0.0046185576666666,0.0026550873333333,0.0,0.0010580583333333,0.0036039,7.08466666666667e-06,0.0,0.0062835146666666,1.38386666666667e-05,3.33333333333333e-06,0.0063953556666666
0.0048516803333333,0.0053192813333333,0.0,0.001822474,0.0079165266666666,0.0,1.00516666666667e-05,0.0245637196666667,0.0,1.1965e-05,0.005996951
0.00131141,0.0044865706666666,0.001557595,0.0038049293333333,0.004235166,0.0016441043333333,3.33333333333333e-06,0.004812239,0.0009805683333333,0.0003332393333333,0.005807561
0.0041466713333333,0.000180448,0.0,0.015645114,1.28746666666667e-05,0.0,0.0,0.0009964263333333,0.0,3.33333333333333e-06,0.010518423
0.004858843,0.0130212073333333,0.0,0.002096022,0.0052177796666666,0.0031120063333333,3.359e-06,0.0302064353333333,1.33333333333333e-05,1e-05,0.0062052746666666
0.000900153,0.002428838,0.0012520806666666,0.002106402,0.0030122746666666,0.0012678346666666,0.0,0.0024354926666666,3.33333333333333e-06,0.0,0.0024250083333333
0.003331048,0.000469485,0.0026179296666666,0.018490373,0.0003670726666666,3.2454e-05,0.0013965133333333,0.013893144,0.00120321,0.0026810826666666,0.0082847346666666
0.0048080586666666,0.0003740286666666,0.0,0.0034289993333333,1.16713333333333e-05,0.00011936,1.58233333333333e-05,0.0699237433333333,1.6717e-05,3.33333333333333e-06,0.0173481883333333
9.88656666666667e-05,1.23956666666667e-05,0.004368071,0.0006212976666666,0.0,4.92946666666667e-05,0.0048594433333333,0.000900298,0.0017319646666666,0.004898503,0.0003157953333333
0.0013662543333333,7.67463333333333e-05,0.001278006,0.0036168463333333,2.75603333333333e-05,0.0003202346666666,0.002411902,0.005853657,0.000718743,0.0002091586666666,0.0040671403333333
0.0157296403333333,0.000446069,0.0,0.0097721193333333,2.38603333333333e-05,2.03973333333333e-05,3.33333333333333e-06,0.0600846066666667,1.52166666666667e-05,8.46083333333333e-05,0.04513307
