0.0028438756666666,0.0010841296666666,0.000488041,0.0029675236666666,0.0020840786666666,0.0004371443333333,0.0018963471666666,0.000890483,1.00341666666667e-05,0.0007054023333333,0.0034075593333333
0.0017919163333333,0.0077481603333333,0.003434548,0.0013146966666666,0.0035972123333333,0.0010813983333333,0.0090462846666666,0.0009031516666666,9.21803333333333e-05,0.000735118,0.0027654206666666
0.0004082933333333,0.004059903,0.001274184,0.001940398,0.0045007296666666,0.002121068,0.0026516886666666,0.0021528666666666,0.000796568,0.0020718763333333,0.0050210546666666
0.000194449,0.0010695926666666,0.0002631363333333,0.001389039,6.6307e-05,8.68226666666667e-05,0.00156559,0.000181089,0.0,0.000422128,0.0002993353333333
0.001452177,0.005233234,0.0013893196666666,0.00032864,0.0032329723333333,0.001889845,0.007599517,0.001487832,0.0001617036666666,0.003125987,0.0017073263333333
0.0002716313333333,0.0019330766666666,0.002234796,0.0006925856666666,0.0014030763333333,0.001402556,0.00049715,0.000132515,0.0003795513333333,0.0006282576666666,0.0011427923333333
0.0012027966666666,0.012772541,0.0034959403333333,0.000710306,0.0045690453333333,0.0004364463333333,0.002251956,0.0066482543333333,0.002186388,0.005751289,0.008103815
0.002140688,0.0050705686666666,0.0037160016666666,0.001448631,0.0017253873333333,0.000768648,0.0119642386666667,0.0096858866666666,0.0005117806666666,0.0042591676666666,0.0079081473333333
6.66666666666667e-06,2.36666666666667e-05,0.0016893763333333,7.512e-06,4.43986666666667e-05,3.33333333333333e-06,0.007902138,4.49606666666667e-05,0.000633449,0.0039894426666666,1.54466666666667e-05
0.0008866826666666,0.0014363393333333,0.0004664386666666,0.000339944,0.0007894376666666,0.0004773883333333,0.0031271236666666,0.0009617286666666,0.000806716,0.0006110433333333,0.001929786
0.01471595,0.0114871633333333,0.0079174523333333,0.0022309576666666,0.006465684,0.0028970823333333,0.0099548716666666,0.014933386,9.2871e-05,0.0041298516666666,0.0230592493333333
