0.0025261916666666,0.001009961,0.0003501946666666,0.0034592066666666,0.0014938876666666,0.0011236153333333,0.0017308481666666,0.0005215643333333,2.91535e-05,0.0004185716666666,0.002482646
0.0003322323333333,0.0046165686666666,0.002980909,0.0003081736666666,0.003140324,0.0019060753333333,0.0063454603333333,0.0002894156666666,3.67246666666667e-05,0.0006219206666666,0.0030449583333333
0.0004586773333333,0.004618802,0.003550153,0.0019046346666666,0.005004219,0.0033975733333333,0.000525292,0.0016257793333333,0.0009960813333333,0.0038513963333333,0.0036508953333333
0.0007483943333333,0.0017208993333333,0.0001205086666666,0.0002561583333333,0.0001300023333333,0.0001498603333333,0.0009716993333333,0.0001949536666666,3.33333333333333e-06,9.93553333333333e-05,0.0002962533333333
0.0015077486666666,0.0047899286666666,0.001083521,0.0002824993333333,0.0081709513333333,0.0001862963333333,0.006785399,0.002811303,3.40816666666667e-05,0.000441573,0.0015248356666666
0.0005750723333333,0.001783033,0.001475351,0.0006147213333333,0.0011653823333333,0.002236015,0.0005833,0.0001748446666666,0.0003563756666666,0.0005038646666666,0.001556014
0.001403914,0.0070460613333333,0.000876005,0.0012229033333333,0.0013115886666666,0.000365506,0.0026501766666666,0.0037477576666666,0.0010338656666666,0.005676584,0.0055696953333333
0.0022972503333333,0.0024041483333333,0.0029231886666666,0.001276655,0.0018539746666666,0.0010085676666666,0.0080104346666666,0.0069263986666666,9.40153333333333e-05,0.0026133116666666,0.003809258
3.67633333333333e-06,1.13603333333333e-05,9.7476e-05,6.66666666666667e-06,0.0005904603333333,3.33333333333333e-06,0.0026187033333333,2.064e-05,0.000524508,0.003423628,2.24886666666667e-05
0.0008197423333333,0.0009722323333333,0.0004349326666666,0.000256845,0.0003183133333333,0.0008115353333333,0.0233339513333333,0.000712573,0.0019273016666666,0.0010585776666666,0.000552951
0.0078026113333333,0.007852501,0.0067909856666666,0.001350542,0.0039741816666666,0.00298182,0.006352305,0.0148926846666667,0.0002107933333333,0.004251882,0.017474938
