0.0033184903333333,0.001704035,0.0003871326666666,0.000112633,0.001556709,0.0002544213333333,0.0032429066666666,0.001498263,5.65786666666667e-05,0.001201564,0.0056381216666666
0.0022600366666666,0.0144006006666667,0.001230543,0.0016342683333333,0.0044656256666666,0.0012110456666666,0.03911171,0.001377387,0.0007833983333333,0.002793207,0.0032764493333333
0.0015983166666666,0.0046234083333333,0.0014152703333333,0.001698454,0.0013117156666666,0.0031837293333333,0.0011676536666666,0.0011288896666666,0.0006215906666666,0.00139976,0.0039158036666666
0.0001913256666666,0.00256554,8.74006666666667e-05,0.0016933283333333,0.0002699606666666,0.0014821626666666,0.0020390143333333,0.0002776556666666,1e-05,0.0008590383333333,0.000902196
0.0005656416666666,0.010349269,0.001287458,0.0002263296666666,0.001327726,0.000222693,0.001785174,0.0018865026666666,7.99243333333333e-05,0.002890373,0.001770356
0.0002029813333333,0.0036369963333333,0.0012973473333333,0.0004431106666666,0.0039924303333333,0.0013826643333333,0.0004774213333333,0.00056373,0.0002489053333333,0.0009850693333333,0.001539138
0.0009759323333333,0.0171373526666667,0.0008904436666666,0.0003507333333333,0.000909147,0.0008588,0.0013684443333333,0.0049417183333333,0.0022045953333333,0.0054984446666666,0.0049095216666666
0.0024858293333333,0.003943182,0.0014699186666666,0.000533196,0.0024736233333333,0.000896434,0.0077893236666666,0.015751852,0.000240849,0.0034647696666666,0.007884648
0.0,3.33333333333333e-06,0.0004845746666666,3.33333333333333e-06,4.90643333333333e-05,0.0,0.0015790686666666,5.499e-06,0.0009366576666666,0.002786046,1.52506666666667e-05
0.0021447976666666,0.0060029303333333,0.000730061,0.0033329156666666,0.0035063813333333,0.0011762106666666,0.006073631,0.00286931,0.0001651983333333,0.0028794103333333,0.0053139426666666
0.0130610306666667,0.00917181,0.006972878,0.0015858036666666,0.0035614236666666,0.0019498896666666,0.0095011393333333,0.0186175026666667,9.84583333333333e-05,0.0050229316666666,0.03768184
