0.0027997803333333,0.0005877103333333,0.0009839946666666,6.04173333333333e-05,0.0024409636666666,3.3398e-05,0.001391934,0.0007029683333333,5.01e-06,0.001105647,0.0067729103333333
0.0010991563333333,0.0148483486666667,0.001640536,0.0006488206666666,0.0021175426666666,0.0014068566666666,0.0069356273333333,0.0007811436666666,0.0002870053333333,0.001292287,0.0062083096666666
0.0006222503333333,0.006936708,0.0033969243333333,0.002556614,0.0009260143333333,0.003215309,0.002122499,0.0014744083333333,0.0011928006666666,0.002964774,0.0016114073333333
0.001626343,0.0021480863333333,0.0002169606666666,0.0005596203333333,0.000108902,0.000168359,0.0010300803333333,0.0006863923333333,1.5138e-05,0.000561164,0.000113144
0.0010113683333333,0.0093191836666666,0.0012168003333333,0.0004940853333333,0.000346849,0.0003464236666666,0.006441243,0.0038866863333333,7.0309e-05,0.0005076106666666,0.0011000443333333
0.000115126,0.003317874,0.0022725026666666,0.0003233343333333,0.0011933376666666,0.0003992806666666,0.0008217813333333,0.0003000783333333,4.13833333333333e-06,0.0001026763333333,0.0006955846666666
0.001281129,0.019827801,0.0010511953333333,0.00155086,0.0040672686666666,0.000469541,0.00238753,0.0070104796666666,0.0007754923333333,0.0053127656666666,0.0120414443333333
0.0017819543333333,0.0052007893333333,0.0033037926666666,0.0003001803333333,0.002185055,0.000513256,0.0110668163333333,0.0132570103333333,0.0004438043333333,0.0037532486666666,0.006234999
6.78933333333333e-06,0.000195448,0.000531272,3.33333333333333e-06,2.32743333333333e-05,0.0,0.0014273816666666,2.8882e-05,0.000776586,0.0008112586666666,1.28996666666667e-05
0.0008990623333333,0.0041745216666666,0.0002646833333333,0.0002901623333333,0.000444531,0.0003871133333333,0.0030737716666666,0.001097579,0.0004112433333333,0.000631911,0.0007997023333333
0.013439231,0.0077848853333333,0.0040939546666666,0.0012279186666666,0.0032304436666666,0.0016044533333333,0.0176954496666667,0.0181234423333333,0.0001046296666666,0.0040562663333333,0.0336906766666667
