0.0039174206666666,0.001030882,0.0004131153333333,0.0001557273333333,0.0011343706666666,0.000179675,0.0025449988333333,0.0005420513333333,2.30375e-05,0.000820418,0.004539023
0.0025472126666666,0.0115866966666667,0.0009091216666666,0.0010667613333333,0.0027608206666666,0.0012379483333333,0.731773933333333,0.0009084376666666,5.98743333333333e-05,0.0017113733333333,0.0043689676666666
0.0005578633333333,0.0053202046666666,0.0018835123333333,0.0029418023333333,0.0038350976666666,0.0035789566666666,0.0011166486666666,0.00306044,0.001852136,0.001590621,0.0047213856666666
0.000824381,0.001308297,0.0001549196666666,0.0005203973333333,0.0001308796666666,0.0001123106666666,0.0018018883333333,0.000140257,0.0,0.0002075066666666,0.0002846896666666
0.0018913346666666,0.003839751,0.0006697806666666,0.0001854093333333,0.002916247,0.0024407566666666,0.0065901316666666,0.001923079,6.07273333333333e-05,0.000817793,0.00332638
0.0002240223333333,0.0016703123333333,0.001095975,0.0007013096666666,0.0019980746666666,0.001198789,0.0012980903333333,0.0003187073333333,1e-05,0.0002860696666666,0.0008375963333333
0.0034482013333333,0.0111519866666667,0.001442812,0.000801793,0.0044303583333333,0.001188822,0.0031524453333333,0.00758431,0.001696936,0.0063726653333333,0.010995991
0.0032749756666666,0.0054427323333333,0.0036089213333333,0.0015690943333333,0.0039420626666666,0.0013691443333333,0.0128132263333333,0.012285925,0.0002663536666666,0.0041471386666666,0.0079309976666666
3.33333333333333e-06,0.000103106,0.0009841116666666,4.91666666666667e-05,5.92076666666667e-05,3.33333333333333e-06,0.0044160863333333,2.37196666666667e-05,0.002702763,0.004840784,8.9996e-05
0.0011650353333333,0.001827253,0.000496552,0.000429158,0.0012360266666666,0.0008267076666666,0.0030567213333333,0.0012054436666666,0.0007706613333333,0.0016733223333333,0.000955537
0.0127621616666667,0.0081788866666666,0.0077359926666666,0.0038153256666666,0.0051666113333333,0.0015460343333333,0.0172166936666667,0.0152930966666667,0.0002366913333333,0.004742994,0.0169530863333333
