0.0027824836666666,0.001126428,0.000590307,9.2221e-05,0.0015759293333333,0.000394873,0.0018054143333333,0.000395854,1.66986666666667e-05,0.0006061273333333,0.0042813176666666
0.00086852,0.0088444673333333,0.001397,0.0006769953333333,0.0026837083333333,0.0012417856666666,0.0044605836666666,0.0017685103333333,0.0001973866666666,0.0006944966666666,0.001492982
0.0004005033333333,0.004415253,0.0019641033333333,0.002185611,0.004300059,0.0036574333333333,0.001859782,0.0018616183333333,0.001363191,0.0019929723333333,0.0036709173333333
0.001236504,0.0015199456666666,0.0001102243333333,0.002467309,0.0003225736666666,0.000366142,0.0011902756666666,0.000338752,0.0,0.0007390706666666,0.0004571036666666
0.0017421266666666,0.0067178693333333,0.0010187336666666,0.0002449306666666,0.000402699,0.001094365,0.0032501036666666,0.00194538,0.0001403016666666,0.0008784356666666,0.0023683353333333
0.0002390143333333,0.001846627,0.0022212143333333,0.0003997436666666,0.001579672,0.000857721,0.002523383,0.0001552506666666,0.0002727916666666,0.0008977823333333,0.0009188653333333
0.0013165686666666,0.008282162,0.0020018566666666,0.002106541,0.0012249823333333,0.0004821426666666,0.021463926,0.0036560976666666,0.0018325003333333,0.0063707063333333,0.0066692113333333
0.0012987693333333,0.0009568763333333,0.003743572,0.0014661316666666,0.002510806,0.000894115,0.0064372876666666,0.00856448,9.2106e-05,0.0036639423333333,0.004317714
7.63226666666667e-05,0.0,0.0006140656666666,3.33333333333333e-06,3.11143333333333e-05,3.33333333333333e-06,0.004541063,2.57246666666667e-05,0.000845985,0.0040816266666666,1e-05
0.0005333213333333,0.00113653,0.0003135903333333,0.0002056966666666,0.0005445936666666,0.0003418466666666,0.0027939933333333,0.000758419,0.001603174,0.000818002,0.0009940896666666
0.0079192406666666,0.0111684076666667,0.0069155066666666,0.002693014,0.0043541226666666,0.0011138626666666,0.0149363876666667,0.0152637646666667,0.000163529,0.0036291183333333,0.0238125483333333
