0.003311402,0.001711439,0.0005489956666666,0.000392098,0.002231787,0.0004089403333333,0.0021035696666666,0.0005247926666666,2.21506666666667e-05,0.0006703216666666,0.003055943
0.0032060763333333,0.0065809113333333,0.0017924576666666,0.001153086,0.0027897336666666,0.0007934166666666,0.0097606956666666,0.0017527083333333,0.000832826,0.001382119,0.005541695
0.0017302136666666,0.006469041,0.0030459196666666,0.002977381,0.0031143903333333,0.0015619783333333,0.002043205,0.0018132853333333,0.0011889273333333,0.00188715,0.004992974
0.001295193,0.000915929,0.0002915576666666,0.0019367703333333,0.000460566,0.0010118156666666,0.000440783,0.000187764,2.0246e-05,0.0001222996666666,0.0004251486666666
0.0021804496666666,0.0041754203333333,0.0012922023333333,0.0001089063333333,0.0036610053333333,0.001507059,0.0008366606666666,0.0005034446666666,2.06213333333333e-05,0.0011217673333333,0.0013008213333333
0.000507398,0.001376674,0.0006322386666666,0.0004289893333333,0.002809459,0.0014389716666666,0.000629548,0.000337183,0.0003533466666666,0.0008519636666666,0.0018279276666666
0.0024497946666666,0.0083615746666666,0.0014290486666666,0.0004447706666666,0.000831753,0.0009154263333333,0.002382587,0.0034414256666666,0.0031345786666666,0.0032224973333333,0.0099519656666666
0.0037231606666666,0.0019031973333333,0.0031768073333333,0.0016671123333333,0.0013743073333333,0.0014996703333333,0.0090030596666666,0.0095534163333333,0.0003852286666666,0.0021308633333333,0.0113991873333333
2.20173333333333e-05,0.0,0.0041088306666666,0.0,1.56866666666667e-05,0.0,0.00367838,6.66666666666667e-06,0.0009223743333333,0.0053632366666666,9.368e-06
0.0019603706666666,0.0059144343333333,0.0002366283333333,0.000310825,0.000546051,0.0004284536666666,0.0209561463333333,0.000600056,0.000298133,0.0004780066666666,0.00054535
0.0121935106666667,0.0085370973333333,0.0083137936666666,0.0031018366666666,0.0023433683333333,0.0017101406666666,0.0133169106666667,0.017343893,0.000391936,0.00312411,0.0264056923333333
