0.0039706026666666,0.0002766726666666,0.0003664856666666,0.0015432763333333,0.0013243013333333,0.0003918846666666,0.0018761171666666,0.000442348,2.83768333333333e-05,0.0004168503333333,0.0030646066666666
0.0008471476666666,0.0060570036666666,0.0015627496666666,0.00074851,0.0025160686666666,0.000140435,0.0080810703333333,0.0012893943333333,1.4489e-05,0.000582536,0.0015949656666666
0.0003136536666666,0.0051392266666666,0.000349642,0.0011776896666666,0.003151162,0.0011890483333333,0.0005126683333333,0.0012353936666666,0.00040997,0.0015197673333333,0.0038855316666666
0.0003134186666666,0.0009552143333333,5.46753333333333e-05,0.001638034,4.27193333333333e-05,9.34046666666667e-05,0.000494556,0.00020603,6.66666666666667e-06,7.3144e-05,0.00016448
0.0011293176666666,0.003275131,0.0012552283333333,7.98816666666667e-05,0.0015091933333333,7.8228e-05,0.0022085003333333,0.0016893153333333,0.0001938156666666,0.0014223183333333,0.0016092666666666
0.0001097193333333,0.0010207796666666,0.0015996393333333,0.0002424066666666,0.0010139713333333,0.0006246583333333,0.0004726586666666,0.0002110303333333,0.0001980576666666,0.0002784133333333,0.0010443256666666
0.0009182936666666,0.0087034486666666,0.0012910876666666,0.0003844733333333,0.001504651,0.0004641236666666,0.001082461,0.0031730786666666,0.0012958713333333,0.005156632,0.0092860293333333
0.0012272776666666,0.0014421213333333,0.0033858293333333,0.0004235056666666,0.0012403416666666,0.000840625,0.005170301,0.0067657303333333,6.8613e-05,0.0019875313333333,0.004010562
4.008e-06,0.0,0.001294629,4.17866666666667e-06,2.3587e-05,0.0,0.002846179,2.3672e-05,0.0004789073333333,0.0025986683333333,3.33333333333333e-06
0.0007801003333333,0.001155042,0.0001178543333333,1.72613333333333e-05,0.00010583,6.85213333333333e-05,0.003198576,0.000543943,0.0002870026666666,0.0001094833333333,0.000686273
0.0132769163333333,0.0034065806666666,0.006755608,0.0034223086666666,0.0052819413333333,0.0006669676666666,0.0267048406666667,0.0136665443333333,0.0001741543333333,0.003092244,0.0326540183333333
