0.003250075,0.0027548256666666,0.0004987346666666,0.0006191306666666,0.0023117953333333,0.0005508613333333,0.001579412,0.0007245376666666,0.000707685,0.0006270023333333,0.0063230263333333
0.0033014593333333,0.0079292923333333,0.0041598803333333,0.0017170133333333,0.0079897113333333,0.0017522166666666,0.0028974473333333,0.002564514,0.004480924,0.0015626283333333,0.0063668513333333
0.0018884936666666,0.008105814,0.001513044,0.0023910106666666,0.0031966,0.003275258,0.000658429,0.0016061576666666,0.001390333,0.0020722313333333,0.0048969736666666
0.0009765893333333,0.0022737523333333,0.0005356576666666,0.002343036,0.001597494,0.000338593,0.006558642,0.0007101033333333,3.1536e-05,0.0004798406666666,0.0016720756666666
0.0023415476666666,0.0101572603333333,0.00149734,0.0013411586666666,0.00344092,0.002254809,0.003408518,0.0063970793333333,0.0014572186666666,0.0016958876666666,0.005140132
0.0016746333333333,0.0028597,0.001238855,0.000563157,0.0022341733333333,0.000786594,0.0005382406666666,0.001665807,0.000607073,0.0005944506666666,0.001420337
0.0034094,0.0148735423333333,0.0033513393333333,0.0029072596666666,0.0087654393333333,0.0015958763333333,0.0029981826666666,0.0051126266666666,0.0023063336666666,0.0036352953333333,0.0058889326666666
0.0071065366666666,0.004761731,0.0038689103333333,0.0022301923333333,0.004707951,0.0040586836666666,0.006861493,0.0132944643333333,0.004251052,0.0047502946666666,0.0113095286666667
1e-05,7.10976666666667e-05,0.000227251,0.0001309873333333,4.7081e-05,3.33333333333333e-06,0.0013740256666666,0.0009890506666666,0.0054665356666666,0.0033787246666666,2e-05
0.0016063656666666,0.003917329,0.0008626953333333,0.001001581,0.0015472673333333,0.0005360416666666,0.0014675603333333,0.0033893956666666,0.001937677,0.002477896,0.0028375506666666
0.0213919983333333,0.0114995676666667,0.0120923053333333,0.0067033103333333,0.0099319433333333,0.0029338813333333,0.0087329243333333,0.0248505063333333,0.0035937523333333,0.0033881536666666,0.0347337933333333
