0.0042176246666666,0.0018072886666666,0.0007817716666666,0.0004416086666666,0.002127319,0.0006016586666666,0.0038557836666666,0.001260311,4.88143333333333e-05,0.00072364,0.0048569066666666
0.0045286136666666,0.008670335,0.0009672386666666,0.0012337793333333,0.006027551,0.001623584,0.007287385,0.002147201,0.0004820216666666,0.001797538,0.004099146
0.000664407,0.007138659,0.0011469303333333,0.0035151003333333,0.003109935,0.0032187436666666,0.0008341636666666,0.002299849,0.0011319276666666,0.002292478,0.004974454
0.0030230463333333,0.0017324926666666,0.0001779386666666,0.0022984963333333,0.000604855,0.001616706,0.001501819,0.0002709233333333,6.66666666666667e-06,0.0003603956666666,0.000462369
0.0014505596666666,0.009974034,0.0010806063333333,0.000235369,0.002210722,0.0006751563333333,0.0020767896666666,0.001072397,0.0002191153333333,0.0026884033333333,0.0015335986666666
0.0005749363333333,0.0016948633333333,0.000568737,0.000803508,0.0025943163333333,0.0024093,0.000578643,0.0003408456666666,0.000483949,0.0009103266666666,0.002173046
0.0033959416666666,0.0085382106666666,0.0037619066666666,0.0010096846666666,0.002218107,0.000921561,0.002453139,0.006490346,0.002982192,0.0050458066666666,0.009273673
0.0027135133333333,0.0071757763333333,0.002829211,0.0006300383333333,0.0024988223333333,0.0012027376666666,0.0081033766666666,0.0075178916666666,0.00023457,0.0029168703333333,0.0099076966666666
1.80666666666667e-05,0.0,0.0009659893333333,3.33333333333333e-06,3.25156666666667e-05,0.0,0.0092239476666666,0.0003083173333333,0.0013051383333333,0.0048895803333333,0.0
0.001198866,0.0008497803333333,0.000684838,0.0005181413333333,0.0010040103333333,0.000409573,0.0024865163333333,0.0009869256666666,0.0007379653333333,0.0008317196666666,0.0012417323333333
0.0152434513333333,0.0114790773333333,0.0096559156666666,0.003393187,0.0061054846666666,0.002811791,0.0071998913333333,0.0187274866666667,0.0011939493333333,0.0072615146666666,0.0258230766666667
