0.00249369,0.0013881376666666,0.000327118,0.0050039263333333,0.0014031506666666,0.000266573,0.0024380206666666,0.000665311,4.0802e-05,0.0003110953333333,0.007547919
0.0010022143333333,0.0145570266666667,0.0011702236666666,0.000861342,0.0025653343333333,0.0010150666666666,0.0051885806666666,0.0080959996666666,0.0001008896666666,0.0011665173333333,0.001762606
0.0004257726666666,0.006712823,0.000318425,0.0018250496666666,0.0037729653333333,0.000468825,0.000672737,0.0040526146666666,0.000765607,0.000613792,0.0048307353333333
0.0002360976666666,0.0027430486666666,0.0001445763333333,0.0008606993333333,0.000136965,0.0001071486666666,0.0009474736666666,0.0006566836666666,3.33333333333333e-06,0.000416515,0.0007669296666666
0.004199492,0.009569665,0.0017348213333333,0.0001482066666666,0.0011160623333333,0.0004055846666666,0.0025745423333333,0.004315106,4.21646666666667e-05,0.000636962,0.0091299046666666
0.0002602663333333,0.0037188143333333,0.0004105396666666,0.000318392,0.0006566413333333,0.0005164443333333,0.0011638513333333,0.0008302573333333,2.57253333333333e-05,9.687e-05,0.0008397476666666
0.0038168653333333,0.0187662733333333,0.0004583543333333,0.0010846693333333,0.003099889,0.0005454093333333,0.0015251743333333,0.0098139556666666,0.002055698,0.004075574,0.012331102
0.0032890433333333,0.00822482,0.0027009806666666,0.001064107,0.0033802183333333,0.0019851493333333,0.0108267643333333,0.0194951563333333,0.000230477,0.0035510596666666,0.0121973073333333
0.00055007,8.18936666666667e-05,4.80003333333333e-05,1.0136e-05,6.00496666666667e-05,3.33333333333333e-06,0.0044096126666666,5.77656666666667e-05,0.001185615,0.003825513,4.38666666666667e-06
0.001114699,0.0023303843333333,0.0002404876666666,6.24553333333333e-05,0.0006114216666666,0.0003048426666666,0.0017707706666666,0.0018428316666666,0.0001996883333333,0.000200288,0.0012756683333333
0.0094217353333333,0.0061937273333333,0.003069419,0.0008992873333333,0.005742319,0.0006578893333333,0.0134152696666667,0.0127842296666667,7.32676666666667e-05,0.002900069,0.0324431046666667
