0.0027472943333333,0.0015177546666666,0.0006744466666666,0.000313532,0.0015197236666666,0.0002571653333333,0.0017016775,0.0008151286666666,2.41916666666667e-06,0.0007045016666666,0.0023506963333333
0.0003830126666666,0.0077682486666666,0.0027629623333333,0.0003986976666666,0.0022633643333333,0.0012536963333333,0.0071589726666666,0.0002565223333333,2.66953333333333e-05,0.0013858486666666,0.0022361653333333
0.0001506533333333,0.0040252946666666,0.0030773123333333,0.0017890183333333,0.00467674,0.0021294793333333,0.0014300726666666,0.0016203373333333,0.000629837,0.0019479803333333,0.0039588953333333
8.67236666666667e-05,0.0007464023333333,6.33263333333333e-05,0.0007245553333333,8.20046666666667e-05,0.0001160093333333,0.0005277906666666,0.0002282993333333,0.0,0.000412228,0.000237673
0.0013017976666666,0.0032566873333333,0.000881732,8.8983e-05,0.0006642436666666,0.0005101243333333,0.0025446576666666,0.001955799,6.66666666666667e-06,0.0007974236666666,0.0017797623333333
0.0002331833333333,0.0015657383333333,0.0005031603333333,0.0006317886666666,0.00109405,0.0010766743333333,0.0007639963333333,0.0004794806666666,0.0003313146666666,0.0004850976666666,0.0010407413333333
0.001416574,0.007741327,0.002117122,0.0006083573333333,0.0033940033333333,0.000750905,0.002005077,0.0039924843333333,0.0016183123333333,0.004658788,0.0061480213333333
0.002978884,0.0033490533333333,0.0031271926666666,0.000986931,0.0026499756666666,0.0006770966666666,0.008685534,0.0078764076666666,3.70223333333333e-05,0.0029745543333333,0.0041512796666666
6.66666666666667e-06,9.47633333333333e-06,0.0012181793333333,3.824e-06,3.35706666666667e-05,1.17046666666667e-05,0.0021319703333333,0.001108412,0.0004531563333333,0.005378369,3.33333333333333e-06
0.0008260576666666,0.001779696,0.00026183,0.0005596346666666,0.0011968506666666,0.0003162546666666,0.0033618213333333,0.0015910856666666,0.000608409,0.0004424776666666,0.0005767613333333
0.0154806396666667,0.0071026186666666,0.005588915,0.0010338113333333,0.004347762,0.0018043813333333,0.0093016396666666,0.0130836356666667,0.0003570303333333,0.0036448133333333,0.020164843
