0.004258404,0.0033536726666666,0.002325939,0.0012584536666666,0.0084553893333333,0.001348725,0.0034929033333333,0.0034678873333333,0.0003713896666666,0.000826388,0.0108456513333333
0.001703803,0.0042092163333333,0.0016713633333333,0.0023583426666666,0.0065461316666666,0.001075487,0.0039351636666666,0.00129902,0.0007173323333333,0.0016318593333333,0.002418849
0.000938062,0.0081609963333333,0.0014740383333333,0.002284258,0.0054217873333333,0.002594813,0.0016788696666666,0.0025134056666666,0.0019371253333333,0.0027462163333333,0.0073233376666666
0.0007661673333333,0.002954737,0.001280285,0.0017218296666666,0.0020733193333333,0.000624984,0.007222872,0.001724501,0.0004292706666666,0.0012607483333333,0.0012500143333333
0.0063735986666666,0.012487341,0.0043940056666666,0.0012378456666666,0.006245223,0.0026587746666666,0.0076228333333333,0.0037031583333333,0.001187949,0.002967363,0.006430359
0.0007037846666666,0.0055770533333333,0.0018018073333333,0.0005268376666666,0.001934662,0.0010041996666666,0.0010654986666666,0.0012129696666666,0.000211722,0.0009967503333333,0.0019242486666666
0.0028098356666666,0.0156084653333333,0.0027877396666666,0.0073719923333333,0.0069691706666666,0.002740095,0.0017474793333333,0.0073718403333333,0.001377826,0.0040541006666666,0.0091290076666666
0.0068512396666666,0.007399725,0.006765217,0.0061909473333333,0.0132918953333333,0.0026170336666666,0.0122072506666667,0.0209645376666667,0.0018392566666666,0.005368562,0.022092681
0.0001499966666666,0.001094565,0.000661581,9.65883333333333e-05,0.00029877,0.0001550146666666,0.0052774626666666,0.000485416,0.0024064853333333,0.0086070546666666,0.0004846253333333
0.001951924,0.0083749156666666,0.001531293,0.0008608706666666,0.0032462386666666,0.0006183266666666,0.0047642033333333,0.0035688916666666,0.001221632,0.0010849776666666,0.0021466693333333
0.0175709136666667,0.0116118046666667,0.007111681,0.003443173,0.0115004186666667,0.0034073276666666,0.0142851663333333,0.0249123923333333,0.0014893583333333,0.004926839,0.0303551676666667
