0.0043257436666666,0.004130206,2.2309e-05,0.008552493,0.0036956773333333,0.000933982,1.43036666666667e-05,0.0028877626666666,1.01713333333333e-05,4.90103333333333e-05,0.0093343483333333
0.0064137836666666,0.0166657243333333,0.0036081026666666,0.0201995443333333,0.0074024186666666,0.0020256983333333,6.35223333333333e-05,0.005218562,1.33333333333333e-05,0.0003628,0.0081108606666666
0.0012673513333333,0.006695551,0.000898803,0.0054755516666666,0.005462433,0.0014544636666666,0.0,0.0030832523333333,0.0008492773333333,0.000551312,0.006028956
0.0072342433333333,0.0001734936666666,6.66666666666667e-06,0.0196356333333333,7.62533333333333e-06,3.33333333333333e-06,3.33333333333333e-06,0.0010466293333333,0.0,1.33333333333333e-05,0.0161668616666667
0.0028074746666666,0.0181850376666667,0.001938101,0.0190175356666667,0.004079887,0.0027656603333333,4.36046666666667e-05,0.0090780643333333,2.63473333333333e-05,0.0006923476666666,0.0073952726666666
0.0011746296666666,0.0040547926666666,0.0018669606666666,0.0033078073333333,0.0016996573333333,0.0012422606666666,1.0749e-05,0.0016624946666666,3.33333333333333e-06,4.3934e-05,0.0020270436666666
0.004826683,0.0009298176666666,0.005406399,0.023324647,8.4785e-05,5.73616666666667e-05,0.0017943313333333,0.0137208143333333,0.002755072,0.0056918346666666,0.0143871343333333
0.0078728456666666,0.0132103993333333,0.0061587226666666,0.0227124286666667,0.0070500723333333,0.0057608003333333,7.16366666666667e-05,0.0347186233333333,2.81546666666667e-05,0.000695524,0.0216385623333333
0.000397774,8.604e-06,0.000363105,0.001381113,3.33333333333333e-06,8.30763333333333e-05,0.0061895563333333,0.000687976,0.0015864103333333,0.008154315,0.0001373763333333
0.0017519133333333,0.0002540533333333,0.001306168,0.006008507,6.66666666666667e-06,0.0007931996666666,0.0039036886666666,0.0025432583333333,0.0006912743333333,8.5595e-05,0.0018888796666666
0.0209437843333333,0.016943768,0.0007911433333333,0.03620295,0.0051476823333333,0.0058299693333333,2.28e-05,0.0222274193333333,0.0006537303333333,0.000767868,0.025288589
