0.0096565766666666,0.001366613,0.0005457423333333,0.0041553263333333,0.001882594,0.0004408993333333,0.0017958945,0.000653615,4.35065e-05,0.0012007253333333,0.0033523556666666
0.002274809,0.0179909363333333,0.0023030016666666,0.002987594,0.0052750243333333,0.0019411676666666,0.004865778,0.0027013756666666,0.0004754493333333,0.0023862523333333,0.0029801096666666
0.0003771103333333,0.0027878736666666,0.0015533466666666,0.0011446816666666,0.000831744,0.0020882986666666,0.003544537,0.0009894983333333,0.0011387323333333,0.0016605476666666,0.0025891386666666
0.0010167796666666,0.0015279053333333,0.000340181,0.001758378,0.000330662,0.0016054313333333,0.0003500996666666,0.0001588936666666,5.5156e-05,0.0005329666666666,0.001784712
0.0007037993333333,0.0049571196666666,0.000907278,0.0001217133333333,0.0032596366666666,0.0002921936666666,0.0017259633333333,0.000475608,5.55686666666667e-05,0.002423259,0.0032912176666666
0.0004743813333333,0.002325615,0.0010364243333333,0.000453072,0.0018708023333333,0.000691685,0.001128929,0.0002965923333333,0.0010851306666666,0.0009774373333333,0.0014766933333333
0.001342376,0.0069433873333333,0.001014657,0.0001774856666666,0.0020784253333333,0.001263174,0.001638764,0.0036770643333333,0.0022416363333333,0.006302019,0.0057769666666666
0.002215956,0.0027146373333333,0.0015971466666666,0.000998372,0.0023739603333333,0.0011437256666666,0.0059498416666666,0.0126607113333333,0.0002481073333333,0.002619734,0.0082581096666666
3.33333333333333e-06,3.33333333333333e-06,7.99903333333333e-05,0.0,3.28273333333333e-05,0.0,0.0007547093333333,5.20266666666667e-06,0.00104613,0.0032406826666666,0.0
0.0052714666666666,0.0095061713333333,0.0028416443333333,0.0042823913333333,0.0072824816666666,0.005139395,0.0023196963333333,0.0043790046666666,0.0005961636666666,0.0036174623333333,0.0103229523333333
0.0104963416666667,0.0062701956666666,0.0055533826666666,0.0023517213333333,0.004176348,0.0022200206666666,0.0070845183333333,0.013055353,0.0015625553333333,0.005225969,0.0225389303333333
