0.0036843856666666,0.0035690003333333,3.33333333333333e-06,0.0078937486666666,0.0060686006666666,0.0010375373333333,6.66666666666667e-06,0.0029498583333333,2.7038e-05,0.000105957,0.0098955723333333
0.005643439,0.0387245166666667,0.004904125,0.0195862376666667,0.0107495153333333,0.0029631116666666,1.66773333333333e-05,0.0065128596666666,1.13e-05,0.000126419,0.0053161353333333
0.003541333,0.009699347,0.0024818483333333,0.0050765996666666,0.0042739766666666,0.001519518,1.01083333333333e-05,0.0038006253333333,0.0016069393333333,3.80053333333333e-05,0.005567334
0.007475371,0.0004036766666666,2.08613333333333e-05,0.0283474996666667,2.87243333333333e-05,1.11896666666667e-05,6.83333333333333e-06,0.0014119133333333,3.33333333333333e-06,2e-05,0.0193454126666667
0.0126450136666667,0.0247746066666667,0.0026306503333333,0.0128061666666667,0.0064450393333333,0.002652458,9.83333333333333e-06,0.011580451,0.0002281643333333,0.0006240313333333,0.0087209873333333
0.0013532106666666,0.0052418733333333,0.001279295,0.0033100046666666,0.0020907263333333,0.0006567763333333,3.33333333333333e-06,0.002382429,1.36276666666667e-05,2.5049e-05,0.002905576
0.0059670643333333,0.001413117,0.0032864086666666,0.03665439,0.0001518346666666,0.0001002456666666,0.0042038063333333,0.012298586,0.0018970943333333,0.004070815,0.0177834886666667
0.0097250823333333,0.014744829,0.006245832,0.0263674226666667,0.0102458296666667,0.0047483,1.48293333333333e-05,0.0413273933333333,1.84123333333333e-05,0.0001790573333333,0.0245164186666667
0.0005014996666666,3.96306666666667e-05,0.001532552,0.0014408436666666,3.33333333333333e-06,0.000364755,0.006469812,0.0006964346666666,0.0022529913333333,0.0061117013333333,0.000212077
0.0022235666666666,0.00022188,0.0010862783333333,0.011749395,0.0004105163333333,0.0009851503333333,0.004993878,0.00256466,0.000980509,0.0004740783333333,0.0034585023333333
0.0192319196666667,0.0261262173333333,0.0015621663333333,0.0369190766666667,0.0073565933333333,0.005154441,4.36026666666667e-05,0.028435311,0.0002359063333333,0.0008075386666666,0.04350886
