0.0030726276666666,0.00145077,3.2978e-05,0.0044858473333333,0.001681315,0.0005877463333333,0.0,0.002505319,4.992e-06,1.79546666666667e-05,0.004147867
0.0022887963333333,0.011112846,0.0036502653333333,0.0090431886666666,0.006969749,0.001744579,1.93853333333333e-05,0.0035328276666666,0.0,0.0001654706666666,0.0047797136666666
0.0017927616666666,0.00599554,0.0014195786666666,0.004848101,0.00454761,0.002361257,0.0,0.002087742,0.00094258,0.0002871456666666,0.0044878023333333
0.00384193,6.77626666666667e-05,6.79433333333333e-06,0.0113396916666667,1.08103333333333e-05,0.0,0.0,0.0008112893333333,3.33333333333333e-06,2.83236666666667e-05,0.014836831
0.001219721,0.010279699,0.001736543,0.002940274,0.0035435046666666,0.0027188943333333,3.33333333333333e-06,0.007047966,6.66666666666667e-06,0.0003137643333333,0.0055557866666666
0.0002891756666666,0.002606141,0.0010044056666666,0.0019346976666666,0.0012280863333333,0.000662521,1.01513333333333e-05,0.0008041353333333,0.0,2.90436666666667e-05,0.001299479
0.001994827,0.0015051596666666,0.0006737526666666,0.013238038,0.0001450986666666,2.8465e-05,0.0013391866666666,0.006811604,0.000565336,0.0022485113333333,0.0138603163333333
0.0024287403333333,0.0070847073333333,0.004244047,0.0116476853333333,0.007715682,0.0018897886666666,4.88816666666667e-05,0.0181000716666667,2.28546666666667e-05,0.000673772,0.011829626
0.000104682,6.66666666666667e-06,0.0001751276666666,0.0008837316666666,3.33333333333333e-06,4.4598e-05,0.0039654276666666,0.001601169,0.000925631,0.005538265,2.66966666666667e-05
0.0012154343333333,0.0003487563333333,0.0006221453333333,0.0055392513333333,5.089e-05,0.0006593276666666,0.001864946,0.0006010276666666,0.000403372,0.0005611496666666,0.0009857906666666
0.0181111346666667,0.0088436383333333,0.0002803026666666,0.0244419286666667,0.0066748143333333,0.0041069723333333,3.07173333333333e-05,0.017604876,3.9906e-05,0.000491666,0.0265641166666667
