0.0067310106666666,0.001965001,0.00045594,0.0003123926666666,0.0018148426666666,0.0005875196666666,0.0009084298333333,0.0003996256666666,4.64845e-05,0.001105343,0.0023061186666666
0.002401459,0.0253302393333333,0.002349561,0.002260955,0.003490875,0.002171269,0.0050197416666666,0.001792101,0.0003763736666666,0.003176533,0.004116138
0.0003916863333333,0.0035921113333333,0.0016140676666666,0.0023195556666666,0.0009826593333333,0.0035026616666666,0.0018567126666666,0.00071228,0.0034487563333333,0.0028786083333333,0.0040117906666666
0.0010521923333333,0.0015800286666666,0.0002528763333333,0.0024895526666666,0.000813592,0.00181297,0.000450137,0.0003542263333333,2.98013333333333e-05,0.0007807716666666,0.000909669
0.0012161883333333,0.0046189786666666,0.00076286,0.0002896296666666,0.0029403146666666,0.0010792343333333,0.001665418,0.0009712143333333,7.91956666666667e-05,0.0020126326666666,0.001415204
0.000569058,0.0028089576666666,0.0013294316666666,0.000672491,0.001840722,0.0017652883333333,0.0009271873333333,0.0006316976666666,0.0002960073333333,0.0009140543333333,0.0018324753333333
0.0007960803333333,0.0136859343333333,0.0013843733333333,0.0005048966666666,0.0023544053333333,0.0005970556666666,0.0018834926666666,0.0035035883333333,0.0024129843333333,0.0062840993333333,0.005835275
0.0034922833333333,0.0023568746666666,0.0012283736666666,0.0019146926666666,0.0020135756666666,0.0019330553333333,0.005655456,0.0116648463333333,0.0002044196666666,0.0033880936666666,0.0103782893333333
7.63473333333333e-05,6.66666666666667e-06,0.0007982143333333,0.0,3.59246666666667e-05,0.0,0.0005106536666666,9.35266666666667e-06,0.000814895,0.002699951,3.33333333333333e-06
0.0023479106666666,0.0040915363333333,0.0008730296666666,0.001253988,0.0026258383333333,0.001826722,0.0026078456666666,0.0016516786666666,0.0003461953333333,0.0028513413333333,0.002931409
0.0109145083333333,0.0058506096666666,0.0091646586666666,0.0034358973333333,0.0039989056666666,0.002815054,0.0085759426666666,0.0122052486666667,0.000126774,0.0042072786666666,0.03533273
