0.0027339683333333,0.0014560933333333,0.0007768476666666,0.000140399,0.0022737593333333,0.000924674,0.0015058893333333,0.000850356,0.0002455466666666,0.0004188406666666,0.010720087
0.0061729193333333,0.016407804,0.00168843,0.0008119216666666,0.0041044103333333,0.001902737,0.0038382303333333,0.0018381366666666,0.0004058263333333,0.0016412093333333,0.003370439
0.001607104,0.010219063,0.0016443566666666,0.0022488083333333,0.002894863,0.002898853,0.001061268,0.0034725073333333,0.0008999076666666,0.0007650186666666,0.006977212
0.0005817343333333,0.006085523,0.000211762,0.0008381653333333,0.000654774,0.0002993706666666,0.0077810336666666,0.0011525913333333,5.99986666666667e-05,0.0002242026666666,0.0008305253333333
0.0027533346666666,0.015160332,0.0019245593333333,0.000353731,0.002269636,0.0011921983333333,0.0015005633333333,0.0020394073333333,0.000397602,0.0006274386666666,0.003570411
0.0003547646666666,0.0048878596666666,0.0012376563333333,0.0004439,0.0009478826666666,0.0010283213333333,0.000877867,0.0025859333333333,0.0001016393333333,0.0003532596666666,0.001165555
0.0030755183333333,0.0335373466666667,0.0008129713333333,0.001005946,0.0075601846666666,0.0017359416666666,0.003121829,0.011800312,0.003278072,0.0022915486666666,0.0088463956666666
0.0047974096666666,0.00742552,0.0043698613333333,0.0015899776666666,0.0054525296666666,0.0024970163333333,0.0060746546666666,0.0238653626666667,0.0010549693333333,0.0031956583333333,0.0096083433333333
0.000180119,0.0006401353333333,0.0007100046666666,1.87603333333333e-05,0.0004678706666666,5.3445e-05,0.0029312116666666,0.0002021503333333,0.0017019923333333,0.0069390823333333,0.000129909
0.0009177113333333,0.0061964513333333,0.000178509,0.0009189183333333,0.0008251823333333,0.000395565,0.0026541713333333,0.0019478493333333,0.0004565736666666,0.0005055966666666,0.0014565513333333
0.0124385726666667,0.0104421613333333,0.0081811016666666,0.0038579713333333,0.0066532513333333,0.0013533913333333,0.009091065,0.0250014886666667,0.0003658726666666,0.005342243,0.0410691933333333
