0.0061756083333333,0.000355432,0.00061907,3.1359e-05,0.0009323926666666,6.36766666666667e-05,0.0025960445,0.0002143716666666,0.0004477305,0.000442509,0.0039825333333333
0.0010486633333333,0.006648173,0.0009464036666666,0.0003025166666666,0.0019506573333333,0.002134512,0.0037837783333333,0.000246307,2.2194e-05,0.0004057456666666,0.0064289213333333
0.0001752523333333,0.0043340506666666,0.0002529143333333,0.0014089776666666,0.002805588,0.0014373533333333,0.000634981,0.0011212453333333,0.0007555866666666,0.0005457966666666,0.0039938406666666
0.0016687263333333,0.001391509,0.000106131,0.000286573,7.97873333333333e-05,8.41993333333333e-05,0.001981505,8.19296666666667e-05,0.0,0.0002299426666666,0.0013745793333333
0.0029098013333333,0.0047102786666666,0.00054625,8.00016666666667e-05,0.0015796513333333,0.000201392,0.004418434,0.001628788,5.87133333333333e-06,0.000688517,0.000330822
0.000148991,0.0017556493333333,0.0008920733333333,0.0011672723333333,0.0018807423333333,0.0003534776666666,0.0009327676666666,0.0002335893333333,0.000163942,0.000134213,0.000720356
0.0020716196666666,0.0101276473333333,0.0024403586666666,0.000646037,0.0022666883333333,0.0005804026666666,0.001775375,0.0055329616666666,0.0008046083333333,0.0033317833333333,0.0141325076666667
0.0037577953333333,0.0028246826666666,0.0032653836666666,0.0005095273333333,0.0024993036666666,0.0006891286666666,0.0066673443333333,0.0149671433333333,0.000325496,0.0015506656666666,0.0074183403333333
1.40743333333333e-05,1.35643333333333e-05,0.000606933,3.65333333333333e-06,3.33026666666667e-05,7.13033333333333e-06,0.004208894,4.08693333333333e-05,0.0009917866666666,0.002755342,3.33333333333333e-06
0.0009247766666666,0.0011143736666666,0.000147186,0.00013984,0.0002762383333333,9.54553333333333e-05,0.0031230976666666,0.000733077,0.000974971,8.73166666666667e-05,0.001290648
0.007168115,0.0034555543333333,0.0074280356666666,0.0020506816666666,0.0048616776666666,0.001727164,0.01394005,0.012575004,3.5167e-05,0.0030638203333333,0.025559364
