0.0044774793333333,0.001186268,0.0005323076666666,0.0020125686666666,0.0018386283333333,0.000329393,0.0046539966666666,0.0014155046666666,2.49268333333333e-05,0.0012519146666666,0.0064805826666666
0.00214549,0.0126133956666667,0.000627163,0.0012070393333333,0.0059908906666666,0.0014744013333333,0.0053063863333333,0.0021560046666666,0.000211467,0.0017786246666666,0.002221975
0.000281149,0.0063755423333333,0.0008176206666666,0.0015621413333333,0.0012392683333333,0.0015169453333333,0.000346582,0.0018765096666666,0.0014837506666666,0.001210015,0.002680397
0.001645354,0.0019239786666666,8.61236666666667e-05,0.002374453,0.000214395,0.0007079803333333,0.00137927,0.0004659626666666,3.33333333333333e-06,0.000458665,0.0016448676666666
0.000847329,0.0107249443333333,0.0005155053333333,0.0002943853333333,0.001437847,0.000281559,0.0024777563333333,0.0009643443333333,7.0627e-05,0.005342234,0.0025380863333333
0.0006418406666666,0.003454649,0.001269614,0.000478752,0.001408022,0.0011282876666666,0.0003564316666666,0.0004535003333333,0.0002640736666666,0.000615292,0.0008781916666666
0.001381301,0.0902916066666667,0.0010187183333333,0.0010956203333333,0.001351826,0.0004794256666666,0.0022038423333333,0.0048719973333333,0.0020079783333333,0.0060211116666666,0.005195271
0.0031574576666666,0.0043268443333333,0.0020850103333333,0.0003050843333333,0.002246953,0.001027896,0.005566496,0.012591694,0.0002470476666666,0.0025324833333333,0.0107916036666667
6.66666666666667e-06,3.33333333333333e-06,0.000267136,0.0,3.67226666666667e-05,0.0,0.0009499973333333,0.00034119,0.0009857023333333,0.002946882,1.33333333333333e-05
0.0025773086666666,0.0041913776666666,0.000283108,0.0004669613333333,0.0035341073333333,0.000849863,0.004665516,0.002082085,0.000198209,0.0023464706666666,0.0042995576666666
0.013719135,0.0101897503333333,0.008583986,0.001865205,0.004225065,0.0016765563333333,0.0059941016666666,0.0160760223333333,0.0002907593333333,0.005618449,0.03565732
