0.0046143103333333,0.0024520183333333,1.40306666666667e-05,0.0066525606666666,0.0032470986666666,0.0007845883333333,3.33333333333333e-06,0.0014053593333333,1e-05,4.06383333333333e-05,0.006729103
0.0046848523333333,0.0149786706666667,0.0023184,0.634783966666667,0.0070257933333333,0.002564306,1.62426666666667e-05,0.0050817993333333,3.63576666666667e-05,0.0002033976666666,0.0059096763333333
0.001146706,0.0072738446666666,0.0043289093333333,0.0065937853333333,0.0046232983333333,0.003605682,6.84666666666667e-06,0.003404405,0.0013162763333333,1.04043333333333e-05,0.006150849
0.004385794,0.0004002796666666,3.33333333333333e-06,0.0199911093333333,0.0,1.71333333333333e-05,0.0,0.0010132373333333,3.33333333333333e-06,1.51426666666667e-05,0.0115505413333333
0.0025976036666666,0.0186023153333333,0.0015729313333333,0.0062590303333333,0.0024943213333333,0.002546594,2.386e-05,0.007023879,2.71826666666667e-05,9.06016666666667e-05,0.0080037176666666
0.0011802813333333,0.0042987976666666,0.001749689,0.001915224,0.0025758,0.001377234,0.0,0.0009928966666666,0.0,1.92136666666667e-05,0.0017384026666666
0.0034087956666666,0.0021136883333333,0.001300322,0.0263444626666667,0.0001302256666666,4.9489e-05,0.0018230966666666,0.0090680056666666,0.0020194963333333,0.002502007,0.0100702213333333
0.0075150436666666,0.0102537406666667,0.0041091833333333,0.014698704,0.0109873446666667,0.0031492966666666,1.9994e-05,0.0285253756666667,1.7768e-05,0.0005488633333333,0.024921574
0.00017119,1e-05,0.0002653013333333,0.0009081166666666,3.33333333333333e-06,0.0001152236666666,0.0038106526666666,0.0005916323333333,0.0013011976666666,0.0062260316666666,0.0002105983333333
0.0017800003333333,0.000546487,0.000428759,0.0077242516666666,8.42696666666667e-05,0.0007240616666666,0.0021032956666666,0.0015967826666666,0.0007799363333333,0.0008930883333333,0.002645384
0.0197388866666667,0.0132712393333333,5.5516e-05,0.0296155073333333,0.0105070386666667,0.0032483883333333,3.34116666666667e-05,0.0236912296666667,3.6048e-05,0.0010620986666666,0.0285838286666667
