0.0029318513333333,0.0047417423333333,1.95163333333333e-05,0.0073244653333333,0.0045059336666666,0.001144291,0.0,0.0036257946666666,0.0,1.96283333333333e-05,0.007952174
0.005292036,0.0213833563333333,0.030733069,0.0055671,0.0066362856666666,0.0024430936666666,3.74013333333333e-05,0.0065946486666666,6.87866666666667e-06,0.0005599006666666,0.006224956
0.001405393,0.002454705,0.009296855,0.0052351056666666,0.006992198,0.0040303096666666,0.0,0.0001455,0.0131729316666667,5.97323333333333e-05,0.0036129713333333
0.006338687,9.41466666666667e-05,0.0001629606666666,0.04537748,3.33333333333333e-06,0.0,0.0,0.0016420546666666,0.0,1.66666666666667e-05,0.0135388973333333
0.0040416956666666,0.0316406376666667,0.012979459,0.003155248,0.0068591426666666,0.004177302,1.5167e-05,0.0111444173333333,3.33333333333333e-06,7.69426666666667e-05,0.0066916573333333
0.0013344793333333,0.0037263886666666,0.00314044,0.00117465,0.0036811903333333,0.0011529306666666,0.0,0.0016537553333333,0.0,6.66666666666667e-06,0.0021219486666666
0.0042435673333333,0.0003544016666666,1.29713333333333e-05,0.0131818753333333,1.8438e-05,1.8293e-05,0.0025202163333333,0.0002253933333333,0.0411927366666667,0.0029257676666666,0.0095101553333333
0.0088703433333333,0.0130294366666667,0.0201480736666667,0.0080794,0.0085387183333333,0.003429517,6.66666666666667e-06,0.0310489976666667,7.04333333333333e-06,0.0002314323333333,0.0201341386666667
0.000107331,0.0,0.0,7.6845e-05,0.0,6.19333333333333e-06,0.0009795783333333,4.908e-06,0.010806971,0.0053606583333333,0.0004089276666666
0.0022996396666666,0.0001861033333333,3.33333333333333e-06,0.0011606486666666,0.0,8.5802e-05,0.0021507816666666,0.0002572073333333,0.015505679,0.0023747283333333,0.001813488
0.0123989596666667,0.0173804546666667,0.0003072023333333,0.03832764,0.0062181316666666,0.0060750126666666,4.26e-06,0.0214209426666667,9.42133333333333e-06,0.0008064423333333,0.0337405933333333
