0.0070639113333333,0.0008122006666666,0.0008366583333333,0.0010254623333333,0.0026957903333333,0.0,0.0025865536666666,0.001092231,2.1791e-05,0.0003935033333333,0.0035791393333333
0.001253603,0.0088773303333333,0.0014777056666666,0.0015144086666666,0.004224524,0.0,0.0105816686666667,0.0018467803333333,0.000342262,0.0010880013333333,0.0078251386666666
0.0010829983333333,0.002507068,0.0018991203333333,0.0011905863333333,0.0005070513333333,9.1812e-05,0.005402925,0.0020980033333333,0.001023502,0.0009148373333333,0.0008808996666666
0.003585424,0.0013901333333333,0.0001269263333333,0.0018720593333333,0.0005850123333333,4.7744e-05,0.0009301673333333,0.000394829,3.33333333333333e-06,0.0002470296666666,0.000282206
0.001581882,0.0063733346666666,0.0007288273333333,0.000516698,0.002345007,0.0,0.0032375346666666,0.0052205483333333,0.000177609,0.001175257,0.0008666816666666
0.0,3.33333333333333e-06,0.0,0.0,0.0,0.0,0.0,0.0,0.0,0.0,0.0
0.0045366893333333,0.0171548623333333,0.0035935873333333,0.0017504613333333,0.0049796153333333,0.0006343493333333,0.002593552,0.0123907153333333,0.0017020816666666,0.0054080946666666,0.0132136263333333
0.0038233646666666,0.0140966013333333,0.0034192383333333,0.001848176,0.0049414733333333,0.0,0.017027549,0.0210458566666667,0.0007112996666666,0.0049610493333333,0.008632541
0.000299802,0.0014652423333333,0.0024713106666666,7.2098e-05,0.002849213,0.0,0.0038797626666666,0.0011869913333333,0.0010948946666666,0.0048556216666666,0.003189095
0.0008591473333333,0.0018441666666666,0.000342657,0.0002352996666666,0.000693529,1.13416666666667e-05,0.0043206043333333,0.0010945226666666,0.0004524533333333,0.000390513,0.001126266
0.0104922893333333,0.009793525,0.0041423483333333,0.0023986826666666,0.004796833,0.0,0.021184666,0.014603471,0.0001474896666666,0.004934129,0.0241129363333333
