0.0034451013333333,0.003586586,0.0032442906666666,0.0004912933333333,0.0050715626666666,0.0015006693333333,0.004178221,0.0022258153333333,0.000251413,0.0012434756666666,0.0104267186666667
0.0051664913333333,0.021936433,0.005514214,0.0026550526666666,0.0095086883333333,0.0035853586666666,0.0074184323333333,0.0032726686666666,0.0005513696666666,0.0020171753333333,0.0056732803333333
0.001893805,0.0080795193333333,0.0017886636666666,0.0018302523333333,0.004193235,0.0026886126666666,0.002511583,0.0021681503333333,0.0014172113333333,0.001302299,0.0052801353333333
0.000916567,0.003918505,0.00083982,0.001399301,0.0011578023333333,0.0004297836666666,0.0014044053333333,0.0010854423333333,0.0001867256666666,0.0004039213333333,0.0013117683333333
0.0041318346666666,0.018788033,0.0032265636666666,0.0017163496666666,0.00774112,0.0019617533333333,0.006620621,0.0072329793333333,0.0012034116666666,0.0047699523333333,0.0084757813333333
0.0004512136666666,0.004275538,0.0020302676666666,0.0006312113333333,0.001765382,0.0007841946666666,0.000874473,0.0012080063333333,0.0001343373333333,0.0002887336666666,0.0015545133333333
0.0033093276666666,0.0194574083333333,0.0021014643333333,0.0053393576666666,0.0103350686666667,0.0022114403333333,0.002067562,0.0117600613333333,0.0020077333333333,0.005688152,0.014645756
0.0080517576666666,0.012344796,0.0050969496666666,0.003588375,0.009045458,0.0032597106666666,0.0110002006666667,0.0398551,0.001395392,0.003766555,0.0284890096666667
0.0004832113333333,0.0003886216666666,0.0011599726666666,2.15203333333333e-05,0.0002470223333333,7.40243333333333e-05,0.007252602,0.00014622,0.0019586763333333,0.00621834,0.000473513
0.001913408,0.0041293363333333,0.001011365,0.000616283,0.0018708316666666,0.000644711,0.0036189693333333,0.0021181293333333,0.0008688396666666,0.0007392176666666,0.0025549583333333
0.019844781,0.020857876,0.0118401413333333,0.003092849,0.0102131953333333,0.0041546896666666,0.0161101453333333,0.04019302,0.0007586046666666,0.004939228,0.04476291
