0.003257119,0.0018474743333333,3.33333333333333e-06,0.0040290446666666,0.0022507496666666,0.0001972826666666,0.0,0.0019955913333333,5.019e-06,4.11236666666667e-05,0.0066531726666666
0.0019670303333333,0.021932104,0.001880707,0.0114730553333333,0.004087791,0.002513383,3.33333333333333e-06,0.00412589,3.33333333333333e-06,0.0001812296666666,0.0032371816666666
0.0007548396666666,0.009885375,0.0005160623333333,0.003281751,0.0041002156666666,0.000793943,0.0,0.002242937,0.0004269746666666,2.0896e-05,0.0041501546666666
0.0039931803333333,0.0003032573333333,0.0,0.0113452713333333,0.0,0.0,3.33333333333333e-06,0.000699772,0.0,2.7052e-05,0.0105346276666667
0.004100241,0.0229321743333333,0.0009371953333333,0.007335415,0.0020899936666666,0.001083674,0.0,0.003743344,7.495e-06,6.4106e-05,0.0033642706666666
0.00051982,0.0041250623333333,0.0008454446666666,0.0019596026666666,0.0012855093333333,0.0003004356666666,0.0,0.0007458616666666,0.0,3.33333333333333e-06,0.0012014816666666
0.002809271,0.0018215306666666,0.001043555,0.0218360133333333,1.41516666666667e-05,8.29453333333333e-05,0.0039732683333333,0.0065245893333333,0.001755234,0.002299337,0.0099259426666666
0.0046707906666666,0.0089782443333333,0.005389182,0.0140008693333333,0.0034429573333333,0.002037897,9.097e-06,0.0328536993333333,0.0,0.0003789626666666,0.010950533
0.000113051,6.57e-05,0.0002463863333333,0.0004397363333333,3.33333333333333e-06,2.1433e-05,0.0063783883333333,8.10803333333333e-05,0.0013850093333333,0.0059792183333333,4.15e-05
0.0018978633333333,0.0005695686666666,0.000521241,0.0048040846666666,1.1806e-05,0.0002135393333333,0.0026494686666666,0.0007429123333333,0.0021648623333333,0.0001004153333333,0.000759433
0.0118831656666667,0.0112616536666667,0.000694949,0.0230228503333333,0.0032811493333333,0.001242762,1.78333333333333e-05,0.018715749,3.33333333333333e-06,0.000765173,0.0549062866666667
