0.0036657483333333,0.0046486173333333,0.0,0.0045127853333333,0.0050651426666666,0.0010960083333333,0.0,0.0023805063333333,4.1037e-05,2.92546666666667e-05,0.012269286
0.0033954476666666,0.0186680733333333,0.0048773503333333,0.0450181566666667,0.0105682873333333,0.001537849,4.94323333333333e-05,0.0060542293333333,1.4334e-05,8.01893333333333e-05,0.0066640203333333
0.0016260263333333,0.0175816496666667,0.0016819706666666,0.005397698,0.004902447,0.003183225,0.0003552663333333,0.0030891796666666,0.0025627926666666,6.875e-06,0.0061621736666666
0.0062057786666666,0.0003483293333333,0.0,0.0157306373333333,1.33333333333333e-05,4.31333333333333e-05,0.0,0.001148422,1e-05,2.7912e-05,0.0126403676666667
0.002262942,0.0157845113333333,0.0031288633333333,0.0080194906666666,0.0054709923333333,0.0029515983333333,3.33333333333333e-06,0.0078636826666666,6.8267e-05,9.54446666666667e-05,0.005756566
0.001494865,0.004782537,0.0014740186666666,0.0026964543333333,0.0014387276666666,0.0012030553333333,3.33333333333333e-06,0.002162817,6.66666666666667e-06,6.66666666666667e-06,0.001943608
0.0047854396666666,0.001831864,0.0042551243333333,0.0450925433333333,0.0001916453333333,8.4728e-05,0.0024854093333333,0.0092030746666666,0.0015344166666666,0.0028406666666666,0.011976858
0.005682142,0.0140160433333333,0.0050702223333333,0.0118757276666667,0.0065744006666666,0.0033702923333333,2.23846666666667e-05,0.028893128,3.556e-06,0.0004095846666666,0.012749428
5.65096666666667e-05,3.33333333333333e-06,0.001364158,0.0008450836666666,0.0,6.29816666666667e-05,0.0042870143333333,0.0005210523333333,0.0011862863333333,0.0055885956666666,5.64126666666667e-05
0.0017116763333333,0.0004922486666666,0.000640545,0.0071155073333333,8.1153e-05,0.0007252696666666,0.0021958873333333,0.0023667853333333,0.0004240986666666,0.0006834523333333,0.001932474
0.020740551,0.0205147916666667,3.33333333333333e-06,0.0297224576666667,0.0055935123333333,0.003088983,1.01406666666667e-05,0.025622738,1.92686666666667e-05,0.0004278793333333,0.0478802533333333
