0.0049589263333333,0.0010338986666666,0.0015771783333333,0.0024966496666666,0.0015365643333333,0.0003433806666666,0.0017954846666666,0.0012449106666666,5.8453e-05,0.000323892,0.0050329066666666
0.003244161,0.007809842,0.0037192923333333,0.0007674556666666,0.0070973693333333,0.002247482,0.0031755086666666,0.0013615726666666,0.0002586546666666,0.000661007,0.0028992766666666
0.0010726303333333,0.007675392,0.0012096876666666,0.003076298,0.00363608,0.00248277,0.001238548,0.0026307603333333,0.0026403073333333,0.0010827493333333,0.0048982433333333
0.0006504456666666,0.00159794,0.0003302676666666,0.0020018406666666,0.0002963976666666,0.0002548843333333,0.000297776,0.0005799466666666,3.14216666666667e-05,0.0002700026666666,0.0009452413333333
0.003445455,0.0079190183333333,0.000967294,0.0028901813333333,0.0047095593333333,0.0006466216666666,0.0009252643333333,0.0036253486666666,0.0001046463333333,0.0012373033333333,0.002282098
0.000527007,0.004477923,0.0013065043333333,0.0006317853333333,0.0027828936666666,0.0010529083333333,0.000807414,0.0003891433333333,0.0002379763333333,0.0008837616666666,0.0029700143333333
0.0020873603333333,0.0130439796666667,0.0011167636666666,0.0013575246666666,0.005289407,0.0013727353333333,0.0025416596666666,0.005074574,0.0036493673333333,0.0026973396666666,0.0051104873333333
0.0052595753333333,0.0033859776666666,0.002955011,0.0011503196666666,0.0043874573333333,0.0009312733333333,0.0073081933333333,0.0146736393333333,0.0001062926666666,0.0016568356666666,0.019727266
0.0,1e-05,0.0003980676666666,1.31246666666667e-05,3.0854e-05,2.232e-05,0.0040601283333333,3.93666666666667e-05,0.0008257076666666,0.0035919576666666,0.000136646
0.0016188923333333,0.007528021,0.000348675,0.0002572943333333,0.0016248833333333,0.0002340686666666,0.0013114216666666,0.001795932,0.0004800576666666,0.0010627663333333,0.0025513423333333
0.0123776766666667,0.0093596276666666,0.0065960003333333,0.0020930066666666,0.0096291773333333,0.002147289,0.0083642093333333,0.0213632186666667,0.00044592,0.0038841526666666,0.0322725606666667
