0.003268962,0.001925004,0.0008045176666666,0.0004858796666666,0.0030209473333333,0.000599873,0.0030109355,0.0008575146666666,6.54145e-05,0.000716095,0.0044502513333333
0.0031682803333333,0.0108126266666667,0.0015772506666666,0.0027757223333333,0.0098787626666666,0.0010914036666666,0.0053973836666666,0.00181482,0.0006560513333333,0.000596178,0.0026767563333333
0.000242649,0.0107813066666667,0.0028839773333333,0.0029611313333333,0.003611944,0.004193991,0.0008356876666666,0.0037840416666666,0.0022562476666666,0.0030944193333333,0.0077298183333333
0.0007070293333333,0.0028318296666666,0.0003662873333333,0.0028414926666666,0.0005535546666666,0.00023968,0.0003730846666666,0.0008713203333333,0.0001360056666666,0.0002199276666666,0.0008351993333333
0.0018043296666666,0.009103758,0.0023127463333333,0.0035193766666666,0.0021989416666666,0.0013542383333333,0.0015829513333333,0.003734697,0.00051367,0.004000138,0.0020888676666666
0.000441046,0.0019870006666666,0.0020213333333333,0.0005537593333333,0.0020979026666666,0.001292491,0.0004056273333333,0.0003741876666666,0.0003979643333333,0.0022805,0.001473023
0.0050485493333333,0.013999106,0.0018874923333333,0.0011582813333333,0.0030624923333333,0.0017138406666666,0.0018659726666666,0.007071506,0.0021290346666666,0.0028383893333333,0.006463089
0.003738942,0.0044421366666666,0.0048644323333333,0.0013436626666666,0.0057645203333333,0.0021594073333333,0.0062972866666666,0.0148156103333333,0.0010180266666666,0.002343223,0.012133848
6.66666666666667e-06,3.37646666666667e-05,0.000277951,0.0006883723333333,3.31746666666667e-05,0.0,0.005461647,3.07946666666667e-05,0.0010894993333333,0.003583235,5.99156666666667e-05
0.0012664126666666,0.0050933056666666,0.0009295116666666,0.000578096,0.001394273,0.001170236,0.0024629113333333,0.0020312833333333,0.000399447,0.001109497,0.0017575683333333
0.015520222,0.009510361,0.0092088903333333,0.0030336433333333,0.0085242866666666,0.0045041613333333,0.005508666,0.024786267,0.0012135693333333,0.0132316306666667,0.031121522
