0.0061708163333333,0.0010367933333333,0.0006833126666666,0.0058205923333333,0.0031187133333333,0.0002222936666666,0.0013835451666666,0.0003995206666666,0.0003791681666666,0.0007696663333333,0.0048647896666666
0.001715731,0.0093695723333333,0.0014132943333333,0.0006169873333333,0.011254967,0.0012014663333333,0.004452796,0.0021423556666666,7.39393333333333e-05,0.001636048,0.0018523443333333
0.0010459873333333,0.0073230196666666,0.001167013,0.0032539216666666,0.002558476,0.0027087373333333,0.0018154476666666,0.0015049496666666,0.0010302673333333,0.001907427,0.0048257536666666
0.0032105586666666,0.0031063856666666,0.0001458886666666,0.0021330553333333,0.000804308,0.0001496446666666,0.0004594146666666,0.0005166226666666,2.85633333333333e-05,5.3645e-05,0.0006275076666666
0.002270607,0.006946503,0.001230613,0.0002528106666666,0.001009154,0.0004111216666666,0.0025003526666666,0.0020507173333333,0.0001989386666666,0.001203198,0.0017487033333333
0.0003774913333333,0.001819208,0.0008400883333333,0.0004950453333333,0.001333727,0.001686892,0.0003912403333333,0.0001305723333333,0.0002302043333333,0.0003854236666666,0.001526513
0.0019298433333333,0.0105787916666667,0.001222332,0.0004150836666666,0.0024130556666666,0.000146949,0.001538734,0.004168426,0.004254171,0.0023861233333333,0.003045221
0.0047263323333333,0.0041648623333333,0.001519179,0.0009727993333333,0.004202961,0.0004366693333333,0.0072624016666666,0.021219162,6.72e-05,0.0022736733333333,0.0061409043333333
0.0001646723333333,8.83333333333333e-06,0.0001782713333333,3.33333333333333e-06,0.000255836,3.33333333333333e-06,0.003219359,7.5878e-05,0.000907957,0.00403901,6.66666666666667e-06
0.001859899,0.0034859073333333,0.0001411133333333,0.000186048,0.00173545,0.001443017,0.0013309986666666,0.0013117543333333,0.0001550636666666,0.0020639953333333,0.001401412
0.0133076066666667,0.009183679,0.006210409,0.0022999373333333,0.004007404,0.0010899633333333,0.0077591086666666,0.022988557,0.0007582736666666,0.0036299093333333,0.0488691933333333
