0.0036341523333333,0.0038634383333333,0.0014739096666666,0.0031672453333333,0.0033410463333333,0.0007465863333333,0.0022544885,0.002148569,0.0005006031666666,0.002429993,0.0055748276666666
0.0060297603333333,0.0096620556666666,0.0044408483333333,0.003468536,0.010267382,0.0027023456666666,0.005993722,0.003715467,0.001340836,0.0055880326666666,0.0079812453333333
0.001953471,0.007875684,0.0024218933333333,0.0020943743333333,0.0029474606666666,0.0033759453333333,0.002043642,0.0023623763333333,0.0041711936666666,0.0053538666666666,0.0053533086666666
0.0013718886666666,0.0028237976666666,0.0010921626666666,0.0023041473333333,0.002061226,0.0012275796666666,0.0009777953333333,0.0012917496666666,4.73953333333333e-05,0.002079443,0.0023404813333333
0.002574944,0.0090894583333333,0.0015966053333333,0.002221813,0.0065374496666666,0.0023553866666666,0.0022079746666666,0.0037365423333333,0.0004168463333333,0.00434139,0.0041179653333333
0.0009014393333333,0.0039996893333333,0.0014382213333333,0.0006622953333333,0.003450556,0.0016721153333333,0.0007351206666666,0.001807415,0.0005479853333333,0.0020655966666666,0.0020170056666666
0.002609562,0.0085975603333333,0.0016940316666666,0.002016292,0.003795085,0.001188519,0.0015947666666666,0.006347167,0.0022589263333333,0.0076899096666666,0.0083035213333333
0.0066919413333333,0.0044372696666666,0.003363107,0.003804822,0.0084327023333333,0.0026131036666666,0.0097980566666666,0.027941506,0.0010444446666666,0.003792735,0.0221190823333333
1.91326666666667e-05,2.11203333333333e-05,0.000854963,2.8176e-05,8.93356666666667e-05,1.54963333333333e-05,0.0025588216666666,7.28066666666667e-06,0.001383444,0.0032570423333333,1e-05
0.0119663016666667,0.0182670213333333,0.0101999673333333,0.009061492,0.015709966,0.011821925,0.0049696103333333,0.0070773506666666,0.003518431,0.005654061,0.0162667663333333
0.0154203023333333,0.0110053913333333,0.0100154866666667,0.0059734243333333,0.0085339466666666,0.0037890403333333,0.0169202746666667,0.030829209,0.0015824716666666,0.007791888,0.032332909
