0.0034102556666666,0.0009962133333333,0.0002497996666666,0.0001836466666666,0.002522153,0.0002567663333333,0.0016896696666666,0.001042692,0.0003159506666666,0.0003242833333333,0.0051376286666666
0.0014675063333333,0.0092237133333333,0.0007544236666666,0.000578934,0.0026255723333333,0.0005506076666666,0.0027793583333333,0.0050314123333333,0.000113738,0.004356781,0.0027107506666666
0.0010177766666666,0.0065694283333333,0.0003130716666666,0.0025074973333333,0.0038269036666666,0.001592796,0.0004061526666666,0.0040317246666666,0.0013784563333333,0.001232701,0.005036836
0.000189408,0.0013840753333333,0.0001083646666666,0.0021382493333333,0.0001257373333333,0.0002003773333333,0.0005762246666666,0.0011114656666666,0.0003522426666666,6.20953333333333e-05,0.0005854693333333
0.0016718623333333,0.0104039456666667,0.0021710286666666,0.0001870683333333,0.000845359,0.0007235403333333,0.0033637683333333,0.0025062726666666,0.000164504,0.0024105156666666,0.0018462263333333
0.000577984,0.0021701663333333,0.000389672,0.0003050046666666,0.0011683673333333,0.000858278,0.0008448406666666,0.0004690103333333,0.0002289226666666,0.0002863173333333,0.0021833333333333
0.0019357593333333,0.0140392023333333,0.0010869546666666,0.000302359,0.0015758073333333,0.0001485983333333,0.001745349,0.003685635,0.0027835586666666,0.0030845063333333,0.0106569546666667
0.0023957106666666,0.00140233,0.0041911336666666,0.00086169,0.0021257793333333,0.000991591,0.0081514963333333,0.0150711353333333,0.0001158713333333,0.0027596856666666,0.00440675
9.34666666666667e-06,3.33333333333333e-06,0.000581988,0.0001018966666666,2.6782e-05,0.0,0.0045681086666666,0.001337781,0.001207639,0.005188184,0.0001165453333333
0.0009821206666666,0.0039085463333333,0.0001185886666666,0.0002995983333333,0.001166864,0.0001399773333333,0.0014805243333333,0.001326408,0.0007620603333333,0.0019446293333333,0.0067116896666666
0.0171887383333333,0.0053975553333333,0.0059234486666666,0.001564844,0.0032881816666666,0.000791156,0.0131237846666667,0.02409281,4.90623333333333e-05,0.0040711196666666,0.0481321733333333
