0.0053704436666666,0.0025865726666666,0.0007236836666666,0.0051756643333333,0.003954839,0.001243634,0.0023437183333333,0.0034645793333333,8.0581e-05,0.00291261,0.0061502666666666
0.0075616896666666,0.0135949693333333,0.003145084,0.0035141233333333,0.0105817463333333,0.0027851026666666,0.0715699566666667,0.0045258603333333,0.000141747,0.0050254756666666,0.0136094273333333
0.001917082,0.0045980853333333,0.0020998563333333,0.001867543,0.003006412,0.003146855,0.007510273,0.0013447136666666,6.4126e-05,0.0054998576666666,0.0053123073333333
0.0009096896666666,0.0018880306666666,0.0007442966666666,0.0022658223333333,0.0018133066666666,0.0010522623333333,0.0010308326666666,0.0009130613333333,3.4355e-05,0.0018181783333333,0.0036087066666666
0.0026829386666666,0.009668908,0.0013735303333333,0.0005013603333333,0.0046868443333333,0.004415284,0.0024777676666666,0.004777019,0.0002075606666666,0.0043313556666666,0.005525817
0.0010216296666666,0.002397256,0.0014985716666666,0.0005674793333333,0.0026651153333333,0.0009750996666666,0.0011483836666666,0.0013215786666666,7.55866666666667e-05,0.0021391116666666,0.0022492076666666
0.0027415036666666,0.0100589113333333,0.0026069996666666,0.0012602326666666,0.0035460046666666,0.0012643716666666,0.000848143,0.005763226,0.0021533066666666,0.0105992766666667,0.012837281
0.0076636503333333,0.0072929913333333,0.0041322073333333,0.0021609416666666,0.0092288403333333,0.002549673,0.0118116236666667,0.028473209,0.0002579836666666,0.0036185193333333,0.018919182
2.41876666666667e-05,0.0001702733333333,0.0013457926666666,0.0001766506666666,9.05786666666667e-05,7.80466666666667e-06,0.0023165573333333,2.73026666666667e-05,8.2424e-05,0.0026313016666666,2.72813333333333e-05
0.0129790226666667,0.0228769526666667,0.0097865453333333,0.0058401496666666,0.0168540513333333,0.01195125,0.0040178556666666,0.005903747,0.001778518,0.0061277113333333,0.0183780033333333
0.0154875826666667,0.015309399,0.0093257163333333,0.0040693433333333,0.008885643,0.0043882076666666,0.016536223,0.027439831,0.000726861,0.008024789,0.0280462446666667
