0.005339413,0.0019276563333333,0.0006757223333333,0.0007342156666666,0.001393947,0.0002872533333333,0.0019870858333333,0.0004808373333333,1.43008333333333e-05,0.0004970146666666,0.003475164
0.0030127463333333,0.008021074,0.000558514,0.001003509,0.0045691666666666,0.002214085,0.004860843,0.0023564533333333,0.000352219,0.000979272,0.004182327
0.0008165653333333,0.0061332136666666,0.0011484456666666,0.0037490746666666,0.003608056,0.0026348886666666,0.002958014,0.0020394693333333,0.0021423193333333,0.0030397903333333,0.0059436246666666
0.0002045663333333,0.0008477886666666,0.0002398306666666,0.0029872753333333,0.0005267396666666,0.0001339893333333,0.000860085,0.000417333,8.9524e-05,0.0001933796666666,0.0027872083333333
0.0008997433333333,0.006121111,0.0011340406666666,0.002878277,0.003571962,0.0005689993333333,0.0013361943333333,0.0032602636666666,9.0056e-05,0.001667897,0.0015246363333333
0.000337928,0.0020524533333333,0.0010855106666666,0.0012029386666666,0.002240897,0.000232912,0.0008200056666666,0.0006621213333333,0.000393646,0.000570255,0.0027287863333333
0.001599195,0.0074539216666666,0.0011906406666666,0.0025269503333333,0.0014954833333333,0.000731618,0.002272924,0.0075180713333333,0.0032069946666666,0.003029068,0.0021770166666666
0.0025178003333333,0.0039224726666666,0.0023300546666666,0.0014943846666666,0.0017907083333333,0.0011002506666666,0.007549612,0.0088755113333333,9.40563333333333e-05,0.00226933,0.0073910586666666
8.38826666666667e-05,0.0,0.0001736133333333,0.0,2.63913333333333e-05,3.799e-06,0.0049170756666666,3.8732e-05,0.0010650253333333,0.0037550463333333,8.01333333333333e-06
0.0008909003333333,0.0041409996666666,0.000526159,0.000139037,0.000686364,0.000320383,0.0010725553333333,0.0020861346666666,0.0006252506666666,0.0006260356666666,0.0004153026666666
0.010550481,0.006397962,0.0065459796666666,0.0050016476666666,0.0045607643333333,0.0017553126666666,0.0083958746666666,0.0187086613333333,9.552e-05,0.0030451393333333,0.0265121276666667
