0.0042925613333333,0.001976233,0.001576785,0.0029630963333333,0.0034929743333333,0.000855147,0.002265535,0.002030499,9.54143333333333e-05,0.000911534,0.0073421633333333
0.00397825,0.0087794176666666,0.0032837166666666,0.002580784,0.0091834196666666,0.001246668,0.0087454243333333,0.0148089106666667,0.0004635166666666,0.0015170473333333,0.008085476
0.0018342473333333,0.0041398046666666,0.0026834146666666,0.0035153856666666,0.003711447,0.0026998193333333,0.0044463566666666,0.0058936766666666,0.0024066013333333,0.002141968,0.007335787
0.0003689693333333,0.0029168496666666,0.0002882716666666,0.000629355,0.0004891713333333,0.000756454,0.0012511526666666,0.0004010753333333,0.000161186,0.000989589,0.001155184
0.0029056813333333,0.0063933453333333,0.002618208,0.000490173,0.001992418,0.0013236873333333,0.0072278173333333,0.0132409473333333,0.0006556076666666,0.0020784856666666,0.0042908016666666
0.000795877,0.0019298983333333,0.0019411383333333,0.0007909393333333,0.001417391,0.0009056423333333,0.0011530493333333,0.002566467,0.000306584,0.000273549,0.0020353493333333
0.0085167613333333,0.011376145,0.002075859,0.0031829233333333,0.0046925366666666,0.000999104,0.0015330056666666,0.0171713513333333,0.0027249936666666,0.0050456143333333,0.011296955
0.006700967,0.0116661693333333,0.0039288793333333,0.0017005503333333,0.0073554826666666,0.0033644636666666,0.014365586,0.0222542966666667,0.0008042076666666,0.0039039246666666,0.0148565906666667
2.66666666666667e-05,6.42663333333333e-05,0.0040395566666666,1.84453333333333e-05,0.000222362,1.8444e-05,0.0061695923333333,0.0004658126666666,0.0022044906666666,0.0057054216666666,0.0003242566666666
0.001855113,0.0018608306666666,0.0010288093333333,0.0007332953333333,0.001769889,0.0005114543333333,0.0039828273333333,0.003466393,0.0011539053333333,0.000713783,0.002266224
0.018386119,0.0126857886666667,0.0098429496666666,0.0036188773333333,0.0096162553333333,0.0030476166666666,0.0179022033333333,0.0238470453333333,0.0006751613333333,0.0078491896666666,0.0305359116666667
