0.004258798,0.0031802183333333,1.00776666666667e-05,0.004452303,0.002956641,0.0006737376666666,0.0,0.001668165,7.942e-06,4.16336666666667e-05,0.0116370703333333
0.005638315,0.0198369736666667,0.0018249606666666,0.0130763226666667,0.0060073786666666,0.0019943756666666,5e-06,0.0047670383333333,3.33333333333333e-06,0.000130002,0.0046905226666666
0.0011709576666666,0.0179301733333333,0.001328803,0.0049188366666666,0.0038981883333333,0.0017619996666666,1.1144e-05,0.0025012863333333,0.0009939076666666,2.3818e-05,0.004920492
0.0054219493333333,0.0002641603333333,6.66666666666667e-06,0.0179606733333333,1.6781e-05,9.23433333333333e-06,5.22e-06,0.0006679056666666,3.33333333333333e-06,3.1436e-05,0.0150658036666667
0.0032830606666666,0.01854006,0.003978667,0.012350172,0.0037208823333333,0.0026613053333333,0.0,0.0071969163333333,1.48733333333333e-05,0.0002809353333333,0.0076279583333333
0.000670803,0.004501513,0.0010610306666666,0.0022377426666666,0.0015547503333333,0.0007571433333333,6.66666666666667e-06,0.001346731,3.33333333333333e-06,1.66666666666667e-05,0.00159835
0.004065574,0.002120129,0.0028116943333333,0.023712951,0.0001927873333333,4.88263333333333e-05,0.0015670183333333,0.009333514,0.0012125156666666,0.0029192263333333,0.0138175066666667
0.0075851513333333,0.0116717706666667,0.0046217513333333,0.0119674966666667,0.0059640406666666,0.002271151,1.53246666666667e-05,0.0302178623333333,3.3071e-05,0.000708186,0.0141060266666667
0.000133193,9.97316666666667e-05,0.0012449803333333,0.0015979953333333,3.33333333333333e-06,0.0001206203333333,0.0039653856666666,0.000153581,0.0010744,0.005453312,0.0005589503333333
0.0015900993333333,0.0009711763333333,0.0006115493333333,0.00739662,0.000140466,0.0008917573333333,0.0019089943333333,0.001973757,0.000509711,0.0003455366666666,0.0021295643333333
0.0135343563333333,0.016328461,0.002003394,0.0283826266666667,0.007289846,0.004676713,1.66666666666667e-05,0.0222838773333333,3.55603333333333e-05,0.00069113,0.0502738
