0.0035715263333333,0.000612491,0.0003714866666666,0.000121767,0.0019672043333333,0.000397215,0.0014583388333333,0.000371821,2.91538333333333e-05,0.000550168,0.0020780543333333
0.001414158,0.008689772,0.0011669406666666,0.0029510403333333,0.0012171386666666,0.00063922,0.0036344006666666,0.001358599,0.0007812113333333,0.001864951,0.001915473
0.0004897673333333,0.007534241,0.001064958,0.0028113256666666,0.0030929626666666,0.0025959636666666,0.0007633526666666,0.0021231543333333,0.0009238243333333,0.0017749656666666,0.0045050756666666
0.0014350033333333,0.0016993533333333,0.0001171566666666,0.002359654,0.00015429,0.0001361556666666,0.001010174,0.0001858093333333,7.69693333333333e-05,0.0001985926666666,0.0002181973333333
0.002700453,0.0053612153333333,0.0007563423333333,0.0001012446666666,0.001556312,0.0003486283333333,0.0014713973333333,0.00050193,4.22853333333333e-05,0.0015461766666666,0.0009630926666666
0.0007016686666666,0.0034258023333333,0.0006251563333333,0.0006744173333333,0.0014737773333333,0.0016233506666666,0.0006705923333333,8.29546666666667e-05,0.000293959,0.0003844033333333,0.00099574
0.0023625466666666,0.0069253163333333,0.0008949456666666,0.0005976166666666,0.0019058726666666,0.0003213883333333,0.0038526726666666,0.001192644,0.0023454093333333,0.0049071776666666,0.0069207483333333
0.0010506426666666,0.0028077083333333,0.0032891386666666,0.0011880866666666,0.00101201,0.000321734,0.0067709616666666,0.0059718693333333,0.0001762036666666,0.0031995603333333,0.0074830983333333
8.42033333333333e-06,0.0,0.0001281246666666,0.0,2.46913333333333e-05,0.0,0.0038939063333333,0.0005849523333333,0.0011182763333333,0.0038938553333333,1.86173333333333e-05
0.0012078606666666,0.0018508453333333,0.0002686466666666,0.000164996,0.000422825,0.0001227086666666,0.0264032103333333,0.0015253046666666,0.0008912096666666,0.0020281806666666,0.005882094
0.0135465103333333,0.0100935243333333,0.0047822166666666,0.0033835636666666,0.0016723856666666,0.0041148453333333,0.015543315,0.0143082663333333,0.000747703,0.0053449383333333,0.0373149933333333
