0.0034185073333333,0.005934505,1.45173333333333e-05,0.0110206926666667,0.0032390246666666,0.0011741683333333,6.66666666666667e-06,0.0026235153333333,6.89333333333333e-06,2.38593333333333e-05,0.0089938766666666
0.0074118263333333,0.0196774016666667,0.004372928,0.0132671423333333,0.006293843,0.00248762,6.66666666666667e-06,0.0053556736666666,1.0605e-05,0.0001468486666666,0.0150208673333333
0.002520242,0.0059267826666666,0.0032419563333333,0.0083382993333333,0.004720556,0.001758858,1.8365e-05,0.002822572,0.0019270196666666,7.0032e-05,0.006091428
0.006552467,0.0001638583333333,0.0,0.0226243596666667,1.5085e-05,1.06786666666667e-05,0.0,0.0009323266666666,3.33333333333333e-06,2e-05,0.0155690796666667
0.003552718,0.014468742,0.00214725,0.0105740743333333,0.0038182973333333,0.002623834,1.06666666666667e-05,0.0059227496666666,6.1554e-05,0.0001155963333333,0.0076583153333333
0.001808849,0.0040324163333333,0.001575532,0.0036953776666666,0.0022438486666666,0.0009735123333333,0.0,0.0014527733333333,0.0,3.92836666666667e-05,0.002309388
0.0053382176666666,0.001176881,0.0040381663333333,0.0219639846666667,9.2434e-05,7.84116666666667e-05,0.0015648146666666,0.0087015576666666,0.0025659253333333,0.0040121103333333,0.0144452566666667
0.0093223196666666,0.0109108413333333,0.0048860366666666,0.020499704,0.008251475,0.0040915123333333,2.39946666666667e-05,0.0262866086666667,2.13243333333333e-05,0.0007322086666666,0.0192173186666667
0.0001261493333333,2.37e-05,0.002091647,0.0020270596666666,6.66666666666667e-06,0.0001050306666666,0.0054663656666666,0.000518597,0.0016652866666666,0.0059177956666666,0.000337874
0.001517136,0.0002858336666666,0.001215479,0.0061276043333333,2.80696666666667e-05,0.0008222806666666,0.0043401056666666,0.0018160906666666,0.001032597,0.000377669,0.001451219
0.0114301366666667,0.0111644426666667,0.0008764246666666,0.03347404,0.0049362833333333,0.0031687856666666,4.98426666666667e-05,0.0228972783333333,7.00206666666667e-05,0.0008651123333333,0.0283784816666667
