0.0034605746666666,0.0009603976666666,0.0003139743333333,0.001105784,0.0014396236666666,0.0014797933333333,0.0015434865,0.000269444,3.18631666666667e-05,0.0004083483333333,0.0042195136666666
0.0008757286666666,0.0087994943333333,0.003360394,0.000467999,0.004018587,0.0013545203333333,0.0102199296666667,0.0011873266666666,0.0001235886666666,0.0006858513333333,0.0012809356666666
0.0007208546666666,0.0057934963333333,0.0002738443333333,0.002948257,0.0026864,0.000791983,0.0006795636666666,0.0016089603333333,0.001059209,0.003882128,0.005409441
0.000106925,0.0022751903333333,8.9963e-05,0.0013326126666666,0.0002416243333333,9.07336666666667e-05,0.001152369,0.000276778,1.5059e-05,0.0001008713333333,0.0002030243333333
0.0011245406666666,0.008286858,0.0007240093333333,4.48726666666667e-05,0.0016448966666666,0.0003334856666666,0.0010022546666666,0.0018879186666666,2.48283333333333e-05,0.0026308053333333,0.0015730056666666
0.00017927,0.00203487,0.0005275013333333,0.000397778,0.0014800746666666,0.0007679896666666,0.0006034236666666,0.0003649943333333,0.0002410216666666,0.000325055,0.001205988
0.0015866936666666,0.011198851,0.000805767,0.00023328,0.0007248476666666,0.0005756133333333,0.001615726,0.005406981,0.0029432546666666,0.0034845563333333,0.0095812856666666
0.00189142,0.0025165403333333,0.0027787796666666,0.0005249306666666,0.0011832453333333,0.000923532,0.0071231253333333,0.0117520923333333,0.000178521,0.0020078083333333,0.0079448893333333
0.0,3.33333333333333e-06,0.000185234,0.0,1.73226666666667e-05,0.0,0.0029233186666666,0.0,0.001073497,0.0048934863333333,3.33333333333333e-06
0.0006763393333333,0.0073415606666666,0.0002047666666666,0.0001743993333333,0.000221911,0.0002481116666666,0.001353296,0.0012119026666666,0.0010276463333333,0.0006109933333333,0.00113573
0.0161958896666667,0.008300382,0.0058150026666666,0.0031272853333333,0.0044166516666666,0.0027353306666666,0.0073910296666666,0.0132170993333333,0.000523781,0.003668443,0.0412255133333333
