0.0017373683333333,0.0006125173333333,0.000857455,0.0038198683333333,0.001207343,2.6469e-05,0.0008769286666666,0.0002340896666666,3.811e-06,0.000229577,0.00413185
0.0008252593333333,0.002056651,0.001285253,0.001213678,0.003516872,0.000922296,0.003099251,0.0114902633333333,6.8356e-05,0.0006052783333333,0.0018097256666666
0.0010228996666666,0.0040971386666666,0.0005470793333333,0.001814571,0.0034800633333333,0.0010366226666666,0.0016481053333333,0.0032045783333333,0.0011102023333333,0.000630518,0.0046236653333333
0.0023276736666666,0.002305316,0.000179382,0.000210648,0.0003660313333333,6.16753333333333e-05,0.0002692333333333,9.67366666666667e-05,1.75186666666667e-05,0.0003285016666666,0.001173757
0.0023828726666666,0.0031480066666666,0.000262004,4.06456666666667e-05,0.0002802496666666,0.001028986,0.003190645,0.0052365133333333,5.01546666666667e-05,0.0010798673333333,0.0007504753333333
0.0001095733333333,0.0011696086666666,0.0010891136666666,0.0003108796666666,0.0005427286666666,0.0009338993333333,0.0006305903333333,0.0012095563333333,0.0001864663333333,0.0001222736666666,0.0005998156666666
0.001065244,0.0032665556666666,0.0007919286666666,0.000421791,0.0026564163333333,0.0005151283333333,0.0019041546666666,0.011023624,0.0015000223333333,0.0031760403333333,0.0106206073333333
0.001409986,0.0053169723333333,0.0030064953333333,0.0005834583333333,0.002323326,0.0010394243333333,0.006729174,0.0105683016666667,0.0003123736666666,0.0020263553333333,0.0052331863333333
1.33333333333333e-05,1.104e-05,2.692e-05,0.0008462706666666,2.5326e-05,6.66666666666667e-06,0.0047556513333333,0.0001231676666666,0.0014356843333333,0.0048132153333333,0.0
0.00071724,0.000691192,0.000139125,0.000128238,0.0008246723333333,7.6653e-05,0.003192103,0.0024415006666666,0.0003873553333333,0.0004224523333333,0.0024018246666666
0.0093680143333333,0.0056159003333333,0.0071068606666666,0.0008640783333333,0.0026669046666666,0.0018009816666666,0.012435824,0.011748591,0.0001248653333333,0.0046018073333333,0.0429625966666667
