0.0032883186666666,0.001151492,0.0020986376666666,0.0014150506666666,0.0019559036666666,8.02746666666667e-05,0.0019030438333333,0.0009468156666666,4.54265e-05,0.0005511896666666,0.0091487423333333
0.001864786,0.015235654,0.0006290613333333,0.0008172786666666,0.0046337543333333,0.0009984113333333,0.0048360523333333,0.0009135586666666,1.04953333333333e-05,0.0009719353333333,0.002195013
0.000343158,0.0096892816666666,0.0002521003333333,0.0037579696666666,0.002570315,0.0014917073333333,0.000940557,0.0044853433333333,0.0007552223333333,0.0012072336666666,0.0038724186666666
0.001540484,0.0020989616666666,8.9176e-05,0.0007087646666666,0.0001054136666666,0.0001065263333333,0.0008801423333333,0.0003061676666666,1.96923333333333e-05,0.0001239213333333,0.000392767
0.002235341,0.0099918913333333,0.0003264516666666,6.86486666666667e-05,0.000988834,0.0008074143333333,0.001542537,0.0043333926666666,9.4223e-05,0.000681175,0.0021854656666666
0.0002261333333333,0.0031703863333333,0.0009445096666666,0.0019025566666666,0.0006967156666666,0.00061893,0.000338567,0.0004347443333333,0.0002574223333333,0.0001565863333333,0.0010459886666666
0.0011865133333333,0.0143196633333333,0.0007729916666666,0.0005703646666666,0.0020485736666666,0.000264131,0.002323402,0.0074092196666666,0.000763104,0.0081826526666666,0.0095657813333333
0.0033603713333333,0.0051948106666666,0.0027790586666666,0.0005958933333333,0.004266238,0.0004279143333333,0.0057813083333333,0.0180649063333333,0.0003737066666666,0.0040724346666666,0.0060019596666666
3.33333333333333e-06,0.00012152,0.0003974436666666,1.17203333333333e-05,3.06303333333333e-05,3.33333333333333e-06,0.0028260013333333,1.6632e-05,0.0010841726666666,0.002912526,0.0001504456666666
0.0012352893333333,0.0033909176666666,0.0003112456666666,0.000202248,0.0005246753333333,0.000159521,0.002743317,0.0049114793333333,0.000294421,0.000116702,0.0010467196666666
0.010244282,0.0073119196666666,0.0037365536666666,0.0004240856666666,0.0043049386666666,0.000947624,0.0102513943333333,0.0128288,0.0004368333333333,0.0024894066666666,0.0348471966666667
