0.004393392,0.002956631,0.0,0.003325609,0.0014096003333333,0.0001540053333333,4.5e-06,0.0011945223333333,3.33333333333333e-06,3.33333333333333e-06,0.0056662853333333
0.002176723,0.010039137,0.002727091,0.0103171426666667,0.005135457,0.0022476253333333,4.00983333333333e-05,0.0025219596666666,1e-05,0.0002119303333333,0.0040832506666666
0.0004461613333333,0.006591931,0.0029904553333333,0.0062378296666666,0.0035419863333333,0.0023779403333333,0.0,0.0023610853333333,0.0015510036666666,1.712e-05,0.007065637
0.0030740576666666,0.0001631666666666,0.0,0.0181914836666667,6.66666666666667e-06,0.0,3.33333333333333e-06,0.0003662973333333,0.0,3.2926e-05,0.0083542786666666
0.000994169,0.0065890603333333,0.001387797,0.0095452283333333,0.0016753186666666,0.00083418,4.0332e-05,0.0030568846666666,2.07733333333333e-05,0.0003529346666666,0.003000979
0.0010365996666666,0.003433432,0.0011175283333333,0.0020929853333333,0.001040644,0.0013264443333333,0.0,0.0024306173333333,3.33333333333333e-06,1e-05,0.0010567516666666
0.0029127533333333,0.0011939673333333,0.002347157,0.0216045666666667,0.000196415,5.3791e-05,0.001974141,0.0076158033333333,0.0010838273333333,0.0021288103333333,0.0079765226666666
0.004616397,0.0045975173333333,0.003453663,0.0165569103333333,0.00442918,0.0017782826666666,4.4543e-05,0.0161776843333333,1.464e-05,0.0005759853333333,0.012448338
0.00015299,2.474e-05,0.0003997443333333,0.0004889283333333,3.33333333333333e-06,0.0005555503333333,0.003690063,0.0002331386666666,0.0016548553333333,0.006777777,8.10176666666667e-05
0.0010935026666666,0.0001984416666666,0.0006424966666666,0.007715294,8.17903333333333e-05,0.0003015216666666,0.0036895636666666,0.0015798023333333,0.001071597,0.00065316,0.0007616983333333
0.0154479133333333,0.0044653636666666,0.0007240506666666,0.021775109,0.005804701,0.0024055233333333,6.66666666666667e-06,0.0238640126666667,0.0,0.0003120776666666,0.0279573676666667
