0.0048272306666666,0.0013549343333333,0.0004781883333333,0.0013036506666666,0.0027481703333333,0.000666225,0.0025214656666666,0.0009145153333333,0.0001519533333333,0.000559904,0.003207484
0.00330246,0.0059293536666666,0.0031869803333333,0.0012097796666666,0.0058852776666666,0.002018314,0.0065549556666666,0.0008227026666666,0.0007815703333333,0.0019389263333333,0.0030498116666666
0.0004367076666666,0.0087618176666666,0.0034798333333333,0.0027160273333333,0.0054025886666666,0.003902001,0.001990225,0.00184894,0.003007118,0.0028085606666666,0.0056568696666666
0.0004557456666666,0.0013812713333333,0.0002229643333333,0.0014879133333333,0.0008687496666666,0.000278636,0.001563531,0.0012341016666666,1.16816666666667e-05,0.0003644513333333,0.0017039986666666
0.002323922,0.0095503826666666,0.001384258,0.0005171673333333,0.002260102,0.0010360913333333,0.0032963923333333,0.0038339496666666,0.0001422016666666,0.0028535276666666,0.0026903266666666
0.0007106936666666,0.0021212313333333,0.001509194,0.0010660613333333,0.001626799,0.0012022036666666,0.0010613676666666,0.0002569683333333,0.0004724026666666,0.0005747086666666,0.0010219213333333
0.0043068366666666,0.010342484,0.005764145,0.002934561,0.0036624936666666,0.0024651356666666,0.0018848636666666,0.005087145,0.0044480643333333,0.004722412,0.0066808063333333
0.003249982,0.0027123366666666,0.0059941956666666,0.0012509373333333,0.0034044736666666,0.0018271433333333,0.0094558973333333,0.0119900096666667,0.0012927933333333,0.002711095,0.0087417623333333
1.7736e-05,7.33333333333333e-06,0.0020775556666666,2.85893333333333e-05,6.17356666666667e-05,3.514e-06,0.0043169873333333,4.07306666666667e-05,0.0010658493333333,0.003712943,3.6764e-05
0.0009933196666666,0.001196282,0.001237947,0.001037369,0.000583729,0.0007592633333333,0.004364626,0.0007643633333333,0.0006835553333333,0.0027441956666666,0.0005642016666666
0.0135343876666667,0.0084378603333333,0.012372837,0.0034157996666666,0.006252416,0.003602785,0.013548714,0.0202348,0.0012497056666666,0.0040644596666666,0.025819962
