0.0027339686666666,0.0030890536666666,1.19426666666667e-05,0.005572926,0.0023745633333333,0.0005426136666666,0.0,0.0007180126666666,5.36533333333333e-06,4.838e-05,0.00477017
0.0020716886666666,0.01042316,0.003321243,0.014091656,0.004489303,0.0021041786666666,8.22103333333333e-05,0.004504159,6.9091e-05,0.0002286486666666,0.002736517
0.000643563,0.0056377076666666,0.0021372766666666,0.0051435326666666,0.0058822066666666,0.0026510743333333,0.0,0.0017399383333333,0.0013916986666666,5.61746666666667e-05,0.005532399
0.0020396713333333,7.84456666666667e-05,3.33333333333333e-06,0.0125198056666667,3.33333333333333e-06,3.33333333333333e-06,0.0,0.000694628,3.33333333333333e-06,3.96553333333333e-05,0.0107694843333333
0.0025589363333333,0.013472193,0.0023457376666666,0.0071699156666666,0.0024717463333333,0.0022683996666666,3.173e-05,0.003810761,3.77133333333333e-06,0.0001711226666666,0.004058672
0.000184189,0.0029938723333333,0.0011916746666666,0.0019140056666666,0.0009859113333333,0.0010709326666666,3.33333333333333e-06,0.0005069123333333,0.0,3.96063333333333e-05,0.0013882613333333
0.0015157396666666,0.00088468,0.0029359703333333,0.0120718256666667,4.87043333333333e-05,3.8983e-05,0.002384327,0.006063639,0.0010311146666666,0.002724324,0.0096911923333333
0.0025751243333333,0.0069936866666666,0.0039883596666666,0.0140907863333333,0.003964281,0.002182024,6.28526666666667e-05,0.0184393123333333,2.21226666666667e-05,0.00084457,0.0070611876666666
2.91326666666667e-05,1.16666666666667e-05,0.0001293896666666,0.0002896983333333,3.33333333333333e-06,0.000141874,0.004892822,0.0018796683333333,0.0015551126666666,0.006759159,2e-05
0.0009228563333333,0.0003079733333333,0.0001660156666666,0.0042454326666666,6.80393333333333e-05,0.0005249016666666,0.0030540236666666,0.0008952653333333,0.0008852403333333,0.0007823636666666,0.0009127606666666
0.0166698606666667,0.010315147,0.00115085,0.0267008443333333,0.0052440246666666,0.0053178213333333,2.6448e-05,0.0151303843333333,2.73696666666667e-05,0.0013061613333333,0.025038537
