0.0058286513333333,0.004915491,4.5882e-05,0.008981752,0.0034904816666666,0.001026802,1e-05,0.004044995,6.73533333333333e-06,0.000161616,0.008063817
0.0037430133333333,0.0144121236666667,0.0045854333333333,0.0187034033333333,0.0085880633333333,0.0024026616666666,4.1232e-05,0.0059542756666666,1e-05,0.000354082,0.012730061
0.0019748533333333,0.0069726933333333,0.003500066,0.0067082423333333,0.0061136973333333,0.0035553736666666,0.0001598506666666,0.0030727173333333,0.001646044,7.386e-05,0.0054229646666666
0.0074408206666666,0.0004265266666666,7.33066666666667e-06,0.018459955,0.0,0.0,3.33333333333333e-06,0.0006376453333333,0.0,2e-05,0.0177338053333333
0.004211931,0.0186723696666667,0.002358189,0.0150768696666667,0.0057076276666666,0.002334749,1.2955e-05,0.0114585476666667,5.68166666666667e-06,0.00072131,0.0057645063333333
0.001163895,0.0037132916666666,0.002049825,0.0022881926666666,0.0029231036666666,0.0013801663333333,0.0,0.002033743,3.33333333333333e-06,6.36773333333333e-05,0.0021965583333333
0.0058013473333333,0.001575132,0.0045136213333333,0.0253667166666667,6.1035e-05,3.05473333333333e-05,0.0022083703333333,0.0131233293333333,0.0014848006666666,0.003923604,0.0159063563333333
0.005866531,0.0151681286666667,0.006057805,0.025308299,0.0085399943333333,0.0026312093333333,0.0001056603333333,0.0355308133333333,6.66666666666667e-06,0.0013914516666666,0.0193594323333333
0.0002738636666666,3.2576e-05,0.00061306,0.00064505,6.66666666666667e-06,6.68886666666667e-05,0.00667849,0.0010013266666666,0.002067734,0.006187593,0.000308936
0.0017484066666666,0.000315106,0.0007173956666666,0.006537055,1.28113333333333e-05,0.000826715,0.0043553216666666,0.0013474193333333,0.00175778,0.0009617586666666,0.0016556553333333
0.014317599,0.0143384156666667,0.0009523373333333,0.0378010033333333,0.0115641196666667,0.00224494,1.1552e-05,0.0237165936666667,2.7876e-05,0.001297868,0.0318862956666667
