0.003924398,0.0010226336666666,0.0003839143333333,0.000302247,0.0015031556666666,0.0005116063333333,0.0032421256666666,0.0006226266666666,5.49376666666667e-05,0.000451265,0.0050692463333333
0.001470096,0.012184141,0.000843225,0.002718819,0.0064971926666666,0.0008936883333333,0.020306621,0.0010101783333333,0.0004204723333333,0.0004148006666666,0.0038486186666666
0.0012526966666666,0.0070559683333333,0.002133783,0.0026992876666666,0.0011352756666666,0.0037314856666666,0.00081544,0.001165923,0.0016866953333333,0.0031336436666666,0.0026376796666666
0.0002127953333333,0.0018505526666666,9.96366666666667e-05,0.001727675,0.000334677,0.0012015213333333,0.0010063806666666,0.000308419,1.55346666666667e-05,8.35713333333333e-05,0.0009445976666666
0.0012641103333333,0.0059681253333333,0.001151634,0.0005568303333333,0.0032069326666666,0.0007860973333333,0.0016673443333333,0.0005728246666666,0.0008595053333333,0.0037906823333333,0.0017566363333333
0.000380897,0.0024166636666666,0.0008814403333333,0.000448224,0.0014648066666666,0.0019811173333333,0.0003776676666666,0.000154657,0.0003041603333333,0.000287725,0.0012783196666666
0.001701764,0.0104471113333333,0.0007281386666666,0.0003623293333333,0.00061869,0.0001599853333333,0.001352812,0.003115109,0.002685646,0.004797033,0.0064292943333333
0.0017942856666666,0.0025107613333333,0.0014277773333333,0.0004732586666666,0.0021955076666666,0.000773868,0.0056578086666666,0.0106716686666667,0.000102647,0.0014134603333333,0.0072097106666666
0.0,3.33333333333333e-06,0.0004223606666666,3.33333333333333e-06,2.401e-05,0.0,0.0017953043333333,1.33333333333333e-05,0.0010043416666666,0.0028016506666666,0.0
0.0008500083333333,0.0020136676666666,0.0001715043333333,6.2541e-05,0.000909679,6.23373333333333e-05,0.0015872786666666,0.001129531,0.000192589,0.000760163,0.000405052
0.009575531,0.0125666483333333,0.006400721,0.0024468676666666,0.0046147826666666,0.0016540693333333,0.0060379186666666,0.0194421226666667,0.0001446593333333,0.0016631503333333,0.0350481633333333
