0.002509671,0.0011872926666666,0.0006598086666666,0.0002635143333333,0.0026628736666666,0.000156561,0.0020341168333333,0.001794981,1.74095e-05,0.001157254,0.0052079503333333
0.0014676143333333,0.0095908693333333,0.0057597656666666,0.0014897456666666,0.0033939486666666,0.0008504286666666,0.0069484343333333,0.0008839106666666,0.000245292,0.0009747833333333,0.004735153
0.0005232773333333,0.0063212563333333,0.0013837663333333,0.0017141846666666,0.004489034,0.001668539,0.0023613216666666,0.001506808,0.000798497,0.000883545,0.0034123696666666
0.001802033,0.0011732963333333,0.0004244563333333,0.0008063803333333,0.0001978546666666,0.0004532646666666,0.0023056413333333,0.0002113956666666,0.0,0.0002970283333333,0.0006644286666666
0.0016827426666666,0.0087869903333333,0.001343982,0.000856387,0.0094537536666666,0.00061618,0.0097790356666666,0.0030137756666666,0.0001172666666666,0.0019914136666666,0.002835
0.0008053263333333,0.0031067783333333,0.0012306296666666,0.000554808,0.001910544,0.0008278093333333,0.0017783206666666,0.0004276673333333,0.0004397676666666,0.000367941,0.0014486316666666
0.0016077133333333,0.0118463923333333,0.0042541816666666,0.001807438,0.0073368903333333,0.0006973233333333,0.0022223663333333,0.0073550616666666,0.002910112,0.0063218453333333,0.0158304856666667
0.006897171,0.0061625593333333,0.0036877266666666,0.0019112446666666,0.0059185536666666,0.001669722,0.015002031,0.014522789,0.0014954343333333,0.004984594,0.0072518336666666
0.000111683,5.73656666666667e-05,0.0003099246666666,7.13066666666667e-06,9.3489e-05,1e-05,0.004682117,2.6072e-05,0.0017363326666666,0.0040916553333333,7.973e-06
0.0014143136666666,0.0020408886666666,0.0009692503333333,0.000544942,0.001013919,0.0004365613333333,0.0043193403333333,0.002022834,0.0016042863333333,0.000358136,0.0011155366666666
0.0121046353333333,0.0082795036666666,0.0072155696666666,0.0034186326666666,0.0037330693333333,0.001207638,0.0167895713333333,0.012548947,0.0010892033333333,0.0056577043333333,0.0251240413333333
