0.003674234,0.0017514076666666,0.000851432,0.000236004,0.0018979356666666,0.000309315,0.0019206863333333,0.001185203,3.68053333333333e-05,0.0010502176666666,0.0041078493333333
0.003423951,0.0058558086666666,0.0016114096666666,0.0008807166666666,0.0038371453333333,0.000946802,0.003573212,0.001559598,0.000463901,0.000632973,0.0064160593333333
0.001771327,0.005198598,0.001225551,0.002144482,0.00309495,0.001732635,0.0015737793333333,0.0014225053333333,0.0006609173333333,0.002895161,0.0045902566666666
0.0016249286666666,0.0014119766666666,0.0001707976666666,0.001721002,0.0002607716666666,0.0006176726666666,0.0003057183333333,0.0005999096666666,5.9074e-05,0.0004785286666666,0.0005973643333333
0.002195645,0.0045934536666666,0.001398805,0.000648205,0.0009301033333333,0.0008310276666666,0.0011563056666666,0.0006074213333333,6.94383333333333e-05,0.0029374536666666,0.0023415963333333
0.0009120713333333,0.0016381086666666,0.0006016956666666,0.0005464173333333,0.0016502373333333,0.001058683,0.0005982776666666,0.0005081446666666,0.000319108,0.0004528713333333,0.0018632606666666
0.002617441,0.0056076136666666,0.002033839,0.0007130543333333,0.0014169613333333,0.0005209916666666,0.002441633,0.0035448173333333,0.003533223,0.00319966,0.007560767
0.005615533,0.0026534573333333,0.0030960366666666,0.0006393703333333,0.0011061723333333,0.0015653863333333,0.005553122,0.0089615586666666,0.0001208886666666,0.0019181423333333,0.0060610123333333
0.0,3.33333333333333e-06,0.000229988,3.33333333333333e-06,1.83963333333333e-05,0.0,0.005397546,7.409e-06,0.0009865763333333,0.004590461,1e-05
0.0012528743333333,0.0077242523333333,0.00101253,0.0003312786666666,0.0003359816666666,0.0007412383333333,0.001374902,0.0005707216666666,0.0003287576666666,0.0001261756666666,0.0004841986666666
0.0120399,0.0096257903333333,0.004531659,0.002033265,0.004130865,0.0015609656666666,0.0050473163333333,0.0135212496666667,0.0001484623333333,0.0038488186666666,0.0137613483333333
