0.003052101,0.000325182,0.000262009,9.10696666666667e-05,0.0015369876666666,8.2011e-05,0.0011934165,0.0003261036666666,2.79538333333333e-05,0.0005204473333333,0.006049555
0.002538738,0.008324384,0.0013958936666666,0.00145703,0.0019762316666666,0.0003783796666666,0.00300006,0.0015142756666666,0.000544071,0.0006076413333333,0.0008323383333333
0.0005337333333333,0.007884734,0.0003065433333333,0.0016912236666666,0.0029754326666666,0.0010917293333333,0.0006229036666666,0.0021232196666666,0.0009207903333333,0.0009153416666666,0.0040545136666666
0.00051291,0.0023867836666666,0.0001365056666666,0.002194325,7.43703333333333e-05,7.8968e-05,0.0012085463333333,0.0005099563333333,6.66666666666667e-06,0.0002352896666666,0.000359125
0.0017769576666666,0.008015657,0.0006603543333333,0.0020183206666666,0.00045506,0.0010190046666666,0.0011134176666666,0.0017357483333333,1e-05,0.0013833743333333,0.0012795033333333
0.0001466963333333,0.0025556526666666,0.0020213853333333,0.0006380606666666,0.001631452,0.0001149966666666,0.000382852,0.0010231983333333,0.0002023686666666,0.0004467626666666,0.0009213126666666
0.0014510103333333,0.013271194,0.0008023343333333,0.0002450176666666,0.000948314,0.000306426,0.0030599336666666,0.0062678183333333,0.0028333396666666,0.0023166256666666,0.00455733
0.0019719223333333,0.0031210096666666,0.0028559063333333,0.0004854996666666,0.0019307906666666,0.0005768256666666,0.0079210463333333,0.0125444606666667,0.0002149626666666,0.003896277,0.005765353
3.33333333333333e-06,3.09106666666667e-05,5.93533333333333e-05,0.0,3.6374e-05,3.33333333333333e-06,0.003848266,0.0003229046666666,0.0010244926666666,0.004134551,6.66666666666667e-06
0.000984004,0.0057449293333333,0.0002641893333333,0.0001375093333333,0.0003903586666666,0.0004126033333333,0.0013808576666666,0.001457433,0.0002318953333333,0.000105026,0.006570023
0.010905621,0.0110857863333333,0.0071244166666666,0.0018392416666666,0.003623536,0.0021833976666666,0.0107841753333333,0.0126353746666667,0.0006334813333333,0.0049087206666666,0.0379885066666667
