0.004586681,0.0014544036666666,0.0032249643333333,0.0050746353333333,0.0032383286666666,0.000404105,0.0019856246666666,0.000528521,0.000114816,0.000832932,0.0050802533333333
0.002009832,0.0135993956666667,0.0016696413333333,0.0008826306666666,0.0147391436666667,0.0014238003333333,0.004470448,0.0034571566666666,0.000632164,0.0011894996666666,0.0031330656666666
0.0024573843333333,0.0054508086666666,0.002253215,0.0034036636666666,0.0040670696666666,0.0041431756666666,0.0024895153333333,0.0038113436666666,0.002413723,0.0018242223333333,0.0059595026666666
0.0007581156666666,0.0015094586666666,0.0002762946666666,0.0024092,0.000776574,0.0002635253333333,0.000614328,0.0009407826666666,8.5488e-05,0.000177636,0.001146179
0.0022915446666666,0.0098434636666666,0.0014213953333333,0.0005019826666666,0.0039075226666666,0.0007054703333333,0.0024009793333333,0.001661526,0.0003086123333333,0.002790487,0.0026939806666666
0.0005870403333333,0.002439074,0.001059893,0.0004705173333333,0.0022466743333333,0.000872017,0.0014135163333333,0.0002710533333333,0.000330528,0.000424431,0.0020779973333333
0.0031437673333333,0.0128543506666667,0.0022936613333333,0.0009034686666666,0.003297373,0.0006708866666666,0.0021347216666666,0.0060289083333333,0.0044011033333333,0.002285588,0.0141497953333333
0.0029531713333333,0.0037177636666666,0.0038218393333333,0.0014073256666666,0.00444532,0.0012105736666666,0.0096116793333333,0.016159648,0.0006026226666666,0.003532178,0.0084628586666666
6.881e-05,1.8333e-05,0.0016060936666666,1.07983333333333e-05,4.64596666666667e-05,0.0,0.0044346833333333,0.0005930203333333,0.001480253,0.005162816,0.000254257
0.0012668576666666,0.003278334,0.0006795316666666,0.0011868843333333,0.0015937473333333,0.0006465333333333,0.0017436946666666,0.0015568306666666,0.0012642693333333,0.0018967496666666,0.003206676
0.0188782843333333,0.0095188856666666,0.007699372,0.0041259136666666,0.008374414,0.0021820933333333,0.0140688013333333,0.0211876523333333,0.0005052376666666,0.0060385953333333,0.0445197733333333
