0.0070711926666666,0.0009365233333333,0.000298078,0.000963793,0.003523062,0.00020894,0.0013794156666666,0.0011223273333333,9.54753333333333e-05,0.0002398733333333,0.004775407
0.0025472273333333,0.010507721,0.001569884,0.0008606446666666,0.0063318676666666,0.002066719,0.0038864063333333,0.0031512293333333,0.0005575133333333,0.0005324593333333,0.002857091
0.0007656483333333,0.0167022646666667,0.0019520883333333,0.0030914456666666,0.0036245976666666,0.002466778,0.0014779476666666,0.0013957433333333,0.0025311316666666,0.001396082,0.005665339
0.0017364913333333,0.002601381,0.0002556366666666,0.0020957196666666,0.0013331433333333,0.0010891566666666,0.000373207,0.000580659,3.95156666666667e-05,0.0001688556666666,0.000334602
0.0013004263333333,0.006967688,0.0017985456666666,0.0033846933333333,0.00464416,0.001229907,0.0022689936666666,0.003898521,5.49463333333333e-05,0.0006081056666666,0.004017797
0.000738317,0.0024697106666666,0.0010155546666666,0.0004984216666666,0.001884434,0.001581191,0.000406275,0.0011002646666666,0.0002343013333333,0.000392349,0.0026536046666666
0.003194888,0.012679824,0.001015785,0.0004263576666666,0.0020679226666666,0.000882606,0.0026087893333333,0.0071321443333333,0.0038661866666666,0.0020972036666666,0.004614247
0.0039917536666666,0.0029454623333333,0.005502772,0.0031824553333333,0.00269906,0.001545877,0.0073356306666666,0.016047094,0.0001154366666666,0.0015839413333333,0.0141699316666667
6.66666666666667e-06,2.50306666666667e-05,0.00019232,3.33333333333333e-06,5.06103333333333e-05,6.74233333333333e-06,0.00407763,0.000120091,0.001066863,0.0048697056666666,0.0001381326666666
0.0014116126666666,0.006982736,0.000377062,0.0002021233333333,0.0021032496666666,0.000407639,0.0012955983333333,0.002045308,0.0005447856666666,0.000610031,0.002144783
0.0141350706666667,0.008551579,0.0057396903333333,0.0028582613333333,0.012148033,0.0019902026666666,0.0073886233333333,0.0187511773333333,0.0001794516666666,0.003722933,0.03847506
