0.0050915973333333,0.001738522,0.0022453676666666,0.006802212,0.0024443836666666,0.0009301963333333,0.0037755393333333,0.0009688956666666,0.0005429248333333,0.000642856,0.0077453266666666
0.0036185286666666,0.0163026176666667,0.0027945583333333,0.0022705646666666,0.005927932,0.001255647,0.0104307026666667,0.0055749966666666,0.0001997493333333,0.000906769,0.006844835
0.0030506153333333,0.0087884383333333,0.002232663,0.0027790483333333,0.0043844736666666,0.003587837,0.0052061433333333,0.0060741276666666,0.0047499606666666,0.002290046,0.006024216
0.0015058596666666,0.0022939013333333,0.000379086,0.001130528,0.0006982843333333,0.000500052,0.0008693823333333,0.0006190336666666,0.0001697743333333,0.0002410033333333,0.000824457
0.0046610736666666,0.0171652336666667,0.0044433773333333,0.0006609003333333,0.002798483,0.0021186466666666,0.0064991416666666,0.0060919326666666,0.0011392843333333,0.0018543826666666,0.0062812213333333
0.0007147666666666,0.0034955493333333,0.0041692563333333,0.0005722613333333,0.00242339,0.0018760063333333,0.0015518816666666,0.0009771756666666,0.0009528533333333,0.001113651,0.0018839716666666
0.0067303126666666,0.0198215456666667,0.006978151,0.002769888,0.0063738923333333,0.003013397,0.0022251756666666,0.0162299656666667,0.0020670876666666,0.005958308,0.0153349876666667
0.006048739,0.011915551,0.0054588623333333,0.002523902,0.0095475453333333,0.001376403,0.0200227406666667,0.0275891683333333,0.0006650366666666,0.0043756496666666,0.012296577
0.000153562,0.0002093853333333,0.001465885,0.000109846,0.0001352113333333,6.00303333333333e-05,0.0044812123333333,7.9996e-05,0.0027124426666666,0.0047493186666666,3.4211e-05
0.0017313896666666,0.0026692036666666,0.0008884733333333,0.0004138823333333,0.003167135,0.0006226623333333,0.004965973,0.001966468,0.0009370473333333,0.002455633,0.0025211383333333
0.014935581,0.0125936113333333,0.008100603,0.00302462,0.013419772,0.0026458016666666,0.0166317056666667,0.0204315556666667,0.0014108633333333,0.003822627,0.0319625626666667
