0.0041860856666666,0.0044614643333333,7.10166666666667e-06,0.0122969663333333,0.0058007756666666,0.000700843,3.33333333333333e-06,0.002657045,6.66666666666667e-06,8.7279e-05,0.0055268886666666
0.005207755,0.00623071,0.0034320263333333,0.014368624,0.0106490873333333,0.00248081,1.04213333333333e-05,0.014140946,6.66666666666667e-06,0.000300227,0.0073414036666666
0.000853816,0.004623876,0.0019912133333333,0.0051583083333333,0.0040122376666666,0.0017766243333333,3.5e-06,0.005148848,0.0011743633333333,5.39323333333333e-05,0.0048188143333333
0.0046527383333333,0.0004050263333333,0.0,0.0181557703333333,1.49493333333333e-05,0.0,3.33333333333333e-06,0.0007160263333333,3.33333333333333e-06,6.66666666666667e-06,0.0138860923333333
0.002973827,0.012455198,0.0027013313333333,0.0064418226666666,0.0018414943333333,0.0020849326666666,6.66666666666667e-06,0.0133356883333333,1.1098e-05,0.0003111666666666,0.003547389
0.0008368263333333,0.001816066,0.0013403723333333,0.0023447763333333,0.0014397293333333,0.001097397,3.52733333333333e-06,0.0026631723333333,0.0,1e-05,0.0015755616666666
0.003329383,0.000888108,0.0017142243333333,0.0179029586666667,2.09246666666667e-05,3.6731e-05,0.001500448,0.0134059683333333,0.001705012,0.0029232613333333,0.0119527763333333
0.0047642906666666,0.0129556856666667,0.0058500703333333,0.016939182,0.007610298,0.0026457313333333,0.0008939696666666,0.0311262046666667,3.33333333333333e-06,0.0012755486666666,0.019340492
0.000716832,0.0,0.0007232573333333,0.0008414726666666,4.973e-06,0.000140735,0.0045685806666666,0.001017296,0.001540519,0.0059914013333333,0.0002979833333333
0.001346326,0.0001466753333333,0.0008288273333333,0.005118645,6.90813333333333e-05,0.0006081813333333,0.002871118,0.0063069166666666,0.0013787113333333,0.000459894,0.0038840906666666
0.0103968833333333,0.011631247,0.0007996666666666,0.0370035533333333,0.006281686,0.002867231,1e-05,0.0182128376666667,1.5107e-05,0.0006480886666666,0.0324001506666667
