0.004203104,0.004073354,0.001344765,0.0008943363333333,0.003952258,0.0008865356666666,0.0024644391666666,0.0024015163333333,0.0005577605,0.00093286,0.009063583
0.002054013,0.0047302953333333,0.0012326706666666,0.0017056913333333,0.0030341723333333,0.001381957,0.0040059866666666,0.0007230993333333,0.001892444,0.0016102106666666,0.0025438396666666
0.002242868,0.006696034,0.0029591176666666,0.0018548383333333,0.003730744,0.00266486,0.001607433,0.003115427,0.001387931,0.003098054,0.0073114433333333
0.0004707546666666,0.0041605953333333,0.0004349566666666,0.001446552,0.0009243383333333,0.0003330223333333,0.0131347423333333,0.001842058,0.000210947,0.000347552,0.0030685046666666
0.003005773,0.016722163,0.003760909,0.0016831896666666,0.006870476,0.001895719,0.0114708716666667,0.004576189,0.0007698323333333,0.001499339,0.0056676586666666
0.000885074,0.0035458606666666,0.001589977,0.000555271,0.002517078,0.001549808,0.0020555386666666,0.0015212256666666,0.000478903,0.0008217753333333,0.0015445343333333
0.0036378103333333,0.0156521416666667,0.002300901,0.0024350746666666,0.005868831,0.000909466,0.00189785,0.0066924396666666,0.001443282,0.0033081706666666,0.0066468846666666
0.0067805063333333,0.0106685156666667,0.0049460593333333,0.0046622136666666,0.0101227386666667,0.0034954823333333,0.0114092513333333,0.0254260876666667,0.001419159,0.006937863,0.0230226163333333
8.27066666666667e-05,0.0005527786666666,0.00402519,0.0004272193333333,0.0003223016666666,0.0001379263333333,0.0037647536666666,0.0003659636666666,0.001906351,0.0069991133333333,0.0004076686666666
0.0012500293333333,0.007825467,0.0007647243333333,0.000549882,0.002151737,0.000656106,0.0052548066666666,0.0027675273333333,0.0013413113333333,0.0007024833333333,0.002707096
0.016738155,0.0153093446666667,0.0106310803333333,0.007868133,0.009224039,0.0015597776666666,0.009253135,0.024727943,0.0009961403333333,0.0056717223333333,0.0278629393333333
