0.0035952403333333,0.0008482443333333,0.0006175956666666,0.0016289273333333,0.001609198,0.0003849266666666,0.0014537243333333,0.0006602606666666,0.0001704296666666,0.0005147356666666,0.0067959083333333
0.0031574436666666,0.0084692443333333,0.0004394756666666,0.0006268426666666,0.0035527386666666,0.002158433,0.0061117736666666,0.0009720646666666,3.49993333333333e-05,0.0002456343333333,0.0017118823333333
0.0002034896666666,0.0076597146666666,0.0005148446666666,0.002220847,0.004050821,0.0021381653333333,0.000506901,0.001869382,0.001291761,0.0009345733333333,0.00494877
0.0009176053333333,0.0015668266666666,0.0001293756666666,0.00188483,0.0001340486666666,0.000270246,0.0001739903333333,0.000314687,5.7896e-05,0.000199559,0.0005959013333333
0.0013418226666666,0.009061177,0.0007603616666666,0.0032085256666666,0.0026654423333333,0.0007994603333333,0.0020300223333333,0.0032008813333333,0.0001185683333333,0.0018210766666666,0.0019516086666666
0.0009732046666666,0.005313772,0.00131442,0.0004686283333333,0.0013381056666666,0.001120533,0.0003024803333333,0.0002896253333333,0.00020562,0.0008185606666666,0.0011870113333333
0.0057616933333333,0.0288566913333333,0.0006113486666666,0.0005680346666666,0.003365378,0.0003007386666666,0.0038352183333333,0.0047884016666666,0.0071808196666666,0.0021338196666666,0.0031343696666666
0.0034372143333333,0.0022973316666666,0.0034745986666666,0.003271302,0.003342708,0.0015713026666666,0.007505102,0.0176097753333333,7.96106666666667e-05,0.001671838,0.0162543806666667
6.66666666666667e-06,4.30453333333333e-05,0.0001294713333333,3.60656666666667e-05,3.88533333333333e-05,0.0,0.003510472,3.30933333333333e-05,0.0007667083333333,0.0038939126666666,9.64746666666667e-05
0.0011669073333333,0.00529704,0.0001729973333333,0.0002050606666666,0.0023339396666666,0.0012236393333333,0.0014275353333333,0.0016535386666666,0.0007652166666666,0.0003808053333333,0.00221147
0.0178216663333333,0.0115682936666667,0.0039367556666666,0.0022639126666666,0.0076963183333333,0.0015884326666666,0.004338598,0.0221548666666667,0.0003851943333333,0.003046202,0.03374742
