0.002857879,0.00066925,0.0003697883333333,0.0012844423333333,0.0016158833333333,0.0003421153333333,0.00197913,0.0006703393333333,2.4775e-05,0.0004615093333333,0.003113839
0.0006835683333333,0.0086009243333333,0.0035048063333333,0.000638484,0.0013371143333333,0.0002322586666666,0.0048933706666666,0.0003682683333333,2.76066666666667e-05,0.000515133,0.0031794233333333
0.000687482,0.004600448,0.0005330786666666,0.0017277893333333,0.005418691,0.001825174,0.0023856263333333,0.0016898053333333,0.0012900476666666,0.0022773613333333,0.0043636863333333
0.0024489716666666,0.001143279,0.0009221596666666,0.0002495203333333,8.62516666666667e-05,7.6273e-05,0.000665893,0.0001495466666666,0.0,0.0001382813333333,0.0002630146666666
0.002551247,0.006557234,0.0007085486666666,0.0006272633333333,0.0009008133333333,0.0003058813333333,0.0017232523333333,0.0020607683333333,1.517e-05,0.001450263,0.0052085356666666
0.0001559603333333,0.0023997346666666,0.0009614086666666,0.000369602,0.0011840123333333,0.0013438133333333,0.0004928813333333,0.0001859786666666,0.0002177836666666,0.000309207,0.0012889636666666
0.003479571,0.0089528753333333,0.0018788766666666,0.0008778446666666,0.002985127,0.0005535546666666,0.0017134083333333,0.0027180286666666,0.000756049,0.0027818206666666,0.003861651
0.0021856893333333,0.002262227,0.0028670876666666,0.0013631473333333,0.0013087,0.0009650886666666,0.0058151446666666,0.009334345,0.000268879,0.0024406196666666,0.003699248
4.45866666666667e-05,3.28906666666667e-05,0.001012879,3.33333333333333e-06,6.45546666666667e-05,3.33333333333333e-06,0.0031971486666666,2.0632e-05,0.000544485,0.0032795676666666,3.30323333333333e-05
0.0007062926666666,0.001335693,0.000759441,0.0002574886666666,0.0018136286666666,0.000265568,0.0037830416666666,0.0011642126666666,0.0006588503333333,0.0002392796666666,0.000533528
0.012439542,0.0051865526666666,0.006233281,0.001032961,0.0028503093333333,0.001226581,0.0054666596666666,0.0138877486666667,0.0002453003333333,0.0033916853333333,0.024590855
