0.003712238,0.0007263976666666,0.000598989,0.0040961196666666,0.0014326893333333,6.9308e-05,0.0023412753333333,0.001425181,7.28436666666667e-05,0.0005309523333333,0.0028697943333333
0.0032198563333333,0.0087801236666666,0.006410044,0.0008926096666666,0.005847127,0.0018052226666666,0.004170709,0.002700182,0.000244918,0.001098963,0.002543382
0.001733227,0.0050817576666666,0.0008881766666666,0.003032333,0.0036338813333333,0.0020541953333333,0.0046618816666666,0.0022776433333333,0.001434124,0.0015978733333333,0.0048343023333333
0.0016802446666666,0.000604239,0.0002475973333333,0.0020236016666666,0.0008086723333333,0.0002317686666666,0.0052906903333333,0.0003700043333333,6.394e-06,0.0001421526666666,0.000616417
0.0016731563333333,0.0083418556666666,0.0021463153333333,0.0001470523333333,0.0033510096666666,0.0006846766666666,0.0051127926666666,0.0020112273333333,0.0002176903333333,0.001623263,0.0015507606666666
0.000373017,0.0013361196666666,0.0006873206666666,0.0004878513333333,0.0021127436666666,0.001718252,0.000609562,0.0001549953333333,0.0003059693333333,0.000401173,0.0009731523333333
0.0021551223333333,0.0076842113333333,0.0020188616666666,0.0008476776666666,0.002933632,0.0003604176666666,0.0020900033333333,0.003658755,0.0031381806666666,0.0033059793333333,0.0132936556666667
0.003622593,0.0032014516666666,0.006328071,0.000718111,0.003190025,0.0011758973333333,0.0104548223333333,0.013858148,0.0005227463333333,0.0028480423333333,0.0114475816666667
0.0001106226666666,6.66666666666667e-06,0.0002460383333333,0.0,3.62843333333333e-05,3.33333333333333e-06,0.0040453856666666,6.67726666666667e-05,0.001289696,0.0055400433333333,1.20026666666667e-05
0.0012702946666666,0.0037351656666666,0.000614921,0.0002931233333333,0.001118323,0.0001605506666666,0.0029356503333333,0.0023834616666666,0.0003060486666666,0.0002317473333333,0.0024643863333333
0.017576453,0.008946804,0.007537394,0.0020508563333333,0.006551694,0.001957786,0.0149108026666667,0.0166320476666667,0.0014083353333333,0.00478279,0.0240182126666667
