0.003725269,0.0026083093333333,0.0011053803333333,0.0015638343333333,0.0027216443333333,0.000588183,0.0021693135,0.0005568503333333,0.0001069608333333,0.0004968966666666,0.003164173
0.0029229673333333,0.0124359276666667,0.0011771543333333,0.0019336856666666,0.0051293893333333,0.0015379246666666,0.0038524403333333,0.0027964433333333,0.0008255823333333,0.001151354,0.0054033
0.0005871726666666,0.0151079093333333,0.0030599436666666,0.003139106,0.003562392,0.0026721966666666,0.003096165,0.0022485856666666,0.0029952163333333,0.005435752,0.0057116436666666
0.000588198,0.001440779,0.000381579,0.0027703303333333,0.001007233,0.0005449496666666,0.000619621,0.000410568,0.000321245,0.000247533,0.000483538
0.0009303996666666,0.0070539553333333,0.003049056,0.0004319583333333,0.0035409443333333,0.0010720003333333,0.0012602053333333,0.0019204053333333,0.0008735473333333,0.000756339,0.0035992943333333
0.000845874,0.001868803,0.000739845,0.0005613663333333,0.0019594223333333,0.0017912616666666,0.000954703,0.0008094103333333,0.0003367366666666,0.0005598483333333,0.0017158463333333
0.003151466,0.0092264376666666,0.0048065153333333,0.0009446666666666,0.003113157,0.0006446796666666,0.0020540123333333,0.0051456313333333,0.0024503486666666,0.0043892866666666,0.006089794
0.004104475,0.0025676646666666,0.0039194236666666,0.0011223366666666,0.003009824,0.0014588896666666,0.0095471636666666,0.0097352383333333,0.0007548356666666,0.003552158,0.0074318233333333
6.66666666666667e-06,6.66666666666667e-06,0.000255351,4.23333333333333e-06,4.15456666666667e-05,3.33333333333333e-06,0.0041956033333333,3.33333333333333e-06,0.0013068816666666,0.004489855,8.55803333333333e-05
0.0013990573333333,0.0076378063333333,0.0021295776666666,0.0005306886666666,0.0004588653333333,0.0010003433333333,0.0049077006666666,0.001165202,0.0013010693333333,0.0008527813333333,0.0007803533333333
0.0146365276666667,0.0107129966666667,0.0100771753333333,0.0056352813333333,0.0052486703333333,0.003212315,0.0098708076666666,0.0175826546666667,0.001402533,0.0031316113333333,0.0243729243333333
