0.0053732903333333,0.0015407696666666,0.0008269023333333,0.0044855263333333,0.0018809636666666,0.0010147426666666,0.0038367423333333,0.000615655,8.29933333333333e-06,0.0003506756666666,0.0031787113333333
0.0010360296666666,0.0081732656666666,0.001944687,0.0024054593333333,0.006611194,0.05156892,0.0097810586666666,0.0022235266666666,0.0002717116666666,0.0013347116666666,0.0073834933333333
0.003032752,0.0046507023333333,0.000553621,0.0013612493333333,0.0034916456666666,0.00235831,0.0041481583333333,0.003215714,0.0008434423333333,0.0008686073333333,0.0039994113333333
0.0023692126666666,0.0013602306666666,0.000118858,0.0007455453333333,0.0002257016666666,0.0002515833333333,0.0006275473333333,0.000619762,3.33333333333333e-06,0.0002670636666666,0.000620705
0.0016397253333333,0.0053878896666666,0.000461979,8.42923333333333e-05,0.0047323556666666,0.0002152823333333,0.003911302,0.0033391173333333,0.000289201,0.0010100496666666,0.0014433946666666
0.0002148783333333,0.0035577186666666,0.0010058843333333,0.0005355913333333,0.0015429396666666,0.000820102,0.0019307203333333,0.0005256266666666,2.84476666666667e-05,0.00060329,0.002884045
0.0040977383333333,0.014843265,0.003170192,0.0013837233333333,0.00503542,0.001889782,0.0021036566666666,0.0174018443333333,0.0013359643333333,0.00488091,0.0125113896666667
0.0030257933333333,0.0075359806666666,0.0040997013333333,0.002136787,0.0059562556666666,0.0009006656666666,0.0137307256666667,0.019821076,0.000975458,0.0052322466666666,0.0081378343333333
9.69446666666667e-05,6.02356666666667e-05,0.0017617713333333,3.64e-06,2.84223333333333e-05,0.0009424783333333,0.0047941966666666,5.64256666666667e-05,0.0015271803333333,0.0049442843333333,2.12426666666667e-05
0.0010846226666666,0.0017804956666666,0.0002614093333333,0.0001943926666666,0.0005635266666666,0.000245479,0.0037123026666666,0.0012545576666666,0.0003534066666666,0.0006341986666666,0.0017376076666666
0.0139796956666667,0.0084960713333333,0.0058792703333333,0.0047558976666666,0.003334818,0.0020196946666666,0.0167142176666667,0.014191729,0.000868779,0.0057277983333333,0.0216627246666667
