0.0030123383333333,0.0084825376666666,0.0009505973333333,0.0009810446666666,0.0028946663333333,0.001369502,0.0011707708333333,0.002338255,0.0005267108333333,0.0005781483333333,0.0111512343333333
0.0048376163333333,0.0102977866666667,0.0014951686666666,0.0019550983333333,0.0090318953333333,0.0025201736666666,0.0042679756666666,0.001274532,0.0007690046666666,0.001141729,0.0025918953333333
0.001593321,0.010844014,0.0028159996666666,0.0021138673333333,0.005651486,0.002248587,0.0010809463333333,0.0037230093333333,0.0017580436666666,0.0037775503333333,0.008722741
0.000461532,0.004399481,0.0005005006666666,0.002157208,0.001595978,0.000792419,0.0172250836666667,0.0017898776666666,0.000402219,0.0005994506666666,0.001132917
0.0056456336666666,0.021392232,0.0028586043333333,0.0018011723333333,0.0152612343333333,0.0035807443333333,0.0117787146666667,0.005688704,0.0006748426666666,0.0018342493333333,0.008159833
0.000836522,0.0063393153333333,0.0012749196666666,0.0007313296666666,0.0024334666666666,0.0016798996666666,0.0005971923333333,0.0020171276666666,0.0001227856666666,0.0002777643333333,0.00239804
0.0038984036666666,0.0195364346666667,0.001520861,0.004283486,0.004938733,0.0011743366666666,0.0014050173333333,0.007620714,0.0008997863333333,0.0052432983333333,0.0084295426666666
0.007764017,0.0098142216666666,0.0053794066666666,0.004499694,0.0112533053333333,0.0034734626666666,0.0070020356666666,0.0285394866666667,0.0021753456666666,0.0036235003333333,0.01807486
0.0006611453333333,0.001264134,0.0004291873333333,0.0001846576666666,0.0003828556666666,0.0004261273333333,0.0037680043333333,0.0002776636666666,0.00210441,0.0082838906666666,0.000469002
0.0015060746666666,0.0104806153333333,0.0013671003333333,0.0007941266666666,0.002452572,0.00139129,0.0034448036666666,0.0031883753333333,0.0016377376666666,0.00015686,0.004669616
0.0183948456666667,0.010948986,0.007011702,0.006995738,0.014262144,0.0034775263333333,0.0100956623333333,0.026932293,0.0022178636666666,0.0045166723333333,0.04169806
