0.0006195996666666,0.0004000203333333,0.000350285,0.0024527216666666,0.00128218,7.9928e-05,0.0006308373333333,0.0001827396666666,3.82666666666667e-06,0.0001482083333333,0.0029047486666666
0.001157908,0.0156083896666667,0.0007396673333333,0.0013331896666666,0.0037603096666666,0.000700511,0.00379585,0.003562282,1.57646666666667e-05,0.0007435526666666,0.0029369023333333
0.0005744086666666,0.0039560486666666,0.001376795,0.0025853333333333,0.0038965783333333,0.003096718,0.0020794086666666,0.0030395133333333,0.001619146,0.000461597,0.0042460153333333
0.000317944,0.001637058,8.22426666666667e-05,0.0017300573333333,0.000116097,0.0001297766666666,0.000348586,0.0003697576666666,6.66666666666667e-06,6.64456666666667e-05,0.0019948083333333
0.0023775496666666,0.0033285423333333,0.0006953803333333,0.0002093533333333,0.0002607193333333,0.000166657,0.002033949,0.0009001566666666,2.63893333333333e-05,0.0004512766666666,0.0011098706666666
0.000501404,0.000963131,0.001577171,0.000459652,0.0012585726666666,0.0012647453333333,0.0004952323333333,0.0001084193333333,0.0002638943333333,2.7956e-05,0.0007653686666666
0.002371743,0.0074008686666666,0.000875017,0.0003468563333333,0.0006058953333333,0.000376905,0.0009026686666666,0.0026641033333333,0.0024524496666666,0.0027802296666666,0.0064805003333333
0.0022492596666666,0.002046929,0.002752182,0.001096966,0.0013244013333333,0.000927348,0.0070337073333333,0.0087465423333333,0.000204302,0.002724786,0.0041580586666666
3.33333333333333e-06,1e-05,0.0001056596666666,0.0,3.34406666666667e-05,0.0,0.0036063383333333,6.66666666666667e-06,0.0009647253333333,0.004268263,0.0
0.0009025433333333,0.0017090786666666,7.32363333333333e-05,8.6916e-05,0.000546868,5.98326666666667e-05,0.001275061,0.0009118043333333,0.001014224,0.0001097433333333,0.0009714986666666
0.0101547043333333,0.0082767483333333,0.010473989,0.0074287106666666,0.0051316533333333,0.0038891623333333,0.010587351,0.0143308916666667,6.1605e-05,0.0038987136666666,0.0271429446666667
