0.0031169916666666,0.0016115436666666,6.66666666666667e-06,0.0027415733333333,0.0029864626666666,0.0001410266666666,3.33333333333333e-06,0.0012393526666666,4.6952e-05,0.0,0.006971101
0.0024368863333333,0.0046531996666666,0.001025188,0.0069519573333333,0.0030515073333333,0.001384218,1.45133333333333e-05,0.0102135173333333,3.33333333333333e-06,0.0001270476666666,0.0029739403333333
0.00085612,0.003736068,0.001639884,0.006061682,0.0033039266666666,0.002603176,0.0,0.0037467696666666,0.0016624603333333,2e-05,0.0045859326666666
0.0013864086666666,3.19083333333333e-05,3.33333333333333e-06,0.0094057743333333,0.0,0.0,0.0,0.0003388943333333,2.11633333333333e-05,3.33333333333333e-06,0.011401438
0.0018194336666666,0.009549012,0.00272865,0.010965758,0.0028728633333333,0.0027545733333333,1.25e-05,0.00942862,6.68833333333333e-06,0.0006278156666666,0.0038518093333333
0.0003503706666666,0.0017673666666666,0.0011628906666666,0.0017834703333333,0.0012676723333333,0.001464701,3.33333333333333e-06,0.0022966016666666,0.0,1.06923333333333e-05,0.0016262803333333
0.0010303033333333,0.000352173,0.0009192493333333,0.0082778856666666,1.49316666666667e-05,1.78253333333333e-05,0.0036857986666666,0.010232759,0.000814569,0.0019271056666666,0.0091514163333333
0.002686802,0.0106274806666667,0.0035154493333333,0.0095362336666666,0.003398515,0.001366691,1.5968e-05,0.0198528626666667,0.0,0.000519158,0.0081515866666666
6.09343333333333e-05,1.69513333333333e-05,0.0001243536666666,0.0002001023333333,0.0,1.01676666666667e-05,0.0042815283333333,0.0006138536666666,0.0014205293333333,0.005592449,4.93486666666667e-05
0.0008275623333333,0.000220856,0.0005045233333333,0.0019235023333333,2.07216666666667e-05,0.0002220346666666,0.001819339,0.0062381173333333,0.0009891183333333,0.0006760833333333,0.00335058
0.011190028,0.0126232443333333,0.0004348913333333,0.0356482833333333,0.0036981786666666,0.0019255046666666,2.066e-05,0.018146593,1.81023333333333e-05,0.0002984633333333,0.03833352
