0.0032183306666666,0.0019931216666666,0.000871304,0.0016951483333333,0.001370507,0.0008470666666666,0.0018634868333333,0.000517928,3.48915e-05,0.0005831616666666,0.0048842936666666
0.0011817716666666,0.0070062903333333,0.0025499193333333,0.001021268,0.0033300066666666,0.000783133,0.007147558,0.0014189893333333,0.000877282,0.0018774626666666,0.0024133463333333
0.0006441426666666,0.005296101,0.0012446273333333,0.0020857696666666,0.0033493933333333,0.0020435303333333,0.0036548076666666,0.00207358,0.0009407093333333,0.0010079753333333,0.0047225276666666
0.0015246003333333,0.0013539293333333,0.0001040273333333,0.001702293,0.0002976896666666,0.0003902036666666,0.0017605453333333,0.0002201843333333,0.0,0.0009926453333333,0.0002242996666666
0.001944406,0.0061401746666666,0.0029535356666666,0.001012443,0.0005618,0.0003037383333333,0.002519958,0.0043979753333333,0.0006139993333333,0.0008068513333333,0.002125902
0.000335656,0.0011274473333333,0.001185724,0.0004664533333333,0.001142066,0.0004898763333333,0.0009466256666666,0.000250906,0.0002607333333333,0.0014745483333333,0.0009038283333333
0.0009506593333333,0.008241617,0.0004927583333333,0.0006748073333333,0.00104799,0.0009882916666666,0.003488498,0.003955933,0.002444144,0.0038479136666666,0.003010518
0.0024366003333333,0.001428007,0.0033951153333333,0.0023596673333333,0.0027871446666666,0.0010340136666666,0.009453408,0.0083821336666666,0.0002115213333333,0.002840224,0.0046640366666666
8.53946666666667e-05,2.852e-05,0.0001395493333333,4.37866666666667e-06,3.62833333333333e-05,0.0,0.0053017393333333,2.84773333333333e-05,0.0006680123333333,0.0032235306666666,6.66666666666667e-06
0.0005235613333333,0.0011580623333333,0.0004737643333333,0.000159928,0.001126226,0.0005294586666666,0.0028499273333333,0.0009796323333333,0.0004795133333333,0.000574975,0.008824446
0.0077578376666666,0.0148116446666667,0.0092912223333333,0.00199261,0.005660139,0.00159111,0.007366145,0.015850235,6.52153333333333e-05,0.0067005496666666,0.0331839033333333
