0.0034325813333333,0.0030320906666666,0.0029054323333333,0.000580938,0.00560389,0.0004651903333333,0.00354676,0.002280785,0.0002351261666666,0.0018782693333333,0.0073172393333333
0.0029143326666666,0.020713476,0.0039148106666666,0.003102177,0.0105867076666667,0.0048636906666666,0.008282974,0.003294322,0.0005944416666666,0.0019124843333333,0.006864205
0.0018333653333333,0.0079493083333333,0.0015216336666666,0.0017888323333333,0.0062642096666666,0.0025644703333333,0.0020333803333333,0.002406636,0.0013480813333333,0.001242142,0.0065764733333333
0.0029649116666666,0.0043161283333333,0.0006128446666666,0.0011783906666666,0.0011526276666666,0.0008378,0.0013991543333333,0.0014622843333333,0.000162941,0.000503365,0.0010585936666666
0.0045190793333333,0.0187558736666667,0.0023355313333333,0.0020304976666666,0.005995147,0.001806538,0.007111819,0.0080693093333333,0.0014961186666666,0.0029277676666666,0.009888716
0.0007038253333333,0.0046314716666666,0.0018389926666666,0.000550907,0.0027534866666666,0.0007446466666666,0.0007420053333333,0.0009168103333333,0.000238649,0.0004447893333333,0.002577949
0.0076153686666666,0.0195949323333333,0.002230235,0.00254994,0.0131136866666667,0.0021222056666666,0.0024120763333333,0.0113386386666667,0.002694911,0.0047220733333333,0.0160628606666667
0.0065384173333333,0.011602335,0.006029568,0.0029375666666666,0.0089226343333333,0.0034116966666666,0.012207086,0.0398465066666667,0.0011005023333333,0.0041262943333333,0.0232545453333333
0.000619966,0.0005174783333333,0.0023497656666666,0.0001525956666666,0.000196317,9.8794e-05,0.006324223,0.0002928436666666,0.0042971236666666,0.006696113,0.0010195186666666
0.0019481236666666,0.0036574693333333,0.0006766233333333,0.0006346586666666,0.0021115426666666,0.0006521743333333,0.0037879073333333,0.0018420013333333,0.000911727,0.0005035043333333,0.003860641
0.0209474523333333,0.0224432706666667,0.010133785,0.003224315,0.0104336183333333,0.0054000423333333,0.0171986346666667,0.0290306306666667,0.0013723873333333,0.0078304576666666,0.04585282
