0.0056298506666666,0.001269294,0.0005857173333333,0.0014102846666666,0.0045450766666666,0.0002235376666666,0.0005781363333333,0.000285057,3.41106666666667e-05,0.000360097,0.0046749063333333
0.001285148,0.00973349,0.0005889156666666,0.0037298446666666,0.0030276223333333,0.001271767,0.0032030416666666,0.0015440713333333,6.38546666666667e-05,0.0005129463333333,0.0019654106666666
0.0007237863333333,0.0048966186666666,0.0032804336666666,0.0030467376666666,0.0032015426666666,0.0034171323333333,0.0011318336666666,0.0014817686666666,0.0010477373333333,0.0023114393333333,0.005712976
0.000380026,0.0015215263333333,0.0001241983333333,0.0027410893333333,0.000444331,0.0001140953333333,0.0006849346666666,0.0002916333333333,9.08833333333333e-06,5.3244e-05,0.000474052
0.0010262456666666,0.0046487733333333,0.000584588,0.0002506936666666,0.002442227,0.0004129113333333,0.003062601,0.0010136946666666,0.0001254496666666,0.000322356,0.0014698356666666
0.0001769576666666,0.0009842733333333,0.0008454173333333,0.001112315,0.0024177123333333,0.002617019,0.0004552016666666,0.0001906856666666,0.0002212106666666,0.0003741273333333,0.001206579
0.0009244066666666,0.0078666243333333,0.0018451883333333,0.001008932,0.001381211,0.0007556016666666,0.0007458623333333,0.0022910536666666,0.0030433516666666,0.0019815723333333,0.0065255566666666
0.001748228,0.0018772953333333,0.002641573,0.0006387576666666,0.0018496253333333,0.0006680146666666,0.0059591433333333,0.0123413826666667,0.0005286376666666,0.0014341836666666,0.0063423473333333
0.0,1.846e-05,0.000231473,0.0,2.28806666666667e-05,3.33333333333333e-06,0.0023409936666666,3.74666666666667e-06,0.0009741613333333,0.0049305143333333,3.33333333333333e-06
0.000779028,0.0010252883333333,0.0002348186666666,0.0003020223333333,0.000543768,0.0001078166666666,0.0016253846666666,0.0006725833333333,0.0006462326666666,0.0004462943333333,0.000398944
0.0159596983333333,0.0070664516666666,0.0069773413333333,0.003892821,0.005769177,0.0016519183333333,0.0120896226666667,0.0171143606666667,0.0001903333333333,0.0042338576666666,0.0182595946666667
