0.004133085,0.000632782,0.000535271,5.04226666666667e-05,0.002270355,0.0003099563333333,0.0013875298333333,0.0006736786666666,3.8315e-06,0.0003634976666666,0.003058415
0.0017962293333333,0.008261182,0.0018886496666666,0.0008211856666666,0.0035541063333333,0.001182361,0.005088215,0.0008833903333333,5.3675e-05,0.0002284893333333,0.003048629
0.000239926,0.0061354646666666,0.001527451,0.003085157,0.002780847,0.002386756,0.002639723,0.0013201653333333,0.0008192153333333,0.0015330623333333,0.0038105556666666
0.0024486813333333,0.001084347,0.000170122,0.0010487253333333,9.96216666666667e-05,0.000165147,0.0007738106666666,0.0005025386666666,0.0,9.7002e-05,0.0005345783333333
0.001136772,0.0065392533333333,0.0029384823333333,0.000280001,0.0014909336666666,0.000772762,0.0051928493333333,0.0040264326666666,3.70956666666667e-05,0.0010108496666666,0.0018074636666666
0.0007430553333333,0.002893012,0.0010004533333333,0.0005524286666666,0.001995076,0.001033957,0.00072225,0.0001245576666666,4.1695e-05,0.0002034413333333,0.0013351283333333
0.0008963613333333,0.007684427,0.0016662036666666,0.0006129053333333,0.0030646606666666,0.0005538216666666,0.0009370343333333,0.0065059763333333,0.001084071,0.0032959363333333,0.0151510703333333
0.0025556066666666,0.0042475293333333,0.003151794,0.001064092,0.00475293,0.000679408,0.0083755276666666,0.0102841283333333,8.42126666666667e-05,0.002178395,0.0045482546666666
6.80266666666667e-06,3.33176666666667e-05,0.000524704,4.90133333333333e-06,2.89666666666667e-05,3.33333333333333e-06,0.00368739,3.95106666666667e-05,0.001061703,0.0032624793333333,2.7052e-05
0.001033815,0.001769074,0.0003693716666666,0.00031549,0.0005614293333333,0.000788379,0.0023655203333333,0.0007550723333333,0.000676863,0.0002188923333333,0.0011025886666666
0.008219981,0.0067880303333333,0.0090298963333333,0.0024205313333333,0.003095437,0.001563486,0.0117706393333333,0.0092968056666666,2.67983333333333e-05,0.002787603,0.0172095103333333
