0.0033024206666666,0.0052518333333333,0.0007746516666666,0.0009174913333333,0.012805717,0.001000029,0.0024040416666666,0.0029836506666666,0.0003513186666666,0.001062399,0.0084725093333333
0.002881752,0.0110496866666667,0.0020160066666666,0.002847493,0.0078032893333333,0.002463701,0.0048456046666666,0.0011637286666666,0.0007008696666666,0.001327092,0.003112353
0.0035170903333333,0.008274522,0.0019229916666666,0.002134935,0.00390278,0.0029763223333333,0.0011006846666666,0.003790709,0.0019032436666666,0.0025804023333333,0.006058281
0.000499041,0.003528551,0.000746229,0.0016466366666666,0.001326986,0.0005298163333333,0.0010365813333333,0.0009648243333333,0.000498224,0.0004101673333333,0.00175551
0.0090522903333333,0.018630747,0.0036019323333333,0.0018749183333333,0.009549082,0.0018962213333333,0.0032590083333333,0.0070590766666666,0.001402401,0.001726937,0.0065255323333333
0.0009650663333333,0.006912388,0.002020362,0.0006103903333333,0.00278373,0.0009696073333333,0.0007041966666666,0.0015556196666666,0.000518946,0.0005858826666666,0.0021462553333333
0.0045203383333333,0.015078678,0.0018995963333333,0.0018118883333333,0.0059625763333333,0.0020382723333333,0.0013365383333333,0.0072387653333333,0.001310325,0.002757492,0.0098933796666666
0.0089870893333333,0.0095504933333333,0.0063922576666666,0.004130846,0.011216205,0.003826706,0.0096501876666666,0.0239026166666667,0.002459964,0.005198021,0.0198457546666667
9.66763333333333e-05,0.0009602263333333,0.0049411636666666,0.000135826,0.0003990896666666,0.000385791,0.0038931123333333,0.002068087,0.0024196536666666,0.0076169016666666,0.000375749
0.002024934,0.0089259726666666,0.0012815353333333,0.0011604026666666,0.0032857836666666,0.0011433043333333,0.004535775,0.003404023,0.0027767493333333,0.0014494753333333,0.0031567663333333
0.0198667773333333,0.0151953526666667,0.008811655,0.0065388213333333,0.0112029193333333,0.0030670673333333,0.0110366186666667,0.031720337,0.0019140923333333,0.0051941923333333,0.0404261866666667
