0.0064434453333333,0.000330823,0.0009738773333333,0.0011541996666666,0.0014921736666666,0.000310481,0.001944295,0.0015461693333333,1.66666666666667e-06,0.0005674876666666,0.0044087373333333
0.0009756023333333,0.008534366,0.0007924876666666,0.0007474816666666,0.0040786603333333,0.0009248066666666,0.0073625923333333,0.00120791,9.42226666666667e-05,0.0016982133333333,0.0020370053333333
0.0008761763333333,0.007259281,0.0008157356666666,0.00300735,0.003501779,0.0016034616666666,0.0042281246666666,0.0017036753333333,0.0004584036666666,0.001807974,0.005594793
0.0002762923333333,0.00087802,0.0001969496666666,0.002091225,0.0001590436666666,0.000110867,0.0008600766666666,0.000255709,3.33333333333333e-06,0.0001225153333333,0.0002161476666666
0.0011227376666666,0.0043494196666666,0.0009304516666666,0.0001829816666666,0.0007972276666666,0.0003954666666666,0.0019701053333333,0.0018752983333333,0.0001419006666666,0.0017485203333333,0.0015292803333333
0.0002447743333333,0.001850653,0.000712185,0.0005547213333333,0.001931762,0.0009678646666666,0.0006678156666666,0.0002894616666666,0.0004131983333333,0.0005416773333333,0.0013304323333333
0.001201769,0.0063436873333333,0.0026293756666666,0.0004408523333333,0.0028253853333333,0.0004346726666666,0.0024177903333333,0.0040001836666666,0.002973981,0.004271106,0.010939559
0.0024617476666666,0.002949259,0.00315298,0.001126532,0.0037954126666666,0.0007060793333333,0.0091214846666666,0.010507982,0.000143914,0.003211617,0.0040042576666666
0.000143934,3.33333333333333e-06,0.0004927763333333,0.0,3.3971e-05,3.33333333333333e-06,0.0040995753333333,1.48493333333333e-05,0.0020522716666666,0.004923822,8.0028e-05
0.0006865896666666,0.001872412,0.000260747,9.7908e-05,0.00083053,0.0003396646666666,0.0018209413333333,0.0009713626666666,0.0005559156666666,0.0018307733333333,0.000581717
0.0068546856666666,0.0065487853333333,0.006275007,0.004986199,0.0050622326666666,0.000955648,0.0158243656666667,0.0209170676666667,0.000177229,0.0040325306666666,0.0218740953333333
