0.005616539,0.001035697,0.0007466536666666,0.000116453,0.002022495,0.000204913,0.0017821548333333,0.001094606,2.04225e-05,0.0004406253333333,0.0096744233333333
0.0016286333333333,0.0127168646666667,0.001293946,0.0005471083333333,0.0060700913333333,0.001025037,0.0070687443333333,0.006627919,0.0001085433333333,0.0012043053333333,0.0075592123333333
0.0012468563333333,0.0060723463333333,0.0007021426666666,0.001069792,0.0032864706666666,0.0011224006666666,0.002444535,0.00460227,0.0009495546666666,0.0008465503333333,0.0044520983333333
0.0011854443333333,0.0025474886666666,0.000125881,0.0007910783333333,0.0001425773333333,0.0002620496666666,0.0016084616666666,0.0004165566666666,0.0001959843333333,0.0001850963333333,0.0005538213333333
0.001688115,0.0114166066666667,0.001313707,0.0003408563333333,0.002742548,0.0013869063333333,0.002515503,0.0044833626666666,0.000117203,0.0006791843333333,0.0041628746666666
0.0002317293333333,0.0033678426666666,0.0006035066666666,0.0004506893333333,0.0011905646666666,0.0013438943333333,0.0008017553333333,0.0002828066666666,0.0002859053333333,0.0001682643333333,0.0011868223333333
0.0051355263333333,0.016816213,0.0011728736666666,0.0021166226666666,0.004293646,0.0015723553333333,0.0019379433333333,0.0083583906666666,0.001878026,0.0050670406666666,0.0153348456666667
0.004072455,0.0078343953333333,0.001237438,0.0015661873333333,0.00616054,0.000652981,0.00797661,0.0199181013333333,0.0001510116666666,0.0038347743333333,0.0129460563333333
2e-05,0.0001531256666666,0.0004936503333333,1.6047e-05,0.0008737323333333,1.60913333333333e-05,0.0026867303333333,8.326e-05,0.0010954106666666,0.0034069046666666,5.58053333333333e-05
0.0011132626666666,0.0060574086666666,0.0002240476666666,0.0002223343333333,0.000580331,0.0001311496666666,0.0027497483333333,0.0018627426666666,0.000331024,0.0007030736666666,0.0018057456666666
0.0149129426666667,0.008860498,0.0060798596666666,0.0015314766666666,0.0069410203333333,0.001096456,0.0172985976666667,0.0172458813333333,0.0003290343333333,0.0034820553333333,0.03838806
