0.003023468,0.0021269643333333,3.33333333333333e-06,0.003534599,0.0037778456666666,0.0010061923333333,0.0,0.001355584,6.66666666666667e-06,0.000111492,0.0040331826666666
0.0033441903333333,0.0078413006666666,0.00252289,0.0159737383333333,0.005569949,0.002581649,6.76533333333333e-06,0.011170579,0.0,0.0002036996666666,0.0048222046666666
0.000852401,0.0051680756666666,0.0021524306666666,0.0080391523333333,0.0035966893333333,0.0027235756666666,0.0,0.004685043,0.0011770276666666,4.5846e-05,0.0059414566666666
0.002232729,3.2732e-05,3.33333333333333e-06,0.017264928,5.544e-06,0.0,0.0,0.0009781693333333,0.0,2.6848e-05,0.0082058953333333
0.0018145766666666,0.0100510483333333,0.0018428116666666,0.01686585,0.0028705353333333,0.0023570063333333,9.56566666666667e-05,0.0088433206666666,1e-05,0.0003793133333333,0.0036611813333333
0.0008145436666666,0.0019528273333333,0.0011107546666666,0.001404304,0.0021409556666666,0.001979876,0.0,0.0016436536666666,0.0,7.24846666666667e-05,0.002040587
0.0016051616666666,0.0008196653333333,0.0015145653333333,0.0129232786666667,3.09686666666667e-05,1.00926666666667e-05,0.0030590703333333,0.0100260453333333,0.002972723,0.0024344263333333,0.005974704
0.0031475853333333,0.012082583,0.0042275303333333,0.0177148476666667,0.005100445,0.0035337136666666,4.06646666666667e-05,0.0212814123333333,3.33333333333333e-06,0.000731492,0.0153041623333333
8.60803333333333e-05,3.33333333333333e-06,0.0003580423333333,0.0009765966666666,6.66666666666667e-06,5.68516666666667e-05,0.005198151,0.0006539696666666,0.0018540003333333,0.0068600143333333,6.302e-05
0.001076177,0.000182274,0.0006836383333333,0.002626512,4.78863333333333e-05,0.000320439,0.003561717,0.0054501676666666,0.0009595846666666,0.000747905,0.003778276
0.0168832546666667,0.0169206946666667,0.0002123506666666,0.0374994966666667,0.003877964,0.0049475966666666,1.87666666666667e-05,0.0194480963333333,1.78846666666667e-05,0.000908848,0.03379257
