0.003035517,0.0006044333333333,0.00052023,0.0063286896666666,0.0020138023333333,0.0001745446666666,0.110421853333333,0.0006683536666666,6.13866666666667e-06,0.000830448,0.0037176283333333
0.001805708,0.0073541793333333,0.002927296,0.000872087,0.0042328343333333,0.0011181466666666,0.009750004,0.0016714763333333,0.0001034793333333,0.0007821483333333,0.0025475556666666
0.0002388523333333,0.0052239856666666,0.0017764336666666,0.0016199103333333,0.004422829,0.0012741876666666,0.0024059113333333,0.0016694003333333,0.0004962476666666,0.003634988,0.0050583716666666
0.00038291,0.001476724,0.0001969386666666,0.0018254096666666,7.7616e-05,8.21543333333333e-05,0.0015285653333333,0.0003277313333333,0.0,0.0001471553333333,0.0001689043333333
0.0013814406666666,0.005681106,0.0011195576666666,0.000244082,0.0057975253333333,0.0016488623333333,0.007056716,0.002059976,0.0002394516666666,0.0032850846666666,0.0018779063333333
0.000287515,0.0022970623333333,0.0016396666666666,0.0006901513333333,0.0019975703333333,0.0010221163333333,0.0005397173333333,0.000139145,0.0003604053333333,0.00052699,0.001392838
0.002511834,0.0158359163333333,0.0016833896666666,0.000756619,0.004622458,0.000363579,0.0020918973333333,0.0059424316666666,0.002101611,0.005513182,0.007273059
0.0025004636666666,0.005130905,0.0028913613333333,0.0008618756666666,0.0026218973333333,0.0007072186666666,0.0101477453333333,0.0090833723333333,0.000194504,0.0036136256666666,0.0100884453333333
1.32053333333333e-05,4.60246666666667e-05,0.0005522566666666,3.85066666666667e-06,0.000709681,3.33333333333333e-06,0.0051579003333333,2.32506666666667e-05,0.0005597156666666,0.0035697483333333,1.8464e-05
0.00104931,0.0014199316666666,0.000472756,0.0002244606666666,0.0005682916666666,0.0004931716666666,0.003174254,0.00086619,0.0007912833333333,0.000341966,0.001512261
0.0152833846666667,0.0132723453333333,0.0065686903333333,0.0053530166666666,0.003994948,0.0012952453333333,0.0108580326666667,0.0152628656666667,0.0001527563333333,0.0043488386666666,0.0196671163333333
