0.004465791,0.0019499873333333,0.001154162,0.0017602893333333,0.001949647,0.000391177,0.0023419935,0.0004421776666666,0.0001155708333333,0.0006558593333333,0.005449433
0.001773339,0.0177722983333333,0.002627748,0.0029902263333333,0.005023794,0.004360799,0.0081310906666666,0.0035628866666666,0.00058518,0.0016567,0.0047833913333333
0.0014594376666666,0.0077976676666666,0.0023508893333333,0.0041183486666666,0.004945353,0.0034628786666666,0.004671544,0.0049962713333333,0.0019578103333333,0.0032733213333333,0.006497474
0.0017323746666666,0.002792353,0.0005978333333333,0.0011338253333333,0.001568928,0.000627322,0.0014003506666666,0.0006761616666666,2.3978e-05,0.0005800226666666,0.0008528156666666
0.0031797743333333,0.0104041226666667,0.0040309073333333,0.002285071,0.0051105553333333,0.0011036596666666,0.0044075913333333,0.0034061773333333,0.00115956,0.0041627746666666,0.003934047
0.000447228,0.004169721,0.000635202,0.0009461803333333,0.0016088006666666,0.001138005,0.0010533133333333,0.0010617333333333,0.0002247293333333,0.000341312,0.0014171776666666
0.0054522656666666,0.01714477,0.0023752696666666,0.0025763593333333,0.0067772643333333,0.002226407,0.0015574733333333,0.0114003403333333,0.001852145,0.0040868806666666,0.0141242473333333
0.005172322,0.0076400486666666,0.004310585,0.0023358226666666,0.006292441,0.0017708643333333,0.0149732793333333,0.0257137923333333,0.001120899,0.0035926903333333,0.0147527096666667
0.000920406,0.0003327863333333,0.0005210156666666,0.000543525,0.000266463,1.73146666666667e-05,0.0059023283333333,0.0001086786666666,0.0017726706666666,0.0050608386666666,0.0001702436666666
0.0016299103333333,0.0036361743333333,0.0010342196666666,0.0009118123333333,0.0015284436666666,0.0004758176666666,0.005245836,0.0025753296666666,0.0016453486666666,0.001106073,0.0015056903333333
0.0194194086666667,0.0136962933333333,0.0095906873333333,0.005064504,0.010754225,0.00334659,0.0162472033333333,0.0230287053333333,0.0016699253333333,0.0059676666666666,0.0348508466666667
