0.0036504786666666,0.0014376643333333,0.000555199,0.0001432296666666,0.0017079613333333,0.002072891,0.0023043883333333,0.0018092206666666,9.52333333333333e-06,0.000602655,0.0041626326666666
0.0009361243333333,0.0093890166666666,0.001583046,0.0009488853333333,0.0030304223333333,0.0014891126666666,0.0045540276666666,0.001836075,0.0001128793333333,0.0024690456666666,0.0028043493333333
0.0002015343333333,0.0057078906666666,0.0024309586666666,0.0025446936666666,0.0032490423333333,0.0020658636666666,0.0020611576666666,0.0019220546666666,0.001552442,0.0017650296666666,0.0055636933333333
0.0001692703333333,0.0006583906666666,0.0001876393333333,0.0017925673333333,0.000247799,0.0009585403333333,0.0041773283333333,0.000574895,6.66666666666667e-06,0.0002352423333333,0.0001949053333333
0.0006582653333333,0.004704367,0.0008167936666666,0.004440144,0.0007119266666666,0.0010428476666666,0.00315635,0.002427761,5.99986666666667e-05,0.0011561643333333,0.0057202803333333
0.0005930483333333,0.0009936946666666,0.0019608016666666,0.0006270703333333,0.001092819,0.0008279156666666,0.00069326,0.0004512586666666,0.0003652503333333,0.000482876,0.0007723743333333
0.002367992,0.0067584006666666,0.001921924,0.0006056103333333,0.001657182,0.0004884523333333,0.0044393776666666,0.0061419773333333,0.003452617,0.0041894633333333,0.0057238683333333
0.000756229,0.001080043,0.000982706,0.0008655696666666,0.0022577096666666,0.0009239306666666,0.0073442096666666,0.0101569166666667,9.7501e-05,0.0015479636666666,0.003568318
8.10383333333333e-05,0.0,0.0012316843333333,3.33333333333333e-06,2.432e-05,1.08513333333333e-05,0.0058682013333333,3.74493333333333e-05,0.001575152,0.0050413556666666,1e-05
0.0011099156666666,0.0041765786666666,0.0005562683333333,0.000396851,0.0011115576666666,0.0003984063333333,0.002171698,0.001940652,0.00098738,0.0006513706666666,0.000744465
0.0146970913333333,0.0083581473333333,0.007653886,0.003884165,0.0059329573333333,0.0022733586666666,0.010808025,0.0180967223333333,0.0007021156666666,0.0049936063333333,0.0366318533333333
