0.0045247136666666,0.0009780956666666,0.000637448,0.0013893376666666,0.002865891,0.0003527386666666,0.0021525406666666,0.0013563026666666,7.1073e-05,0.000608629,0.0039283816666666
0.0017020376666666,0.011027748,0.0018634076666666,0.0018937926666666,0.0036297973333333,0.002708935,0.0044476976666666,0.0024206303333333,0.0001740056666666,0.0009373403333333,0.0023558256666666
0.0004440953333333,0.009436697,0.0020404563333333,0.0026267106666666,0.002769268,0.0042733393333333,0.001838796,0.003474236,0.002711931,0.0034411766666666,0.007620406
0.0005031856666666,0.002078685,0.0003461933333333,0.0021602976666666,0.000371559,0.000286439,0.0004629253333333,0.0002647463333333,9.10196666666667e-05,0.0002399563333333,0.00079441
0.0026570566666666,0.0077546596666666,0.0015469703333333,0.0037264513333333,0.0049591273333333,0.001157478,0.003102539,0.0022736576666666,0.0002539806666666,0.002161135,0.0034283643333333
0.000428393,0.002590719,0.0011854103333333,0.000445307,0.0016676293333333,0.001413176,0.0003158186666666,0.0002619856666666,0.0003200373333333,0.00061165,0.0014555563333333
0.0030152306666666,0.0111352806666667,0.002191398,0.0013540243333333,0.0038553963333333,0.0008211856666666,0.0012757623333333,0.0062189696666666,0.0039491916666666,0.0054196206666666,0.005217695
0.002937843,0.0032495763333333,0.0050805266666666,0.0020535383333333,0.0063561823333333,0.0028533023333333,0.007569118,0.015552846,0.0003978696666666,0.001650827,0.0101736503333333
3.33333333333333e-06,3.33333333333333e-06,0.0017889736666666,6.37283333333333e-05,3.88596666666667e-05,1.33333333333333e-05,0.0036845906666666,3.58546666666667e-05,0.0013319053333333,0.003382173,6.97e-06
0.0012507783333333,0.0053606686666666,0.0007087303333333,0.0007510003333333,0.0023444156666666,0.0007913183333333,0.0018679066666666,0.0022262133333333,0.0004585403333333,0.0010491683333333,0.002163878
0.0109709003333333,0.009816459,0.0098784363333333,0.005475666,0.0085462566666666,0.0037238383333333,0.005484997,0.0218960823333333,0.0011552806666666,0.0107288486666667,0.03986155
