0.0042447813333333,0.0041052753333333,0.0024147536666666,0.00395405,0.003826407,0.0007511386666666,0.0033470823333333,0.0038993793333333,0.000199609,0.0006645573333333,0.0090964433333333
0.0046441866666666,0.0194739456666667,0.003006332,0.0027940056666666,0.0096740913333333,0.0025524823333333,0.0097697863333333,0.0030998476666666,0.0003149736666666,0.0016654646666666,0.008148077
0.0030749136666666,0.0083501616666666,0.0027362843333333,0.0034653806666666,0.0044380443333333,0.0056932606666666,0.0034112283333333,0.0056356386666666,0.0013991186666666,0.0039677533333333,0.0071687656666666
0.0011558846666666,0.0021423826666666,0.0003015426666666,0.0018919516666666,0.0006177706666666,0.0005063393333333,0.0010132566666666,0.00066522,0.0001678026666666,0.0006466196666666,0.0010593853333333
0.002542851,0.0166432513333333,0.001852565,0.002366702,0.002895105,0.002121869,0.0049842373333333,0.0063766566666666,0.00030823,0.002480796,0.0061643076666666
0.0012818906666666,0.0037392093333333,0.0038182783333333,0.000761788,0.0032721486666666,0.0024683313333333,0.0013338473333333,0.001000007,0.0001229173333333,0.000822817,0.002798051
0.0039089006666666,0.0187526056666667,0.003023501,0.0022374576666666,0.0079838353333333,0.00326826,0.0018997746666666,0.015458772,0.0019772856666666,0.0065014793333333,0.0174305376666667
0.0087536926666666,0.0093105566666666,0.008402087,0.0019107976666666,0.0102955496666667,0.00252592,0.0139753193333333,0.0356411566666667,0.0013905033333333,0.0039871543333333,0.0176754643333333
2.97316666666667e-05,0.0003091953333333,0.000698296,0.000660382,0.000594187,4.16656666666667e-05,0.005502759,0.0005792796666666,0.003729846,0.0051048806666666,0.000233014
0.0015936763333333,0.0042801026666666,0.002109326,0.0006122066666666,0.002084378,0.0023045896666666,0.0073526603333333,0.0027143346666666,0.0013830613333333,0.0008528036666666,0.0027602723333333
0.0208898416666667,0.0135481153333333,0.0094630803333333,0.0037906223333333,0.0135348726666667,0.0038410483333333,0.0190214723333333,0.0235063636666667,0.000721462,0.004736978,0.03540492
