0.0024948416666666,0.0050277373333333,0.0003075323333333,0.0002748623333333,0.0014880293333333,0.0006234703333333,0.001161627,0.0018226243333333,0.0009322213333333,0.0002842576666666,0.0104296286666667
0.0018904793333333,0.0075868643333333,0.000914253,0.0004774323333333,0.0035742786666666,0.000726945,0.0031487153333333,0.001085299,0.0004010086666666,0.0006344743333333,0.0028958506666666
0.001140336,0.0113420266666667,0.0019323746666666,0.002766423,0.0021712,0.0007238536666666,0.0010398993333333,0.002227406,0.001524265,0.0062493086666666,0.0054322746666666
0.0003192496666666,0.003451646,0.0003302123333333,0.001422831,0.0011541486666666,0.0004405083333333,0.0125459583333333,0.001722939,0.0002012016666666,0.0003663493333333,0.0008964033333333
0.0018055846666666,0.015218117,0.001962359,0.000345066,0.00762327,0.000850654,0.0023904073333333,0.003827003,0.0004323213333333,0.00233225,0.0032734123333333
0.0005453883333333,0.006487442,0.0009165173333333,0.000298961,0.001172511,0.000882924,0.000997619,0.000899533,0.000161876,0.0004813126666666,0.0017507363333333
0.0016747266666666,0.0179439093333333,0.000384224,0.0008439926666666,0.002247761,0.000486441,0.0016459676666666,0.0068385336666666,0.0013112323333333,0.002925766,0.005310489
0.0042717423333333,0.0075549093333333,0.003939832,0.001738047,0.006265572,0.0022504756666666,0.0070486516666666,0.022424061,0.00172843,0.004594572,0.009305712
8.38756666666667e-05,0.0007438776666666,0.001335706,2.7861e-05,0.0001859326666666,5.20093333333333e-05,0.0040329156666666,0.0003492183333333,0.001891454,0.0065395066666666,0.0002969443333333
0.0012070523333333,0.010009924,0.0005301773333333,0.000280239,0.0012393593333333,0.000386589,0.0022325786666666,0.002438007,0.0010468616666666,0.000166063,0.000957952
0.0112165353333333,0.0109426966666667,0.0080181483333333,0.0024379033333333,0.0053118393333333,0.0018935986666666,0.0086385726666666,0.0313417476666667,0.0004479683333333,0.004662558,0.04376496
