0.0034080643333333,0.003157323,3.808e-06,0.005754907,0.004317802,0.0026231273333333,7.02e-06,0.0022976346666666,0.0,5.85796666666667e-05,0.0057643626666666
0.004185694,0.01271681,0.0021449803333333,0.0155844096666667,0.0112639093333333,0.0028482416666666,5.08026666666667e-05,0.0065560226666666,0.0,0.00017192,0.0057695883333333
0.0008472353333333,0.006729959,0.0031064956666666,0.0061041856666666,0.004044812,0.0023405413333333,0.0004197733333333,0.0020833536666666,0.0015498323333333,0.0001612713333333,0.0049569716666666
0.0045144216666666,0.0001216886666666,0.0,0.0185275743333333,3.33333333333333e-06,6.66666666666667e-06,0.0,0.001734939,0.0,1.2981e-05,0.0154888996666667
0.0024414303333333,0.013309444,0.0030014903333333,0.010478044,0.0049895706666666,0.0025775323333333,1.15716666666667e-05,0.0088952433333333,2.44626666666667e-05,0.0001361333333333,0.003074469
0.001004423,0.0039161793333333,0.001009708,0.002080759,0.0027841506666666,0.001255002,0.0,0.0016366993333333,1e-05,2.68126666666667e-05,0.0019072176666666
0.003694814,0.002139734,0.0036194573333333,0.019450277,3.25216666666667e-05,1e-05,0.0023356963333333,0.0096115206666666,0.0038785206666666,0.0031536623333333,0.0130070326666667
0.0079593766666666,0.0121885313333333,0.004874773,0.0200193903333333,0.012931453,0.003303886,4.9335e-05,0.028779751,3.33333333333333e-06,0.0005324593333333,0.0149354743333333
4.82183333333333e-05,1.18856666666667e-05,0.001632086,0.0006296573333333,0.0,1.8773e-05,0.005049055,0.0006424536666666,0.0034356206666666,0.0058376893333333,0.0003356926666666
0.0015806253333333,0.0004671603333333,0.000825038,0.0071006916666666,3.33333333333333e-06,0.0006827156666666,0.0042113576666666,0.002466051,0.00074668,0.0006788986666666,0.0018789843333333
0.014373617,0.0122855026666667,0.0,0.0307988403333333,0.0096404453333333,0.0048259993333333,0.000101083,0.0256351586666667,2.40866666666667e-05,0.0010344206666666,0.0282564263333333
