0.0036872093333333,0.001814327,0.0007568883333333,0.000427945,0.001667315,0.0004119843333333,0.0018968426666666,0.0009524116666666,7.5938e-05,0.0004020246666666,0.006009101
0.001593488,0.0074150966666666,0.00091369,0.0030050606666666,0.0039578423333333,0.000983382,0.0042264236666666,0.001294335,0.0014823986666666,0.001233656,0.0036540546666666
0.0006484526666666,0.007238139,0.0024212696666666,0.0029304043333333,0.0032732576666666,0.0031932813333333,0.0013196546666666,0.0013459576666666,0.0013978453333333,0.0024235553333333,0.0057683656666666
0.000330432,0.0014535606666666,0.0001706103333333,0.0019038966666666,0.0006277316666666,0.0012668136666666,0.0002935906666666,0.0005345513333333,0.0,8.1055e-05,0.0008268193333333
0.001311448,0.0066425873333333,0.0010755783333333,0.000255219,0.0026325133333333,0.0014180146666666,0.0026147733333333,0.0016855606666666,0.000123415,0.0020936816666666,0.002670236
0.0003404413333333,0.001119962,0.00067569,0.0015114956666666,0.001837988,0.0018711203333333,0.0005169336666666,0.000411429,0.0002683783333333,0.0005551736666666,0.0020399286666666
0.002510041,0.0058642516666666,0.0009958693333333,0.00096247,0.0017860726666666,0.0008132306666666,0.0011483186666666,0.0030845033333333,0.0034985516666666,0.0032447836666666,0.0080660263333333
0.0032976096666666,0.0019910116666666,0.0030946973333333,0.0009663656666666,0.002388941,0.0013754803333333,0.00582199,0.0110918503333333,0.0002315983333333,0.001196842,0.0068446536666666
3.33333333333333e-06,0.0,0.0002322013333333,0.0,1.68676666666667e-05,0.0001740533333333,0.0040324796666666,8.5e-06,0.0007948506666666,0.0043383553333333,0.0
0.000692892,0.0061737943333333,0.0004229856666666,0.0009250373333333,0.0002350173333333,0.000930164,0.0012635483333333,0.0022499466666666,0.0011922036666666,0.000657724,0.0003603323333333
0.0146783923333333,0.0086961616666666,0.0073953766666666,0.0035572603333333,0.0035521776666666,0.0025028343333333,0.0081406723333333,0.014171491,0.0002911426666666,0.002470224,0.0300002976666667
