0.003650401,0.001460764,1.33333333333333e-05,0.0050141746666666,0.0026632986666666,0.0003924553333333,3.33333333333333e-06,0.001026624,7.31866666666667e-06,1.41386666666667e-05,0.0064638166666666
0.002375788,0.0126132063333333,0.002542831,0.0081901623333333,0.0066466796666666,0.0014172346666666,0.289092,0.0048460116666666,5.56746666666667e-05,0.0001852246666666,0.0094172846666666
0.000711015,0.0068039456666666,0.001921307,0.0050291366666666,0.0058528236666666,0.0022396956666666,3.74666666666667e-06,0.002072361,0.001212288,1.66666666666667e-05,0.0058341666666666
0.0029809373333333,5.37196666666667e-05,6.66666666666667e-06,0.012377759,1e-05,3.33333333333333e-06,0.0,0.000493837,0.0,1e-05,0.0143478566666667
0.0008614383333333,0.0138887353333333,0.0014309486666666,0.004605661,0.005323852,0.002402745,0.0,0.008294033,1.1145e-05,0.0003657783333333,0.005610066
0.0005591833333333,0.0034980226666666,0.000779584,0.0016242953333333,0.002836516,0.000689358,3.33333333333333e-06,0.0009606756666666,0.0,6.56543333333333e-05,0.0018651326666666
0.0023817736666666,0.0016044826666666,0.0008306563333333,0.0171436813333333,0.000272137,0.0001280596666666,0.002515701,0.007988011,0.0013851633333333,0.0029189726666666,0.013834447
0.0030169723333333,0.0074630366666666,0.0039777323333333,0.0093673873333333,0.0073928976666666,0.0022368966666666,5.36336666666667e-05,0.0234734503333333,5.12453333333333e-05,0.0005440056666666,0.0100066496666667
2.60806666666667e-05,6.66666666666667e-06,0.0002688023333333,0.0004639776666666,3.33333333333333e-06,0.0017859313333333,0.00399392,0.001567272,0.0011971883333333,0.0056612023333333,0.000112983
0.000895001,0.000289565,0.0007607813333333,0.0044739033333333,6.97633333333333e-05,0.000600298,0.0020263203333333,0.0012517376666666,0.0005447466666666,0.0007533206666666,0.000977933
0.0167039266666667,0.0101866573333333,0.000684712,0.0238098126666667,0.0072165173333333,0.0043510583333333,1.01666666666667e-05,0.018901008,2.54123333333333e-05,0.0011311716666666,0.0293844776666667
