0.0091538323333333,0.0045200703333333,0.0007140396666666,0.0011470686666666,0.0037699216666666,0.0018769583333333,0.0021197086666666,0.0025862623333333,0.0005714926666666,0.002838954,0.0095777486666666
0.0074320366666666,0.018203892,0.0024257936666666,0.0022840566666666,0.0077057443333333,0.0033450996666666,0.0047171716666666,0.0035102703333333,0.0008807163333333,0.0055094663333333,0.015619926
0.0020470033333333,0.008460381,0.0020002553333333,0.0029229826666666,0.002475621,0.002388889,0.0025902056666666,0.0013688883333333,0.0018295453333333,0.0043752323333333,0.0051311656666666
0.0007244426666666,0.0026909356666666,0.0006574,0.0025247206666666,0.0019038753333333,0.0014072933333333,0.0010251546666666,0.0007858646666666,4.53616666666667e-05,0.0018820396666666,0.003840181
0.0047769986666666,0.0128112663333333,0.0015775833333333,0.0012486896666666,0.0041186866666666,0.0015999903333333,0.0021664673333333,0.0026076843333333,0.0003102,0.0061983616666666,0.005488302
0.0011593053333333,0.0049084073333333,0.000928203,0.0010722633333333,0.002777281,0.001057829,0.0010679846666666,0.002629274,0.0003148806666666,0.0019670023333333,0.0028261946666666
0.002491479,0.012249989,0.002976593,0.00114139,0.0043100416666666,0.0013456443333333,0.002008959,0.0066383703333333,0.00242246,0.0088822866666666,0.012606522
0.0076011923333333,0.0067550936666666,0.002423031,0.0028781023333333,0.008433535,0.002477577,0.0074431923333333,0.026753786,0.0015369073333333,0.0034099473333333,0.019582622
0.000388448,1.6916e-05,0.0012480196666666,0.0,8.7659e-05,2.08676666666667e-05,0.0015753003333333,2.99343333333333e-05,0.0011320253333333,0.002707897,1e-05
0.0143275926666667,0.0235923996666667,0.0079665723333333,0.0079493126666666,0.0215853666666667,0.0127155006666667,0.00420168,0.005516475,0.001581077,0.005402688,0.023254224
0.0156281836666667,0.012886797,0.011392589,0.0065689103333333,0.0098096093333333,0.0051897183333333,0.0153304513333333,0.0335562566666667,0.000820309,0.0081923273333333,0.04067776
