0.002815509,0.0009078436666666,0.000639764,0.0001294426666666,0.002253762,0.0001004813333333,0.0022317633333333,0.0004202593333333,5.5357e-05,0.0006603386666666,0.0043973513333333
0.0011779233333333,0.0097604906666666,0.0021132873333333,0.001548858,0.005351776,0.0013680203333333,0.0117262266666667,0.0020220916666666,0.0002776786666666,0.0012993546666666,0.005348574
0.0004495913333333,0.0085258283333333,0.0020102736666666,0.0047629583333333,0.0035916446666666,0.0014882026666666,0.0015936756666666,0.0026087066666666,0.0015531523333333,0.0021204446666666,0.0056040233333333
0.0027658503333333,0.0014018176666666,0.000123667,0.00063822,0.000164612,0.0001721293333333,0.000841197,0.000681628,0.0,0.0006868456666666,0.0002302283333333
0.00185458,0.0099344653333333,0.0004735033333333,0.000221895,0.0012004526666666,0.0002877616666666,0.0046712013333333,0.0039725286666666,0.0001380383333333,0.001416863,0.0021244303333333
0.0003516993333333,0.0034518506666666,0.0007155893333333,0.000321468,0.001106481,0.001186862,0.000980456,0.0006717656666666,2.2966e-05,0.0002774873333333,0.0020397276666666
0.0017683113333333,0.011191894,0.0012926636666666,0.001092971,0.0050473953333333,0.0010873853333333,0.0030672996666666,0.0132172273333333,0.001537872,0.0074306106666666,0.0131584336666667
0.0035264253333333,0.0067135733333333,0.0030929443333333,0.002382299,0.004571605,0.0014895113333333,0.0202312363333333,0.0186777606666667,0.0009860256666666,0.0044327193333333,0.007372949
3.33333333333333e-06,0.0002963343333333,0.001366733,6.66666666666667e-06,4.773e-05,7.1767e-05,0.005507155,0.0001688963333333,0.0014795823333333,0.005042816,0.0003808166666666
0.0008225033333333,0.002552062,0.0003998423333333,0.0007168316666666,0.000860245,0.00037415,0.0040258656666666,0.0011709506666666,0.000731946,0.0005339976666666,0.0012009603333333
0.0115175233333333,0.0126624866666667,0.0080598903333333,0.0043451753333333,0.0030844193333333,0.003466334,0.0153079393333333,0.0135115563333333,0.0004023146666666,0.0052343786666666,0.0330284943333333
