0.0039743266666666,0.0028101116666666,0.0009479893333333,0.0048204523333333,0.0032772816666666,0.001370658,0.0053506213333333,0.0011024173333333,0.0002432706666666,0.0006752266666666,0.0060168203333333
0.0029090336666666,0.011417929,0.0034353133333333,0.002173216,0.0068770273333333,0.0028015016666666,0.0066993496666666,0.0028261756666666,0.0002385016666666,0.0008135186666666,0.006323887
0.0010838516666666,0.0080021226666666,0.002336417,0.0025340506666666,0.0081058396666666,0.0028383703333333,0.002608468,0.002157021,0.0049537926666666,0.0029863886666666,0.005775478
0.0015698833333333,0.0028168126666666,0.00060305,0.0008745273333333,0.000456888,0.000456307,0.001595359,0.001024638,4.57396666666667e-05,0.0011774463333333,0.001449211
0.004212068,0.0114428996666667,0.002365054,0.0007288666666666,0.0036040396666666,0.00164728,0.0026206846666666,0.0063328226666666,0.001382489,0.001556778,0.0065412393333333
0.0008912036666666,0.003793081,0.002100237,0.0006721336666666,0.0025817466666666,0.0018793446666666,0.001547292,0.0009809076666666,0.0003644986666666,0.0007815413333333,0.001929763
0.0051477193333333,0.0185037896666667,0.0034046373333333,0.0028315116666666,0.005318288,0.001156091,0.0017562706666666,0.0047420093333333,0.002064371,0.0051475083333333,0.0062396416666666
0.008014342,0.0038128296666666,0.0042454793333333,0.0016813506666666,0.0040918753333333,0.0026806103333333,0.00801061,0.0173351996666667,0.0004958643333333,0.0029237963333333,0.0113147843333333
3.09913333333333e-05,0.000150907,0.004251499,1.48923333333333e-05,6.39996666666667e-05,7.262e-05,0.0043745656666666,0.000376538,0.0013393616666666,0.00412141,0.0008584956666666
0.002374042,0.0024806296666666,0.001025399,0.0007866933333333,0.0027535063333333,0.001179291,0.0033044756666666,0.0025849416666666,0.001257922,0.000752257,0.0023056173333333
0.0249273466666667,0.0150456406666667,0.0080411273333333,0.004372748,0.010514303,0.003348036,0.0098411636666666,0.0208312413333333,0.0004793766666666,0.008407378,0.0237751316666667
