0.0033911533333333,0.0015877783333333,0.0005540096666666,0.0018329353333333,0.0041832436666666,0.0006020636666666,0.0015540976666666,0.0020989736666666,5.5137e-05,0.0006484143333333,0.0077737226666666
0.001888152,0.0205167393333333,0.0047789933333333,0.0009990516666666,0.004361197,0.001434575,0.007986084,0.0023886053333333,0.0001438536666666,0.00096246,0.005076697
0.0026956773333333,0.008301748,0.0018732463333333,0.002280411,0.0066323676666666,0.0038336073333333,0.001403299,0.0030842423333333,0.003354348,0.0024026563333333,0.0049452186666666
0.003085634,0.0027396223333333,0.000181404,0.0006163876666666,0.0005534553333333,0.00043353,0.0005263936666666,0.0003585543333333,2.28343333333333e-05,0.0002418993333333,0.001021377
0.0029959473333333,0.0152943353333333,0.001749203,0.0006896603333333,0.003329014,0.0006035503333333,0.002103432,0.0053646333333333,0.0001187513333333,0.0028040216666666,0.0062062443333333
0.0003954806666666,0.005214487,0.00128902,0.0024053086666666,0.0022202523333333,0.001237952,0.0004935543333333,0.00030364,0.000256805,0.0004307976666666,0.001797798
0.0036624223333333,0.0183041096666667,0.0017498903333333,0.00109776,0.0032670823333333,0.001099395,0.0014619033333333,0.007923329,0.0022998096666666,0.004236058,0.0073024883333333
0.0060818123333333,0.0125746783333333,0.002933301,0.0021468866666666,0.0049647003333333,0.001005485,0.0084001796666666,0.014140567,0.000191576,0.002550377,0.0154674483333333
4.54603333333333e-05,3.80303333333333e-05,0.0002713326666666,0.0005820573333333,0.0002832323333333,3.36263333333333e-05,0.00447234,3.695e-05,0.000840565,0.0071517543333333,6.52423333333333e-05
0.0015679276666666,0.005151557,0.0005812416666666,0.000568331,0.0019360376666666,0.000513285,0.0018088816666666,0.001530297,0.0007695026666666,0.000882522,0.0030581076666666
0.0165644656666667,0.009664931,0.0090042316666666,0.009469111,0.012096213,0.0023310203333333,0.006729884,0.019465423,0.0001636186666666,0.0044643403333333,0.03958886
