0.002668504,0.001055019,0.0008452633333333,0.0002197683333333,0.0024462526666666,0.0004276036666666,0.0028705253333333,0.000847021,5.6906e-05,0.0008085523333333,0.0061827193333333
0.0014299153333333,0.008650983,0.001130738,0.0024460103333333,0.0084248536666666,0.000938485,0.0052905796666666,0.0027760583333333,0.0006689366666666,0.000729288,0.0040481856666666
0.000373482,0.011512237,0.0024766416666666,0.0021714336666666,0.0034828403333333,0.0015973626666666,0.0006193693333333,0.0037625596666666,0.0014868603333333,0.0033486116666666,0.007283571
0.0004432076666666,0.0024767163333333,0.0003397366666666,0.0026876506666666,0.0007135876666666,0.0004014403333333,0.0004732476666666,0.0012504393333333,2.4702e-05,0.000386276,0.00098596
0.0015969516666666,0.009785162,0.0016717343333333,0.0036045133333333,0.0037844926666666,0.0011044696666666,0.0014252923333333,0.005205991,0.0005415473333333,0.0036742013333333,0.003294113
0.000309926,0.001733979,0.001474886,0.000510043,0.0021157563333333,0.001127845,0.000332958,0.0004160966666666,0.000386136,0.0009352196666666,0.0018098033333333
0.0033486433333333,0.0087090683333333,0.0016246756666666,0.001723128,0.003159893,0.0015749716666666,0.001600658,0.0067097753333333,0.0019124446666666,0.0029464136666666,0.0050440606666666
0.003348032,0.0032959476666666,0.0042166006666666,0.0008992886666666,0.0053515296666666,0.0019950483333333,0.0070416703333333,0.0134731043333333,0.0010814636666666,0.0021309983333333,0.0096255156666666
1.33333333333333e-05,0.0,0.0009125283333333,0.000243677,4.46823333333333e-05,6.66666666666667e-06,0.0051682176666666,3.25733333333333e-05,0.0006345756666666,0.0035010336666666,3.33333333333333e-06
0.0011600663333333,0.005419127,0.001149988,0.000626998,0.0014711816666666,0.001083917,0.0025400476666666,0.0022565003333333,0.00029648,0.0005739343333333,0.001516101
0.0105711763333333,0.0099255426666666,0.0107089896666667,0.0026432723333333,0.009299006,0.0046125223333333,0.006903924,0.0256211326666667,0.0014297813333333,0.012773097,0.0394545233333333
