0.0029405246666666,0.0007204556666666,0.0004362886666666,0.0046809433333333,0.0016273006666666,0.000502891,0.0026386336666666,0.000374302,6.8436e-05,0.000511264,0.0051101606666666
0.000560714,0.0125706396666667,0.0036728136666666,0.000437416,0.002186195,0.0002865723333333,0.0085354376666666,0.0014873776666666,1.93523333333333e-05,0.0006603796666666,0.0035713883333333
0.0001939713333333,0.0080623453333333,0.0009279313333333,0.0016019683333333,0.0048004413333333,0.0015880466666666,0.001831946,0.001731724,0.0014209343333333,0.0017481343333333,0.0056073423333333
0.000236625,0.001907383,0.000760732,0.000688821,0.000218283,4.8861e-05,0.0010265426666666,0.0003126123333333,0.0,0.000165657,0.0001664593333333
0.0013181273333333,0.0067544636666666,0.001817276,2.8235e-05,0.0067450206666666,0.0002754473333333,0.0087063163333333,0.0019756953333333,8.71966666666667e-05,0.0015557583333333,0.0023136466666666
0.0002343173333333,0.003525231,0.001554783,0.0005309016666666,0.0026702153333333,0.000714834,0.0004169773333333,0.000276294,0.000292881,0.000380848,0.0011065546666666
0.0008217293333333,0.0137336296666667,0.0006178913333333,0.00039776,0.001850977,0.000304937,0.0021819386666666,0.0041374106666666,0.0015271713333333,0.003302122,0.0065312176666666
0.0019639023333333,0.0037578836666666,0.0032640263333333,0.000668218,0.0031573676666666,0.000734071,0.0080615836666666,0.0098174386666666,0.000279654,0.003038929,0.0130650303333333
3.33333333333333e-06,6.66466666666667e-05,0.0001368376666666,3.6e-06,3.7967e-05,0.0,0.0037935463333333,0.0002394106666666,0.000476019,0.003089612,3.33333333333333e-06
0.0015926383333333,0.0025868626666666,0.0003690686666666,0.000475167,0.0015098716666666,0.000518628,0.0026463943333333,0.001121846,0.001599993,0.0004660556666666,0.0006612693333333
0.010563352,0.0074892216666666,0.007441156,0.0024520593333333,0.0031619673333333,0.001015357,0.0745753166666667,0.012803151,5.67523333333333e-05,0.0038982613333333,0.03515642
