0.003315835,0.0012155523333333,0.0003940856666666,0.0003988606666666,0.0018499366666666,6.74096666666667e-05,0.0010522103333333,0.0006907546666666,0.000817776,0.000819823,0.00437188
0.0006304786666666,0.0150299506666667,0.000717729,0.0005916286666666,0.0059388386666666,0.0022371523333333,0.168160013333333,0.0012270183333333,3.94673333333333e-05,0.0011994273333333,0.0016558506666666
0.0005912833333333,0.0064557836666666,0.0016202063333333,0.00385476,0.003427764,0.0027028626666666,0.0013349036666666,0.001866499,0.001006738,0.002043843,0.0064450416666666
0.0003126406666666,0.001695547,0.000143652,0.0015865266666666,0.0002136453333333,0.0001360986666666,0.000250738,0.0001350393333333,3.33333333333333e-06,8.5618e-05,0.0003993096666666
0.000467941,0.006034601,0.0011961963333333,0.0001734586666666,0.0013201073333333,0.0001930663333333,0.0030171946666666,0.0014095666666666,4.79026666666667e-05,0.0006942113333333,0.001078634
0.0002125106666666,0.0019069676666666,0.0005942813333333,0.0004245856666666,0.001896499,0.0014102356666666,0.0005420906666666,0.0001556776666666,0.000471304,0.0004062086666666,0.0012477753333333
0.000595983,0.011843743,0.0022834353333333,0.0007682876666666,0.002045689,0.000304286,0.0037175026666666,0.0034988546666666,0.0029828726666666,0.0037193743333333,0.008721329
0.0010200573333333,0.0019106663333333,0.0033938226666666,0.000515669,0.0020659513333333,0.000533882,0.007677787,0.0106497873333333,4.4618e-05,0.0026749716666666,0.0108023016666667
6.7416e-05,0.0,0.0006131813333333,0.0,3.55073333333333e-05,0.0,0.0039316333333333,9.356e-06,0.0009864433333333,0.0032348026666666,8.97133333333333e-05
0.000581588,0.002751095,0.0001564566666666,9.81086666666667e-05,0.0003061273333333,0.0001249326666666,0.05148924,0.0008006453333333,0.000543689,0.0011478756666666,0.0006185983333333
0.010359726,0.0095390893333333,0.0080938633333333,0.003384325,0.0063428676666666,0.0009889846666666,0.0152709863333333,0.017868685,0.0003624916666666,0.003164634,0.0321949936666667
