0.007132981,0.0012616976666666,0.0003785433333333,0.002532964,0.0019534776666666,0.0005604403333333,0.0035541516666666,0.000698962,3.87956666666667e-05,0.001415282,0.0057580803333333
0.001928212,0.0103711216666667,0.001495214,0.0013322476666666,0.00409476,0.0022842616666666,0.005279294,0.001318226,0.000218818,0.001641232,0.0023991716666666
0.0003322246666666,0.006178922,0.001451517,0.001993306,0.002296069,0.0035290046666666,0.005835672,0.0015614696666666,0.001813247,0.0023201876666666,0.0029854123333333
0.0003718226666666,0.0020725393333333,0.0002507123333333,0.002319633,0.0003325646666666,0.001071035,0.0010124273333333,0.000635291,0.0,0.0004656953333333,0.0003228273333333
0.001888077,0.008508866,0.0006039506666666,0.0002667826666666,0.000780358,0.0003534866666666,0.0021480246666666,0.0005979196666666,0.0001521283333333,0.004561429,0.001825345
0.000415829,0.0038136046666666,0.0013102946666666,0.0006003603333333,0.0012129516666666,0.0011873246666666,0.000326359,0.0004355883333333,0.00025039,0.0006413043333333,0.0007239533333333
0.0050067983333333,0.0380671633333333,0.0012714096666666,0.0003518763333333,0.0008167143333333,0.0007342256666666,0.0022919563333333,0.004048086,0.0021110983333333,0.0059993533333333,0.0050462466666666
0.0019205366666666,0.0048446876666666,0.002221031,0.0004745416666666,0.0021959346666666,0.0010980136666666,0.005632458,0.0160083953333333,0.0006703356666666,0.0023430466666666,0.0079718286666666
3.33333333333333e-06,1.63773333333333e-05,0.0008017373333333,3.33333333333333e-06,4.3107e-05,0.0,0.0010307293333333,1.00296666666667e-05,0.000987508,0.0025824843333333,1.25403333333333e-05
0.002403385,0.0048085476666666,0.0007686686666666,0.00056407,0.001972016,0.0027186286666666,0.0038670553333333,0.001426166,0.0003078333333333,0.0028815146666666,0.00323706
0.0104957056666667,0.0110867766666667,0.0087001576666666,0.0026115463333333,0.0035274896666666,0.0022976683333333,0.006174276,0.017118471,0.0002255366666666,0.0049474553333333,0.033088398
