0.00130683,0.0017674253333333,0.0015636296666666,0.0004923166666666,0.006143016,0.0005217236666666,0.0016233621666666,0.0009851353333333,0.0001048051666666,0.0015357746666666,0.0049333586666666
0.0032004293333333,0.0069602933333333,0.0019296513333333,0.001712923,0.0052863243333333,0.001292718,0.0076658843333333,0.0016720313333333,0.0001565716666666,0.0010488796666666,0.0030440903333333
0.0015491366666666,0.0060249413333333,0.001763553,0.002074079,0.0060498993333333,0.0029035173333333,0.004338899,0.0017734813333333,0.0025354076666666,0.0026818753333333,0.0050358923333333
0.000392,0.0017441066666666,0.000473721,0.0013767486666666,0.000708214,0.0002447916666666,0.00454407,0.0003500326666666,1.03833333333333e-05,0.0001769573333333,0.0005488373333333
0.0029612086666666,0.0080274776666666,0.005356771,0.0007831893333333,0.002861996,0.0018466433333333,0.0022562186666666,0.0042323703333333,0.0012081076666666,0.0030785096666666,0.00406955
0.0011990253333333,0.002262585,0.0019072166666666,0.0003052996666666,0.002514826,0.0013772236666666,0.0011573823333333,0.0001713873333333,0.0003664466666666,0.0006095133333333,0.0018996656666666
0.002596487,0.0130773316666667,0.0040942026666666,0.0012621293333333,0.0056040586666666,0.0010992256666666,0.0026283536666666,0.0042540116666666,0.0017898136666666,0.00358765,0.009748468
0.005198044,0.002327634,0.0039877413333333,0.0013869653333333,0.003290022,0.0018895026666666,0.0111258986666667,0.008897517,0.0005617596666666,0.002271959,0.022722726
1.01373333333333e-05,5.66566666666667e-06,0.0039729786666666,2.8397e-05,4.2814e-05,0.0,0.0038800003333333,3.28746666666667e-05,0.0007502016666666,0.003709747,1.5567e-05
0.0021823346666666,0.0033117013333333,0.000981651,0.0003803403333333,0.0018092013333333,0.0011723203333333,0.006674613,0.001129415,0.0008190033333333,0.0008814426666666,0.0021795683333333
0.010895592,0.0081409166666666,0.0108236606666667,0.0031470643333333,0.012680057,0.0045576173333333,0.013597187,0.021193085,0.000405547,0.0044754723333333,0.0352381033333333
