0.003823206,0.0051542476666666,1e-05,0.004822659,0.005689992,0.0009429453333333,6e-06,0.0016503606666666,9.11763333333333e-05,0.000177873,0.0100183516666667
0.003950567,0.01611604,0.0024477736666666,0.0161342423333333,0.0103338936666667,0.0026300596666666,1.6571e-05,0.0052999983333333,3.0401e-05,0.0001481363333333,0.0062633703333333
0.0017036993333333,0.0073526586666666,0.002346886,0.0075884373333333,0.0056546313333333,0.0026092966666666,3.33333333333333e-06,0.0037656773333333,0.0015063486666666,0.000147383,0.0098449396666666
0.006318498,0.000188571,3.33333333333333e-06,0.0185538226666667,3.33333333333333e-06,3.33333333333333e-06,0.0,0.0009936733333333,6.66666666666667e-06,2.60373333333333e-05,0.0133036056666667
0.0033533393333333,0.0164008713333333,0.002210061,0.0091278843333333,0.0045587446666666,0.0031104436666666,2.5534e-05,0.009769733,8.94193333333333e-05,0.0002326686666666,0.0074495946666666
0.0007951196666666,0.003355995,0.0030789666666666,0.0026715493333333,0.0029977733333333,0.0013887033333333,6.66666666666667e-06,0.0020685493333333,3.33333333333333e-06,0.0004883663333333,0.0020818576666666
0.0035314476666666,0.001010279,0.005223649,0.021954066,3.9369e-05,6.2883e-05,0.00216846,0.0080119943333333,0.0022078733333333,0.0026241743333333,0.012481849
0.006471486,0.009088587,0.0072424113333333,0.0165395713333333,0.0113424136666667,0.0041310736666666,6.82253333333333e-05,0.026149493,2.496e-05,0.000278717,0.019597031
0.0016582156666666,1.79603333333333e-05,0.002465878,0.000862027,0.0,8.39743333333333e-05,0.0044216146666666,0.001782601,0.0014637576666666,0.0063869656666666,0.000122659
0.0018832006666666,0.0006876086666666,0.002062136,0.006833376,1.8058e-05,0.0014588613333333,0.0031627933333333,0.0024335993333333,0.0021847003333333,0.0001473126666666,0.0023525886666666
0.024307271,0.014070233,3.87883333333333e-05,0.0349782866666667,0.0124846263333333,0.004999865,2.27326666666667e-05,0.025475703,8.1493e-05,0.0007230933333333,0.0284299553333333
