0.0053221513333333,0.000406588,0.0005790566666666,0.0003028696666666,0.00239685,0.000351092,0.001135303,0.0020405543333333,0.0,0.000477689,0.0025699933333333
0.0032844846666666,0.0111355953333333,0.001654209,0.0003780706666666,0.0028466256666666,0.0003703536666666,0.004320038,0.000620219,0.0001690066666666,0.0003428766666666,0.0043162573333333
0.0002432246666666,0.0045098376666666,0.001092049,0.0024234526666666,0.002303518,0.0016926483333333,0.0016653866666666,0.0009533726666666,0.000558034,0.00077542,0.004056779
0.0018249866666666,0.0018754673333333,0.0001803786666666,0.0013613846666666,5.93393333333333e-05,8.93116666666667e-05,0.0006274153333333,0.0005963356666666,0.0,0.0001682586666666,0.000250425
0.0012128736666666,0.0062593686666666,0.0005236093333333,0.001512243,0.0010486563333333,0.0004527783333333,0.0018773156666666,0.003990524,5.95416666666667e-05,0.0013083143333333,0.001888938
0.000133637,0.0016861656666666,0.00098279,0.0003768306666666,0.0009162146666666,0.0006110196666666,0.0005276803333333,0.0002156436666666,0.0,0.0005561046666666,0.0009919653333333
0.0034325333333333,0.0080813443333333,0.002431205,0.002008269,0.0056807503333333,0.0004233356666666,0.0008849066666666,0.0060690406666666,0.0011085556666666,0.00287605,0.0142170916666667
0.0026930796666666,0.0040267746666666,0.004073494,0.0004166303333333,0.0032167083333333,0.000886044,0.00544284,0.007822859,3.32493333333333e-05,0.0017262266666666,0.008670628
1.11963333333333e-05,0.000131744,6.2775e-05,6.55733333333333e-06,0.0011887486666666,1.0708e-05,0.0041773233333333,3.98093333333333e-05,0.001083026,0.003192503,1.66666666666667e-05
0.0008713933333333,0.003086195,0.000186888,0.000351653,0.0005058516666666,0.000148996,0.0018283233333333,0.0007485253333333,0.0002174813333333,0.0001166816666666,0.000745717
0.011458586,0.0087464173333333,0.007611645,0.0018431946666666,0.0036391873333333,0.001601433,0.012584075,0.0112151593333333,0.0001727976666666,0.002346814,0.0134911043333333
