0.005474548,0.001453256,0.0004862786666666,0.00113726,0.0020739666666666,0.0001438596666666,0.0023288721666666,0.0019264863333333,1.22225e-05,0.0005418076666666,0.002361198
0.0030321146666666,0.007699911,0.00185142,0.00086168,0.0026482876666666,0.0009710363333333,0.0084653293333333,0.0007915466666666,6.79783333333333e-05,0.0012856596666666,0.001712991
0.0008101103333333,0.0044912506666666,0.0021497746666666,0.0031882436666666,0.003830827,0.003669057,0.002251801,0.0014003876666666,0.0028414876666666,0.0015067283333333,0.0053090283333333
0.0007011226666666,0.0008757946666666,0.0002111986666666,0.0011983836666666,0.0001456906666666,0.0002448583333333,0.0010378266666666,0.000337398,0.0,9.08556666666667e-05,0.001420024
0.0033443493333333,0.0068737,0.0012011463333333,0.0001232476666666,0.0051174063333333,0.0009150116666666,0.0065145606666666,0.001634353,0.0002821463333333,0.0013097263333333,0.002431669
0.0004463953333333,0.002842768,0.0025458793333333,0.0005524953333333,0.0015601533333333,0.0006577303333333,0.0009615396666666,0.0005359373333333,3.33333333333333e-06,0.000137318,0.001587435
0.003575415,0.0126209296666667,0.0043955206666666,0.0007856883333333,0.0057815733333333,0.0005599573333333,0.0023469796666666,0.0070154966666666,0.0022157843333333,0.00680235,0.0097379076666666
0.0052689926666666,0.0064578456666666,0.004544167,0.001376198,0.0049073846666666,0.0016123806666666,0.0111215193333333,0.0097746783333333,0.0002355703333333,0.0045899086666666,0.008609446
0.0,7.51303333333333e-05,0.0007556056666666,4.36266666666667e-06,0.0002036526666666,3.33333333333333e-06,0.0043048956666666,4.761e-05,0.0011324096666666,0.0028736396666666,1.8243e-05
0.0011987153333333,0.0017189686666666,0.0004295436666666,0.0001446283333333,0.0005730193333333,0.0006411983333333,0.05940751,0.0014880753333333,0.000325613,0.001091363,0.000866616
0.015191471,0.0075665486666666,0.00693155,0.0032940703333333,0.0040036266666666,0.002010186,0.0158106203333333,0.0126283666666667,0.0001172793333333,0.0052789013333333,0.0247500173333333
