0.004265431,0.0014788086666666,0.0005822033333333,0.0003145833333333,0.0024635553333333,0.000264436,0.0015909426666666,0.0010350396666666,7.29003333333333e-05,0.001706307,0.0045993093333333
0.0040137713333333,0.0136752293333333,0.0015960806666666,0.0019913356666666,0.0134530946666667,0.0020867966666666,0.015503024,0.003992543,0.0003315273333333,0.0032744126666666,0.003791021
0.0007360236666666,0.0048066753333333,0.0014475213333333,0.0023544133333333,0.001716706,0.003343792,0.0019420693333333,0.0007834766666666,0.0040299496666666,0.003710632,0.003377963
0.0005451036666666,0.002965189,0.0002008,0.0020917363333333,0.0014093246666666,0.0011699606666666,0.001553478,0.0002953803333333,0.0,0.00080925,0.0033223886666666
0.001624412,0.0077425853333333,0.0008889573333333,0.0003329096666666,0.002345957,0.0006163626666666,0.0019013616666666,0.000844558,0.0001481423333333,0.002595604,0.0016602973333333
0.0007562503333333,0.0033755743333333,0.0012477116666666,0.0005361186666666,0.0025778856666666,0.002555344,0.0006371673333333,0.00083946,0.0002912573333333,0.0011506193333333,0.0016350113333333
0.001181783,0.0080500866666666,0.001427712,0.001135399,0.002773476,0.0005248136666666,0.0021924243333333,0.0044045466666666,0.001928781,0.006888897,0.0062152416666666
0.001783338,0.0044143053333333,0.001653345,0.0018362493333333,0.004327234,0.001459519,0.0089486203333333,0.013768522,0.0002738086666666,0.0025624316666666,0.0097413086666666
7.91426666666667e-05,6.66666666666667e-06,0.0005134933333333,3.33333333333333e-06,4.48e-05,0.0,0.0008850393333333,2.64396666666667e-05,0.0017201213333333,0.003073528,0.0
0.0061470253333333,0.0099772793333333,0.0031926516666666,0.0027316023333333,0.0070194566666666,0.0036137693333333,0.0040364716666666,0.0037601416666666,0.000236111,0.0033115323333333,0.010179633
0.014775976,0.0088040373333333,0.0084592703333333,0.002888663,0.006647617,0.0017502883333333,0.007885566,0.0205095336666667,0.000236217,0.0061854756666666,0.04290022
