0.0045560993333333,0.0022891363333333,0.00203496,0.001385705,0.0020899093333333,0.0007251256666666,0.002370526,0.0013658253333333,0.000450995,0.0007430686666666,0.0064361113333333
0.0028018223333333,0.0276948843333333,0.005094519,0.0020224213333333,0.006026662,0.0138237973333333,0.007936954,0.0021453713333333,0.000593016,0.000923668,0.0063544483333333
0.001297871,0.0176613716666667,0.004400403,0.0053162123333333,0.005716356,0.0036337916666666,0.0067437353333333,0.002043426,0.001706717,0.003015566,0.0053058863333333
0.0013352196666666,0.0017069636666666,0.000354546,0.0011163313333333,0.0005643483333333,0.0002323736666666,0.0012866116666666,0.0016077733333333,3.28516666666667e-05,0.000235921,0.000682759
0.003004601,0.0139504383333333,0.0022968166666666,0.0006486443333333,0.0085034066666666,0.001228292,0.0110265533333333,0.003853869,0.0003262603333333,0.003383439,0.0070836573333333
0.0009637293333333,0.0059400893333333,0.0019047356666666,0.000752872,0.001835958,0.0013415106666666,0.0016093953333333,0.001007963,0.0004153583333333,0.0005334453333333,0.002208826
0.003928366,0.0139294816666667,0.0028222206666666,0.001884141,0.0124961323333333,0.0011915956666666,0.0022762013333333,0.0065164093333333,0.0023882773333333,0.004939198,0.012979932
0.0059593103333333,0.0083835423333333,0.0052569323333333,0.0015673106666666,0.0059012773333333,0.0018863353333333,0.0106542086666667,0.0144917066666667,0.0007975316666666,0.0043767926666666,0.018905247
2.37866666666667e-05,0.0001851593333333,0.0015659673333333,2.68766666666667e-05,0.0003154853333333,0.000229391,0.005066297,0.0003385936666666,0.0007296783333333,0.0034303576666666,7.2281e-05
0.0027740883333333,0.0030491116666666,0.0008314773333333,0.00098908,0.002303268,0.000683856,0.0466689666666667,0.0023863836666666,0.000947684,0.0014910846666666,0.002918266
0.012935537,0.0162198333333333,0.010736318,0.0032945643333333,0.0077668506666666,0.0032099963333333,0.0164722573333333,0.025667757,0.0007457496666666,0.0080243166666666,0.031458461
