0.0067640663333333,0.0018007863333333,0.000699671,0.0054316163333333,0.0035576196666666,0.0010859073333333,0.0026136156666666,0.0014362833333333,0.000112394,0.0006480033333333,0.006219286
0.0030990256666666,0.006926516,0.003164984,0.0012193716666666,0.0101219073333333,0.00162831,0.0083840463333333,0.0149371466666667,0.0002681776666666,0.0012199013333333,0.0077132383333333
0.001872993,0.0063331866666666,0.0014942616666666,0.0026671496666666,0.003074749,0.0045292386666666,0.004809106,0.006551116,0.002045284,0.001661469,0.0061431486666666
0.0014771666666666,0.001445455,0.0003083086666666,0.0006246386666666,0.000936748,0.0011374743333333,0.0007625533333333,0.0008106656666666,0.0001413853333333,0.000915796,0.001154409
0.0030157853333333,0.011464922,0.0011958053333333,0.0019140383333333,0.002476593,0.0010152473333333,0.003653417,0.01130424,0.0004799336666666,0.0015982893333333,0.004801658
0.0009098606666666,0.002152154,0.0033620023333333,0.0004730943333333,0.0015070073333333,0.000848274,0.0010167606666666,0.0030463606666666,0.0003298233333333,0.0002805223333333,0.002040417
0.0084565306666666,0.0176850493333333,0.0020528023333333,0.0014221533333333,0.0055925596666666,0.0027950353333333,0.0017716646666666,0.019748727,0.0025592156666666,0.0050957796666666,0.0125430376666667
0.0082315616666666,0.0107869126666667,0.0052943026666666,0.001779045,0.0075400656666666,0.002413479,0.0133429856666667,0.0220819393333333,0.000822151,0.0041441253333333,0.01312413
0.0012518863333333,5.696e-05,0.0030521893333333,0.00022927,0.0001458956666666,3.22346666666667e-05,0.0051820663333333,0.00026103,0.001816057,0.00845935,4.59543333333333e-05
0.001851507,0.0022235856666666,0.000647964,0.0006037186666666,0.001516365,0.0007375786666666,0.0050968563333333,0.0041147293333333,0.0011181686666666,0.000400859,0.002419941
0.0133948333333333,0.0125420253333333,0.0092263516666666,0.004012576,0.011217368,0.0038489343333333,0.0154643916666667,0.0225792583333333,0.001161344,0.0043829783333333,0.03471559
