0.0037604173333333,0.0039548346666666,1.3672e-05,0.0070957706666666,0.0041256173333333,0.0007953623333333,0.0,0.0026896563333333,1.824e-05,0.0001441173333333,0.0055898276666666
0.0038936343333333,0.014992867,0.0046200546666666,0.016957059,0.0091746573333333,0.0025143486666666,6.06026666666667e-05,0.007587207,0.0,0.000132217,0.006407285
0.0010098026666666,0.0071357083333333,0.0028832053333333,0.0068247836666666,0.004639649,0.002594277,0.0,0.0026209783333333,0.0018368366666666,0.000126572,0.0050004086666666
0.004785743,0.000198326,3.33333333333333e-06,0.0207723183333333,3.33333333333333e-06,3.53473333333333e-05,1e-05,0.000695885,3.33333333333333e-06,1.712e-05,0.0167739986666667
0.0028805486666666,0.0206520696666667,0.002134008,0.016320249,0.0069457446666666,0.0029557213333333,8.10733333333333e-06,0.011085336,2.4425e-05,0.0003028266666666,0.0057296173333333
0.00134437,0.0052344113333333,0.0012677453333333,0.003213557,0.0029671526666666,0.00118826,8.665e-06,0.0012437406666666,0.0,2.56523333333333e-05,0.004007899
0.0034378913333333,0.0008034593333333,0.0036672396666666,0.022854512,7.7978e-05,1e-05,0.0023454743333333,0.0133420173333333,0.0013212193333333,0.0039168283333333,0.0129976076666667
0.0076382746666666,0.0169527273333333,0.006397281,0.0225308276666667,0.0072042396666666,0.003978092,6.22066666666667e-05,0.026961393,3.33333333333333e-06,0.0008525776666666,0.020259845
0.0001056983333333,1e-05,0.0009234053333333,0.0006722613333333,0.0,0.0001975996666666,0.005270255,0.0006367133333333,0.0016597833333333,0.0061025043333333,0.0002372336666666
0.0017600603333333,0.0004257306666666,0.0009086046666666,0.007047402,2.11843333333333e-05,0.0005866336666666,0.0033393363333333,0.0019157826666666,0.0005590023333333,0.00072592,0.0016365763333333
0.0120100733333333,0.0202421026666667,0.0012754323333333,0.0303192816666667,0.0054819333333333,0.0054749293333333,6.66666666666667e-06,0.024072858,2.77453333333333e-05,0.0013781543333333,0.0333248863333333
