0.00494052,0.001115243,0.0008926766666666,0.0010931246666666,0.0020381716666666,0.0004630893333333,0.0030779946666666,0.0008724413333333,5.33453333333333e-05,0.0008312726666666,0.0052656546666666
0.004738606,0.0177567556666667,0.0028101276666666,0.0018157016666666,0.0023170416666666,0.001999613,0.007026613,0.00263263,0.0016218653333333,0.0015231733333333,0.005285173
0.003898157,0.006868842,0.0011579993333333,0.0020249373333333,0.0043196523333333,0.0022723153333333,0.0062139783333333,0.0014873186666666,0.0013744136666666,0.003014049,0.0046150126666666
0.003889055,0.001386357,0.000254874,0.0047064146666666,0.0003573006666666,0.000300641,0.0020443436666666,0.000522354,3.17276666666667e-05,0.0012878863333333,0.000529912
0.000989183,0.0089355873333333,0.0012460216666666,0.0008194163333333,0.007704944,0.0013469503333333,0.0042825523333333,0.0016222516666666,0.000565825,0.001585651,0.009389768
0.000523615,0.0025118906666666,0.002181716,0.000726826,0.001783992,0.000980229,0.0007476536666666,0.0003901413333333,0.0003715283333333,0.0005152876666666,0.0011061046666666
0.0030625423333333,0.0136670233333333,0.0014818346666666,0.0021052156666666,0.0030788866666666,0.000441716,0.0011304743333333,0.0048262656666666,0.0034955533333333,0.0028883363333333,0.0135649353333333
0.0043754393333333,0.003880417,0.004833685,0.0010217246666666,0.0031874396666666,0.00289984,0.0084242183333333,0.0160062493333333,0.0010362976666666,0.0028005043333333,0.0139735653333333
7.58266666666667e-06,7.22933333333333e-05,0.000570792,0.0,3.6962e-05,6.66666666666667e-06,0.005464014,6.66666666666667e-06,0.001192765,0.0047797213333333,2.16523333333333e-05
0.001632774,0.0034955326666666,0.0023527646666666,0.0004302103333333,0.0010288076666666,0.0010268526666666,0.0025266316666666,0.002772962,0.001412736,0.0009149253333333,0.00156363
0.020256328,0.0168683646666667,0.008159289,0.003041407,0.0082632253333333,0.0059342306666666,0.0069410823333333,0.0233656766666667,0.0004519146666666,0.0043275666666666,0.028586022
