0.0037164403333333,0.0039482683333333,0.0,0.0071890026666666,0.004051539,0.0004379403333333,3.33333333333333e-06,0.002508707,3.33333333333333e-06,0.0008130796666666,0.0042425333333333
0.003525053,0.0170558956666667,0.0069084973333333,0.015814231,0.0105263323333333,0.0017130186666666,2.9583e-05,0.0058912666666666,5.04323333333333e-05,0.0001681416666666,0.0051019816666666
0.0005534466666666,0.0073565376666666,0.001449297,0.006646966,0.0041366483333333,0.0013084033333333,3.33333333333333e-06,0.001785226,0.001262407,7.5382e-05,0.0048225553333333
0.0477731633333333,0.0002470253333333,3.33333333333333e-06,0.014629281,1.0044e-05,0.0,3.33333333333333e-06,0.0009736376666666,3.33333333333333e-06,6.66666666666667e-06,0.0159362376666667
0.0017046413333333,0.0199154083333333,0.001469724,0.0091948073333333,0.0058107953333333,0.0010737976666666,7.42996666666667e-05,0.0104573703333333,3.1127e-05,5.4981e-05,0.0057914396666666
0.000891103,0.003482295,0.000670486,0.0018718133333333,0.0019357416666666,0.001260784,5.02066666666667e-05,0.0007355996666666,0.0,1.4068e-05,0.0029591466666666
0.0472563933333333,0.001014811,0.0037929806666666,0.0197489913333333,0.000104691,3.89683333333333e-05,0.002889101,0.011131035,0.001279319,0.0035705133333333,0.0143050936666667
0.0046958366666666,0.0077726836666666,0.0044439976666666,0.0167221126666667,0.0082074156666666,0.002735501,5.79093333333333e-05,0.028566477,0.000656057,0.0003655356666666,0.0155693563333333
4.4426e-05,0.000425102,0.0017662213333333,0.0003245903333333,0.0,3.11466666666667e-05,0.006355658,0.0012236803333333,0.0013681013333333,0.0065160796666666,8.29936666666667e-05
0.0014284396666666,0.0001026963333333,0.0009245093333333,0.0036011633333333,6.66666666666667e-06,0.0008501813333333,0.0039143376666666,0.0015666,0.000514621,0.0005504676666666,0.000914612
0.016998394,0.0140559136666667,0.001297528,0.027492572,0.010807027,0.0025427773333333,6.83333333333333e-06,0.019912827,0.00022956,0.001051998,0.0251893406666667
