0.0032436306666666,0.0010913693333333,0.0007569233333333,0.002031889,0.0017507473333333,0.0001584016666666,0.0016233113333333,0.0006385473333333,3.33333333333333e-06,0.0008758493333333,0.0036532293333333
0.0028499583333333,0.0054298113333333,0.0007825566666666,0.000443486,0.0029741843333333,0.0007702306666666,0.003610395,0.0020618456666666,4.94273333333333e-05,0.0009547343333333,0.0038924
0.001430695,0.0076589706666666,0.001231385,0.002921664,0.003303213,0.001897939,0.001672964,0.000950045,0.0006962223333333,0.001241038,0.00466042
0.0022260926666666,0.0014139146666666,0.000228965,0.001748588,0.0001435903333333,8.54613333333333e-05,0.001640534,0.00029558,0.0,0.000192785,0.000225552
0.000725504,0.0064236583333333,0.0016382656666666,4.63323333333333e-05,0.00077264,0.0001907143333333,0.0015596866666666,0.0017576593333333,0.000100008,0.0015402573333333,0.00167257
0.000876486,0.0020651136666666,0.0007351023333333,0.000442483,0.001359188,0.0007661423333333,0.000601095,0.00024884,0.00046739,0.000493595,0.0011474083333333
0.0029483373333333,0.008030443,0.0007759966666666,0.0016054653333333,0.0018845666666666,0.0006218806666666,0.0030744046666666,0.0028366,0.0037952576666666,0.0032846483333333,0.0116753786666667
0.001695186,0.0031502206666666,0.0032903503333333,0.0013108913333333,0.001278448,0.000573664,0.0081787816666666,0.008775263,0.0007494643333333,0.0037260556666666,0.011886535
0.0002104003333333,0.0,0.000256142,3.33333333333333e-06,5.25873333333333e-05,0.0,0.004721096,7.10166666666667e-05,0.001193307,0.0053331616666666,6.66666666666667e-06
0.000885484,0.0016640346666666,0.0002651473333333,0.000305427,0.00066819,0.000407828,0.010873942,0.0017395813333333,0.000497722,0.002069133,0.0075161086666666
0.0105610966666667,0.009866943,0.0070462533333333,0.002180292,0.0043776636666666,0.0015938636666666,0.018159183,0.0222487963333333,0.0005126503333333,0.0077854776666666,0.0239628936666667
