0.0046644103333333,0.0040226176666666,3.41146666666667e-05,0.005584988,0.0054812263333333,0.0015780746666666,1.89128333333333e-05,0.0032219616666666,9.86878333333333e-05,6.9028e-05,0.0085531816666666
0.0047303396666666,0.019927723,0.0061935953333333,0.0173159363333333,0.0087356286666666,0.004788971,1.8764e-05,0.0061360653333333,3.8857e-05,0.0005429273333333,0.006487961
0.0025654986666666,0.00944809,0.0015291743333333,0.0078292,0.007519937,0.001722003,6.66666666666667e-06,0.0034311113333333,0.0016340403333333,5.679e-05,0.0054071553333333
0.0064460476666666,0.00091176,3.63533333333333e-06,0.0227585593333333,2.47333333333333e-05,3.41886666666667e-05,0.0,0.0012271226666666,3.33333333333333e-06,1.66666666666667e-05,0.01527181
0.0042277923333333,0.0228941933333333,0.00341423,0.0136885273333333,0.0066565316666666,0.0038457113333333,1.0176e-05,0.0110421186666667,0.0001142176666666,9.80276666666667e-05,0.007487519
0.001757608,0.0046246683333333,0.001299135,0.002278164,0.0052961146666666,0.0009140543333333,0.0,0.001915489,2.86583333333333e-05,1.9354e-05,0.0020889986666666
0.0042786496666666,0.0013680256666666,0.00263401,0.0302831716666667,0.000199704,0.0001456743333333,0.0018306613333333,0.010480352,0.0024646833333333,0.004645664,0.0138891976666667
0.0102263876666667,0.0165446126666667,0.0060879703333333,0.024693635,0.010622354,0.0041011026666666,0.0001485353333333,0.03726069,6.66666666666667e-06,0.0004186046666666,0.021980739
0.0012214756666666,2.28953333333333e-05,0.0011237116666666,0.001397163,3.33333333333333e-06,7.8961e-05,0.0040034403333333,0.0005511036666666,0.003326602,0.0066997933333333,0.0003351896666666
0.0021196526666666,0.000498691,0.001755304,0.007577365,5.40896666666667e-05,0.001079166,0.0036860896666666,0.001838159,0.001513642,0.000690134,0.002953695
0.0187071723333333,0.0150081566666667,0.0011430223333333,0.0424503033333333,0.0107629663333333,0.0031344446666666,3.096e-05,0.0267880253333333,8.41576666666667e-05,0.000786976,0.04689687
