0.003369983,0.003461822,0.000447957,0.0015601156666666,0.0023235743333333,0.0001022576666666,0.0021302996666666,0.001195392,8.57106666666667e-05,0.0011456213333333,0.0054673313333333
0.0013118386666666,0.011469165,0.0043085126666666,0.0016841413333333,0.003629909,0.0008596526666666,0.008563168,0.0019490586666666,0.0002743133333333,0.000559732,0.0090865396666666
0.0005584843333333,0.0058196823333333,0.0008106563333333,0.0019233896666666,0.0031255343333333,0.0017665923333333,0.003128243,0.003053094,0.001448098,0.0016997233333333,0.004260405
0.0016257306666666,0.0012261943333333,0.0002261086666666,0.0005729906666666,0.000236586,0.0002942456666666,0.0006677646666666,0.0007466423333333,3.49473333333333e-05,0.0006649143333333,0.0005067003333333
0.0016366843333333,0.008779277,0.0013822803333333,0.0005296443333333,0.0015415866666666,0.000839988,0.0033141993333333,0.004220301,0.000561772,0.0020415056666666,0.0027067506666666
0.000433927,0.0033742313333333,0.0012603653333333,0.000650577,0.0018092406666666,0.0024511013333333,0.0010058406666666,0.000349992,0.0003508123333333,0.0005002056666666,0.0017407436666666
0.0016415103333333,0.0408140533333333,0.0048092463333333,0.002305427,0.0024636383333333,0.0008562706666666,0.0023245843333333,0.0053352026666666,0.0030055546666666,0.0058074313333333,0.0063501173333333
0.0052296883333333,0.0047630886666666,0.0030091863333333,0.0011237056666666,0.0031927416666666,0.0019154163333333,0.009333098,0.012575401,0.000811975,0.0028588023333333,0.0088404543333333
3.68e-06,5.8894e-05,0.0009065013333333,1.20126666666667e-05,2.60753333333333e-05,8.16e-06,0.0039817746666666,3.1531e-05,0.0006683783333333,0.0040050973333333,0.00011186
0.0013218323333333,0.0017484043333333,0.000864527,0.000451383,0.002216424,0.000537381,0.0038056986666666,0.0009242113333333,0.0026906063333333,0.0003545393333333,0.0007064443333333
0.0170285206666667,0.0094974303333333,0.0089881066666666,0.0017163536666666,0.0066074536666666,0.0020726893333333,0.0084203123333333,0.0152521733333333,0.0009918706666666,0.0056496706666666,0.025776436
