0.0005005273333333,0.000276138,3.33333333333333e-06,0.0066470273333333,0.0012712393333333,0.0,0.001584373,2.9423e-05,1.07456666666667e-05,0.0,0.006988709
0.0021311466666666,0.013175195,1.61003333333333e-05,0.004225414,0.0056752016666666,0.0013689566666666,0.011111039,0.00278918,0.0008722736666666,4.5447e-05,0.0086664216666666
0.0005595363333333,0.005010709,0.0012617886666666,0.0040876573333333,0.004437722,0.002539575,0.0008332766666666,0.0019104476666666,0.0014699236666666,0.001578982,0.0059818143333333
0.000375462,0.00533161,0.0002584723333333,0.0006233786666666,0.0002038893333333,0.0004418036666666,0.0015625323333333,6.66666666666667e-06,0.0,2.28346666666667e-05,0.0019336666666666
0.0021354296666666,0.008427702,0.002169792,0.0031365333333333,0.000584469,0.000424009,0.0064081,0.004644088,0.0003153176666666,2.0157e-05,0.0035262763333333
0.000270387,0.0028635113333333,0.0006920266666666,7.625e-05,0.0010945826666666,0.000656109,0.0009010156666666,0.0009622726666666,0.000206736,0.0,0.002559936
0.0019351223333333,0.011868966,0.0044647083333333,0.0010080263333333,0.0038865356666666,0.000788031,0.0043329773333333,0.0107789526666667,0.0032078043333333,0.0039552586666666,0.0147197593333333
0.002510465,0.0004640653333333,2.89316666666667e-05,0.014834126,4.9739e-05,0.0,0.0157860206666667,0.024791046,0.001071776,0.0002243653333333,0.0397916666666667
0.001429625,0.000129163,0.000227981,8.10083333333333e-05,0.000716188,1e-05,0.0049266766666666,0.0092781243333333,0.0015192743333333,0.00554417,2.62143333333333e-05
0.0009523903333333,0.0021650476666666,0.0006971946666666,0.0105511873333333,0.0009745056666666,0.000342042,0.0039567226666666,0.001150232,0.0005991896666666,0.0005506023333333,0.000952982
0.010447089,0.0010253876666666,1.33333333333333e-05,0.0038603193333333,0.0002188463333333,1.35826666666667e-05,0.015097421,0.0002200416666666,0.0002736566666666,0.0002333556666666,0.0850396333333333
