0.0012706086666666,2.69013333333333e-05,6.27676666666667e-05,0.0014380103333333,0.0018957113333333,0.0,0.0017017896666666,1.3492e-05,6.60433333333333e-06,1.02146666666667e-05,0.0068788683333333
0.002952103,0.011735766,2.11293333333333e-05,0.002147914,0.0060506146666666,0.0012459786666666,0.008167592,0.0025070833333333,0.0004012276666666,6.06863333333333e-05,0.0081162076666666
0.000644179,0.005447254,0.0010868616666666,0.0026687196666666,0.005491427,0.002290024,0.001257155,0.002165748,0.0013932893333333,0.0014607413333333,0.006460291
0.0002999013333333,0.004267501,0.0002611716666666,0.001281875,0.0003941056666666,0.0003853643333333,0.002293392,1.2423e-05,3.33333333333333e-06,3.33333333333333e-06,0.00161562
0.0012998766666666,0.0069926353333333,0.0008286403333333,0.0008855303333333,0.0020508666666666,0.0006288496666666,0.0036193366666666,0.003848772,0.0001402373333333,1.38906666666667e-05,0.0054147246666666
0.0005123723333333,0.0027445773333333,0.0006245093333333,0.0006684566666666,0.001419035,0.0012154913333333,0.0011430996666666,0.0006425293333333,0.000353614,7.10233333333333e-06,0.002188666
0.0021456573333333,0.0102931803333333,0.002632561,0.0030254936666666,0.003872221,0.001321687,0.0036905373333333,0.010694396,0.001621782,0.003683263,0.0154020476666667
0.002100381,0.0004291506666666,0.0001187816666666,0.002972534,0.000101678,0.0,0.0128426613333333,0.029587562,0.000774525,0.0002349093333333,0.04569198
0.0014841613333333,0.0002420526666666,4.75343333333333e-05,6.97153333333333e-05,6.44676666666667e-05,1.1251e-05,0.0053260356666666,0.0094586073333333,0.0015789323333333,0.0055811246666666,3.43643333333333e-05
0.0008378506666666,0.0024712136666666,0.0003046413333333,0.0010085163333333,0.000972743,0.0003977866666666,0.0033358503333333,0.0012230583333333,0.0006529593333333,0.0005916463333333,0.0011961443333333
0.0129542223333333,0.000196421,2.00283333333333e-05,0.0077071283333333,2.88216666666667e-05,1.33333333333333e-05,0.0177231323333333,0.0001198033333333,0.0001415986666666,6.10723333333333e-05,0.13746323
