0.008473447,0.0012494333333333,0.000308872,0.0002289823333333,0.0021784486666666,0.0004554886666666,0.002351343,0.0016687023333333,0.0001092053333333,0.000359324,0.0080686953333333
0.002083219,0.0126597276666667,0.0005107213333333,0.0012811213333333,0.007306857,0.0014292026666666,0.005034302,0.0013672733333333,9.92906666666667e-05,0.0008400706666666,0.004109818
0.0011099216666666,0.0054201326666666,0.0014525766666666,0.0028911563333333,0.0014825003333333,0.0047792023333333,0.000669332,0.0021036966666666,0.001642778,0.002009558,0.003118356
0.0003711053333333,0.001972212,0.0002139556666666,0.0016531123333333,0.0002582103333333,0.000911086,0.0001955273333333,0.0004330686666666,1.65663333333333e-05,0.0001226093333333,0.0005907103333333
0.0015257153333333,0.0055309513333333,0.000582954,0.0002221276666666,0.0019461653333333,0.0011411043333333,0.002507564,0.000988187,4.2229e-05,0.001325021,0.0057774996666666
0.000756579,0.0027343636666666,0.0006005183333333,0.0004481213333333,0.0030583666666666,0.0023503443333333,0.0007239893333333,0.000664321,0.000264654,0.000612279,0.00181562
0.004878228,0.0143110343333333,0.0009920083333333,0.000778816,0.0024236766666666,0.0003241456666666,0.0011570786666666,0.0042401006666666,0.0031129943333333,0.0035962996666666,0.0103381406666667
0.0061906723333333,0.005615019,0.0018621703333333,0.000550811,0.003477965,0.000975226,0.006726393,0.015505429,0.0001146043333333,0.0017587106666666,0.0083269
1.41173333333333e-05,1e-05,0.001251305,6.66666666666667e-06,2.97496666666667e-05,2.17503333333333e-05,0.0049793616666666,7.22366666666667e-06,0.00128585,0.003301294,0.0002033766666666
0.001299924,0.0031037126666666,0.0004234193333333,0.0004265953333333,0.0009218943333333,0.000515176,0.0016833946666666,0.0020220866666666,0.000297712,0.0005756286666666,0.001326207
0.0150408056666667,0.0156207836666667,0.005560712,0.0015455726666666,0.0049997953333333,0.0021563626666666,0.007587667,0.0182832146666667,0.0002544943333333,0.004052976,0.0394030333333333
