0.0041164203333333,0.000771712,0.0004905223333333,0.0001177503333333,0.0019192483333333,5.8996e-05,0.0021599396666666,0.0002610533333333,1.66666666666667e-06,0.000668491,0.002250084
0.0005852313333333,0.0060916183333333,0.0018692016666666,0.0003859053333333,0.005495982,0.0008361236666666,0.0071598673333333,0.0024332196666666,0.0008051313333333,0.000775074,0.0046258886666666
0.0002204476666666,0.0048297706666666,0.0018043816666666,0.0023697,0.0034318193333333,0.00231021,0.0024323043333333,0.0020157143333333,0.000767174,0.0016615393333333,0.004548351
0.000145062,0.000847986,0.0001266713333333,0.0004805586666666,0.0001536773333333,8.09183333333333e-05,0.0010182076666666,0.0007938046666666,0.0,8.74833333333333e-05,0.000271635
0.002431634,0.0039402746666666,0.0004589653333333,0.000941594,0.000546114,0.0013329026666666,0.006798243,0.001368474,2.0275e-05,0.0011919836666666,0.00205689
0.0001016913333333,0.0014769606666666,0.0011054946666666,0.0005683233333333,0.0021568203333333,0.0011264546666666,0.000615508,0.0001706406666666,3.33333333333333e-06,0.000652863,0.0008889006666666
0.001889469,0.0092556526666666,0.0013263373333333,0.000566535,0.002596357,0.0004097066666666,0.001969639,0.004872355,0.0013763486666666,0.0030461913333333,0.0118385353333333
0.0025263576666666,0.003340216,0.00312593,0.002552717,0.00265118,0.0007355453333333,0.012902722,0.0071227976666666,0.0001049263333333,0.002207775,0.0065869733333333
3.48266666666667e-06,5.5041e-05,0.0009755036666666,3.33333333333333e-06,4.46916666666667e-05,9.77513333333333e-05,0.004793867,4.8779e-05,0.0009310723333333,0.002987703,6.66666666666667e-06
0.0007568136666666,0.0013092483333333,0.0002847576666666,9.6053e-05,0.0008009426666666,0.0003642966666666,0.002622311,0.0009836853333333,0.0012063286666666,0.0006569686666666,0.0004444236666666
0.006938366,0.0082284296666666,0.0077477333333333,0.0017938706666666,0.0040920396666666,0.0021646336666666,0.012500897,0.011470773,0.0011455423333333,0.0047853243333333,0.0360034966666667
