0.003517576,0.0013143553333333,0.0007331816666666,0.0010598326666666,0.0023936756666666,0.000747508,0.002161874,0.0005359253333333,5.16666666666667e-05,0.0013672836666666,0.0042555086666666
0.0013760063333333,0.0113616813333333,0.003444016,0.0011952116666666,0.0058665276666666,0.0014964283333333,0.0099348176666666,0.0014227276666666,0.0001644506666666,0.0012523666666666,0.0050219363333333
0.0002865913333333,0.0062276303333333,0.0009704723333333,0.002806922,0.0066381153333333,0.0020820866666666,0.002336882,0.0022501826666666,0.0011499703333333,0.0033557563333333,0.0058873536666666
0.000582362,0.00235701,0.000174382,0.0008230946666666,0.0013705126666666,0.000296052,0.0013370136666666,0.000245137,2.93643333333333e-05,0.0002286533333333,0.000691436
0.001861279,0.0063858963333333,0.0032754356666666,0.0004014183333333,0.002438279,0.002193002,0.0056971856666666,0.0044908523333333,6.23426666666667e-05,0.0029333203333333,0.004638226
0.000422764,0.0035499573333333,0.001854884,0.0014148403333333,0.0027010463333333,0.0005037946666666,0.000858375,0.0004917483333333,0.0006214913333333,0.00052306,0.0014888093333333
0.0035213743333333,0.0124762046666667,0.0018999123333333,0.0023109773333333,0.004466146,0.0011778643333333,0.0015313443333333,0.0036792956666666,0.0016055083333333,0.0070991026666666,0.006371806
0.004989058,0.0070244636666666,0.0037566743333333,0.0018264813333333,0.0062742213333333,0.001953589,0.008830065,0.0150020363333333,0.0003554976666666,0.0039854446666666,0.0114844306666667
1.4282e-05,0.0001000363333333,0.001861039,0.000130952,0.0002661353333333,7.33333333333333e-06,0.005052029,0.000324016,0.0007896136666666,0.00594783,0.0005077426666666
0.0014038806666666,0.001556297,0.000529574,0.0008365493333333,0.0018720443333333,0.000624097,0.0052869206666666,0.0010578943333333,0.0003713836666666,0.0002664776666666,0.0025094216666666
0.014907545,0.0097679433333333,0.0104393096666667,0.0021663606666666,0.005590684,0.0012344956666666,0.00826135,0.0132461563333333,0.000251575,0.0065014896666666,0.0314271426666667
