0.003261511,0.0016455253333333,7.27976666666667e-05,0.0049119273333333,0.0026295203333333,0.0002812633333333,0.0,0.0008665436666666,3.33333333333333e-06,0.000115588,0.0055300036666666
0.002471685,0.0142757273333333,0.0030448083333333,0.0144767613333333,0.005130343,0.0020315023333333,6.66666666666667e-06,0.0030702486666666,0.0,0.00014665,0.0033117313333333
0.0006466893333333,0.0070432386666666,0.0025199656666666,0.004510729,0.003446195,0.002301433,8.908e-06,0.001991835,0.0016797093333333,0.000601691,0.0045777133333333
0.0027842676666666,0.0001885443333333,0.0,0.013387446,3.33333333333333e-06,3.33333333333333e-06,3.33333333333333e-06,0.00061525,0.0,0.0,0.006729378
0.0020195293333333,0.019738694,0.000742083,0.0131445276666667,0.0019900703333333,0.0012910016666666,0.0,0.00512958,3.30266666666667e-05,3.97896666666667e-05,0.0064769683333333
0.000569711,0.0031947976666666,0.0006901093333333,0.0031275606666666,0.0015036796666666,0.0025139876666666,2.7552e-05,0.0004138106666666,0.0,1.0152e-05,0.0014549176666666
0.0020591943333333,0.000857446,0.004372813,0.016794913,6.833e-06,1.60493333333333e-05,0.0010024763333333,0.007639419,0.0003999966666666,0.003151219,0.0063223916666666
0.003149606,0.0053872423333333,0.0047056406666666,0.014121436,0.00485625,0.002913451,5.5659e-05,0.0174812926666667,0.0006426773333333,0.0003340726666666,0.0080933013333333
1.44436666666667e-05,6.66666666666667e-06,0.0005916363333333,0.0007406086666666,0.0,5.61086666666667e-05,0.005827631,6.1019e-05,0.0016918196666666,0.0071934176666666,2.53513333333333e-05
0.0008999323333333,0.000111421,0.000387311,0.0029124453333333,2.9228e-05,0.000492095,0.0022255316666666,0.0006598006666666,0.0005836026666666,0.000867153,0.0011230133333333
0.0144253463333333,0.0118102603333333,0.0014554313333333,0.0261296146666667,0.00513969,0.0041557256666666,1e-05,0.0210528313333333,3.33333333333333e-06,0.0016527623333333,0.032435411
