0.0048072863333333,0.0015203433333333,0.000579431,0.000232726,0.0021806916666666,0.0002820063333333,0.001864151,0.0017404686666666,0.0003051593333333,0.001234737,0.0103373103333333
0.0016910943333333,0.007070335,0.00146656,0.0006997436666666,0.0025319786666666,0.0008565333333333,0.0032687536666666,0.0006539523333333,0.0003071156666666,0.0011505646666666,0.0008683703333333
0.000514066,0.005621165,0.0001284416666666,0.0006555646666666,0.0008460583333333,0.0005619376666666,0.000568991,0.0010753176666666,0.0007654993333333,0.000960123,0.000809828
0.00034098,0.003529595,0.000146143,0.000805281,0.0007862463333333,0.001202787,0.002316449,0.000793502,0.0001223786666666,0.0005999906666666,0.0004348806666666
0.0018165246666666,0.0128941323333333,0.0009845326666666,0.0006911246666666,0.0022198383333333,0.001598553,0.0027218593333333,0.002781473,0.0005738436666666,0.0010459423333333,0.0037396566666666
0.000412935,0.0045567356666666,0.0004777896666666,0.0004976633333333,0.0015544246666666,0.000280362,0.0007807273333333,0.0014057283333333,0.0001183076666666,0.0006721666666666,0.0011279633333333
0.0014783073333333,0.0178451716666667,0.001240853,0.0010913776666666,0.0036494486666666,0.0010347256666666,0.002007628,0.0062438596666666,0.000791913,0.0030872376666666,0.006222532
0.0051445613333333,0.0083899293333333,0.0020015283333333,0.003759353,0.0070491366666666,0.0020834323333333,0.0073994726666666,0.021364083,0.0006515566666666,0.0034964386666666,0.006179759
9.42426666666667e-05,0.000853385,0.0006400903333333,0.0001063103333333,0.00027187,7.51963333333333e-05,0.0007921226666666,0.0002310356666666,3.0698e-05,0.0003981993333333,0.000146777
0.0019275883333333,0.009188281,0.0005448006666666,0.0002312106666666,0.000664156,0.0003299243333333,0.0032240946666666,0.0023150643333333,0.0002631176666666,0.0001590633333333,0.000790097
0.012599448,0.007590417,0.0047734263333333,0.0029148556666666,0.0061050463333333,0.0012377123333333,0.0072603686666666,0.015099477,0.000640521,0.0043538626666666,0.0444014733333333
