0.003280674,0.0006976993333333,0.0004667026666666,8.69793333333333e-05,0.0021497483333333,0.000380038,0.001578666,0.000258169,2.747e-05,0.0005298613333333,0.0019933756666666
0.000812518,0.0097489793333333,0.0012422783333333,0.002238406,0.001192127,0.000707494,0.0036954186666666,0.001143054,0.0007963396666666,0.0018029533333333,0.0026798123333333
0.0005437206666666,0.007403857,0.0012280893333333,0.0029669923333333,0.003269988,0.002733282,0.0007767056666666,0.0018818813333333,0.001009438,0.0018709156666666,0.0046445043333333
0.000434631,0.0017665993333333,0.0001042136666666,0.0021041683333333,0.000242626,0.0001526996666666,0.0007941003333333,0.0002311766666666,8.96526666666667e-05,0.0002033926666666,0.0002069753333333
0.0022842806666666,0.005831704,0.0007925376666666,5.52493333333333e-05,0.0012630673333333,0.0003554203333333,0.001028013,0.000371606,3.22636666666667e-05,0.0017048926666666,0.0015503096666666
0.0008171156666666,0.0031154976666666,0.0005981986666666,0.0005337446666666,0.0013238333333333,0.0018254783333333,0.0005754303333333,3.138e-05,0.000306505,0.0004404656666666,0.0012942516666666
0.0027009216666666,0.0070683956666666,0.0009146363333333,0.0005864943333333,0.0018646236666666,0.0004697866666666,0.0025819846666666,0.0011807696666666,0.0029363836666666,0.0044725816666666,0.006938248
0.0015051003333333,0.0017826766666666,0.003266425,0.0011351933333333,0.0009249873333333,0.000398522,0.006324659,0.0050550653333333,0.0001479883333333,0.00321496,0.0081384146666666
6.66666666666667e-06,0.0,0.0001559223333333,0.0,2.7402e-05,0.0,0.0040907046666666,0.0006023016666666,0.0011077203333333,0.003630062,0.0
0.001128563,0.001659809,0.0003772916666666,0.0001553233333333,0.0004566726666666,0.000571355,0.0159714363333333,0.0011733566666666,0.000956812,0.002133274,0.0065988586666666
0.0094687413333333,0.0099999383333333,0.0048404196666666,0.0026351476666666,0.0021202313333333,0.0039514986666666,0.0160442043333333,0.0166340083333333,0.0001226976666666,0.0062410256666666,0.0208005483333333
