0.004798074,0.002079324,0.00152044,0.0029304026666666,0.0025820323333333,0.0003055393333333,0.013646574,0.0007104393333333,0.0003645661666666,0.0004351286666666,0.0050034336666666
0.0021329313333333,0.0120601366666667,0.0025493653333333,0.0012602126666666,0.00442554,0.001290601,0.008301057,0.00251772,0.000198489,0.001926907,0.0044262303333333
0.0004706376666666,0.008045858,0.0023644586666666,0.0025964636666666,0.0055844053333333,0.0030833206666666,0.00593689,0.0022605903333333,0.0012615203333333,0.0014769743333333,0.00663113
0.0008061326666666,0.003576324,0.000521286,0.00083672,0.000634443,0.000201378,0.0016177543333333,0.000993702,0.0,0.000345066,0.000568626
0.001876265,0.0084960476666666,0.0016867703333333,0.0003725733333333,0.0015008186666666,0.0006232666666666,0.0023595086666666,0.0032423116666666,0.0001396793333333,0.0005797443333333,0.0025506473333333
0.0001511896666666,0.002799439,0.0014057523333333,0.000559799,0.0011280276666666,0.0008832586666666,0.000769582,0.000494359,1.0399e-05,4.49776666666667e-05,0.0012306933333333
0.0018028433333333,0.0127192023333333,0.0046691016666666,0.0029584853333333,0.002594347,0.0009695966666666,0.001803357,0.009771401,0.0013006746666666,0.0028375116666666,0.013808365
0.002045195,0.00622694,0.0043218926666666,0.0021584106666666,0.0055197593333333,0.0019032593333333,0.009326791,0.020864404,0.0014112603333333,0.0022584733333333,0.017520624
0.00099193,0.000165663,0.000297829,2.1035e-05,0.000118195,2.06953333333333e-05,0.0040171043333333,0.009432114,0.0015263296666666,0.004623624,5.64203333333333e-05
0.0013333743333333,0.0016474046666666,0.0009745206666666,0.0004535106666666,0.0006736136666666,0.0003113923333333,0.0023354896666666,0.000989863,0.0005438996666666,0.0006775846666666,0.0011276236666666
0.0080252696666666,0.0101000676666667,0.0087801423333333,0.0025814253333333,0.0059701843333333,0.0021751486666666,0.0161880406666667,0.019299916,0.0003238033333333,0.0040201623333333,0.0309494956666667
