0.0035282733333333,0.0002906313333333,0.0003250243333333,0.000989958,0.0016023196666666,3.57716666666667e-05,0.0008747003333333,0.000654799,5e-06,0.0007069783333333,0.0026853316666666
0.0010481363333333,0.0061373396666666,0.00079797,0.000498536,0.0020621616666666,0.0004884076666666,0.005562693,0.000798447,7.1521e-05,0.0004154123333333,0.0014390333333333
0.000138,0.003697229,0.0003442496666666,0.0018904,0.0032266096666666,0.001926961,0.0006086093333333,0.001877837,0.0008340576666666,0.0006619336666666,0.003818785
0.0001586226666666,0.0011116626666666,6.27493333333333e-05,0.0018063343333333,4.3336e-05,7.67926666666667e-05,0.0002530893333333,0.0002516176666666,3.33333333333333e-06,0.000157128,0.0002184813333333
0.0006229656666666,0.004194854,0.0007486856666666,0.0028968026666666,0.0030938206666666,0.0003448616666666,0.001745141,0.0012408483333333,3.50923333333333e-05,0.0007355526666666,0.001039464
7.8711e-05,0.0022695256666666,0.0010173146666666,0.000267749,0.001251117,8.3901e-05,0.0009341256666666,0.00101671,0.0002204743333333,0.0003778226666666,0.0008293176666666
0.003348429,0.0052044283333333,0.0005028393333333,0.000302217,0.002255739,0.0003347626666666,0.002287615,0.0057684973333333,0.003330096,0.0024272526666666,0.001201981
0.0012463336666666,0.0019555006666666,0.002838958,0.0007689956666666,0.0007787726666666,0.0006458223333333,0.0064870676666666,0.005085604,0.000182586,0.0014797276666666,0.0052645796666666
3.33333333333333e-06,3.33333333333333e-06,7.7768e-05,0.0,2.72633333333333e-05,0.0,0.0035410533333333,2.99573333333333e-05,0.0008394953333333,0.003875611,2.04066666666667e-05
0.000732202,0.0039915916666666,0.0003542376666666,0.0001808116666666,0.0003447563333333,0.0004147696666666,0.0012391546666666,0.0007702846666666,0.0001845133333333,0.0008512166666666,0.0002452216666666
0.0132571903333333,0.005044909,0.0056277473333333,0.001473772,0.0042475606666666,0.0012523786666666,0.0054236056666666,0.012905926,4.99123333333333e-05,0.0028053443333333,0.0195160293333333
