0.0016219633333333,0.0004779956666666,0.001574037,0.0001266156666666,0.001681502,4.5697e-05,0.0009297183333333,0.0007366633333333,0.000960572,0.0005254396666666,0.0056547423333333
0.0011332866666666,0.012330852,0.0009002266666666,0.0004912926666666,0.0061179326666666,0.0006889566666666,0.0046613643333333,0.0011946883333333,3.2099e-05,0.0010794336666666,0.001715031
0.0006696283333333,0.0072354043333333,0.0011464413333333,0.003261184,0.003950876,0.0019969763333333,0.0035132273333333,0.001685367,0.0006634203333333,0.0019462046666666,0.005859314
7.2625e-05,0.0012305346666666,0.00019039,0.0020579963333333,0.0001097036666666,0.000130225,0.0007329526666666,0.000185604,3.33333333333333e-06,0.0001780186666666,0.0002509226666666
0.0004936483333333,0.0098096506666666,0.0018392013333333,2.1307e-05,0.001142331,0.0001639093333333,0.0020139096666666,0.00244477,5.20263333333333e-05,0.0009147666666666,0.0032208886666666
0.00019677,0.001649358,0.0006405226666666,0.0005236426666666,0.0015916206666666,0.0014575463333333,0.0006278296666666,0.0001617423333333,0.0004949533333333,0.000523237,0.0011362006666666
0.0005966096666666,0.011076515,0.002412761,0.000735632,0.0022795793333333,0.000320028,0.0023656696666666,0.0038505443333333,0.0027064536666666,0.0039791046666666,0.0102116483333333
0.00142711,0.0016906393333333,0.003138751,0.000546617,0.002311401,0.000960081,0.008056198,0.0099044613333333,8.67823333333333e-05,0.00242926,0.006553357
6.70933333333333e-05,6.66666666666667e-06,0.000926054,0.0,2.98693333333333e-05,0.0,0.0046528803333333,0.0,0.0009128183333333,0.0045623696666666,7.0228e-05
0.00052833,0.0020757913333333,0.000156436,6.23996666666667e-05,0.0003707666666666,0.0001223723333333,0.0521959133333333,0.0009422496666666,0.0006489736666666,0.0021839943333333,0.0009910656666666
0.007084443,0.006754637,0.0059925823333333,0.0063742006666666,0.0077551416666666,0.001539487,0.017434587,0.0178493126666667,0.0001749546666666,0.0038611696666666,0.0304208423333333
