0.0051171773333333,0.002156189,0.0,0.0052153976666666,0.0031069096666666,0.000275373,0.0,0.001581446,0.0,6.41596666666667e-05,0.004127927
0.0024456223333333,0.0073254673333333,0.0028314083333333,0.0173455093333333,0.0047112336666666,0.0014891896666666,4.27423333333333e-05,0.002731233,3.33333333333333e-06,5.9222e-05,0.0057747103333333
0.0004301676666666,0.008223074,0.0023073166666666,0.0050089663333333,0.0034482303333333,0.0022935076666666,5.82366666666667e-06,0.0023861146666666,0.0012870686666666,2.33333333333333e-05,0.0061763716666666
0.0030031583333333,0.0001706273333333,6.66666666666667e-06,0.0178227893333333,3.33333333333333e-06,7.69433333333333e-06,1e-05,0.0003817443333333,0.0,6.66666666666667e-06,0.006488925
0.001617513,0.0064631843333333,0.0014431366666666,0.0118538273333333,0.0032248356666666,0.0009155776666666,3.34653333333333e-05,0.0025823986666666,3.33333333333333e-06,7.24456666666667e-05,0.0019113633333333
0.0004576296666666,0.00282597,0.0009596463333333,0.002384595,0.0014412593333333,0.0008966916666666,0.0,0.0013850533333333,3.33333333333333e-06,2.54776666666667e-05,0.0010655786666666
0.0022632303333333,0.0011335353333333,0.0019786873333333,0.0217562963333333,0.0001201366666666,8.15266666666667e-05,0.0025375266666666,0.0064913003333333,0.0015236716666666,0.0027420396666666,0.0060073446666666
0.0037461986666666,0.0058527066666666,0.0037217586666666,0.01546338,0.0040587293333333,0.002272877,3.28143333333333e-05,0.014978887,4.3294e-05,0.0005382256666666,0.0128143313333333
0.000246796,2.87923333333333e-05,0.0012668066666666,0.000547905,6.66666666666667e-06,0.000309831,0.003818274,0.001272939,0.002171679,0.0061762786666666,0.000581998
0.001295737,0.0003181106666666,0.0002491193333333,0.007568667,8.07133333333333e-05,0.0003445233333333,0.0025739863333333,0.0016693563333333,0.0003408996666666,0.00059898,0.0010321043333333
0.01249935,0.0064645123333333,0.000792085,0.027838058,0.005616738,0.0030085906666666,3.33333333333333e-06,0.017179768,6.66666666666667e-06,0.000393734,0.0216449343333333
