0.0115844006666667,0.0023315746666666,0.0005295253333333,0.0003787003333333,0.0023782753333333,0.0006571203333333,0.0023735786666666,0.0008936386666666,7.7855e-05,0.0015898046666666,0.005933413
0.0016012023333333,0.0111179773333333,0.0019282376666666,0.0013798853333333,0.005493709,0.001510923,0.0040834856666666,0.001889545,0.000588809,0.0019333906666666,0.0029748843333333
0.0010758896666666,0.009525871,0.0017521783333333,0.001965276,0.001976372,0.002421533,0.0019595,0.0013102426666666,0.0009308533333333,0.0016654796666666,0.0031488403333333
0.0002975266666666,0.0020838583333333,0.0002615773333333,0.0019273966666666,0.0009551116666666,0.0009621633333333,0.00029244,0.000607647,3.33333333333333e-06,0.001264859,0.0009393886666666
0.0016307473333333,0.0115115443333333,0.000938823,0.000596133,0.003835294,0.001531086,0.001329873,0.002047301,0.000155452,0.0022813426666666,0.0028720006666666
0.0029009456666666,0.0033183923333333,0.001130624,0.0005212903333333,0.0019042693333333,0.000511539,0.0003288293333333,0.0009815166666666,0.0002340836666666,0.0011274316666666,0.00132542
0.0043171163333333,0.012052604,0.0014835573333333,0.0004827583333333,0.002706926,0.0020577396666666,0.0003629323333333,0.0048098623333333,0.002052839,0.0056412863333333,0.005359977
0.0038919763333333,0.0043040683333333,0.0020338543333333,0.0024112283333333,0.005230457,0.0019253306666666,0.006523762,0.0193890756666667,0.0002688803333333,0.0020828783333333,0.0126573506666667
3.33333333333333e-06,1e-05,0.0009611266666666,1.06763333333333e-05,4.45423333333333e-05,3.33333333333333e-06,0.0014450196666666,4.56933333333333e-06,0.000993229,0.0030757183333333,3.498e-06
0.0061854373333333,0.0120311206666667,0.0039409946666666,0.003821833,0.0096894873333333,0.003890856,0.0045143346666666,0.005607108,0.000458595,0.0029128256666666,0.014251458
0.009342932,0.010550741,0.0071675373333333,0.003328987,0.0060037066666666,0.0030651673333333,0.0065768503333333,0.0219431716666667,0.0002054506666666,0.004227289,0.0244641183333333
