0.008111808,0.0018231483333333,0.0027296416666666,0.0022550316666666,0.0026161473333333,0.000619083,0.0019955363333333,0.0017325223333333,0.000244602,0.0012066016666666,0.0067560456666666
0.0027505443333333,0.010823259,0.0014369203333333,0.0009924376666666,0.004444744,0.0024250813333333,0.0053956573333333,0.0018943676666666,0.0010438213333333,0.0009437773333333,0.009409494
0.0015406666666666,0.0076498936666666,0.0010163633333333,0.0020643616666666,0.003620826,0.0037049956666666,0.0017875793333333,0.002676322,0.0041898566666666,0.005978087,0.006618584
0.002233859,0.001344277,0.0001804073333333,0.002439918,0.00030055,0.000458236,0.0007550153333333,0.001413366,4.95646666666667e-05,0.000582012,0.0006298216666666
0.0019860063333333,0.0081753363333333,0.0016144523333333,0.0036578213333333,0.0036556346666666,0.000711047,0.001327071,0.001707724,0.0003935776666666,0.002178757,0.0027704366666666
0.00033808,0.0020600986666666,0.0008800806666666,0.000513425,0.0023900736666666,0.0008352736666666,0.00091627,0.000596486,0.000368339,0.0016072546666666,0.002204376
0.0032473486666666,0.0136745786666667,0.0052319513333333,0.001201323,0.0030798823333333,0.0017132573333333,0.002291207,0.0068817536666666,0.0050699083333333,0.002738322,0.0051534413333333
0.0053446163333333,0.0049421146666666,0.0041314493333333,0.0014822826666666,0.004219482,0.0012370786666666,0.008765278,0.0177355683333333,0.000604384,0.0023002883333333,0.0123109903333333
4.84636666666667e-05,5.37083333333333e-05,0.001325652,4.60933333333333e-05,9.80056666666667e-05,6.66666666666667e-06,0.0048376836666666,4.06946666666667e-05,0.001135307,0.004548353,0.000157999
0.0021874143333333,0.005800404,0.000718867,0.0008925526666666,0.0018652823333333,0.0007422006666666,0.0021112236666666,0.0026874966666666,0.0009950623333333,0.001176739,0.0027000663333333
0.0217139036666667,0.0146576516666667,0.0102546016666667,0.0048502186666666,0.012412521,0.0036729426666666,0.006736772,0.02881235,0.001211788,0.0082412426666666,0.0415533533333333
