0.003179256,0.0003889956666666,0.0003694623333333,0.002012362,0.0019267566666666,0.0002558243333333,0.0017962411666666,0.000655906,8.88416666666667e-06,0.0004164806666666,0.0030927006666666
0.0007888296666666,0.007886061,0.0027627766666666,0.0003947626666666,0.003078932,0.0014981243333333,0.0056197733333333,0.0007861543333333,2.89593333333333e-05,0.000848433,0.002037494
0.0003189986666666,0.0036877893333333,0.0010239986666666,0.0011025043333333,0.0032821546666666,0.0009560136666666,0.0009979566666666,0.0025577026666666,0.000812508,0.0013816656666666,0.0042492056666666
0.0010699596666666,0.0009573653333333,7.40196666666667e-05,0.001042887,0.0007909076666666,0.0002958363333333,0.0018343323333333,0.0002301486666666,0.0,0.0002443763333333,0.0003959726666666
0.001566642,0.005815687,0.000778424,0.0003387013333333,0.0004852096666666,0.000704574,0.0013785146666666,0.003120142,0.0001370196666666,0.0011717736666666,0.0014167756666666
9.959e-05,0.0016340363333333,0.000880373,0.0005074823333333,0.0007466223333333,0.000590272,0.0010086323333333,0.0005397853333333,0.0002797476666666,0.0006801216666666,0.0011772033333333
0.0018290923333333,0.0092376176666666,0.000664705,0.0037065163333333,0.0018339853333333,0.0005427293333333,0.0020108783333333,0.006302384,0.002122085,0.0027720766666666,0.115274153333333
0.0023815843333333,0.002037342,0.003191566,0.0012661066666666,0.0033295793333333,0.0011939653333333,0.005921672,0.0106137343333333,0.0003413,0.0027239233333333,0.0093534746666666
4.19366666666667e-06,1.64453333333333e-05,0.000440406,1.0872e-05,0.0011662596666666,1.80286666666667e-05,0.0038363583333333,2.7688e-05,0.0005166583333333,0.003149593,6.66666666666667e-06
0.000751168,0.0016328226666666,0.0011027603333333,0.0003294466666666,0.0006930916666666,0.0003343416666666,0.0037703553333333,0.0008833623333333,0.0001907506666666,9.17573333333333e-05,0.0006638293333333
0.0144690526666667,0.0039305953333333,0.0067973226666666,0.000701583,0.0056560806666666,0.001596535,0.008417581,0.0119528433333333,9.35016666666667e-05,0.004923155,0.017471009
