0.00294569,0.001269796,0.0007101376666666,0.0046835336666666,0.002113607,0.0005391686666666,0.001488151,0.001444731,7.17613333333333e-05,0.0014417423333333,0.0049527746666666
0.003584801,0.0112370203333333,0.0012256403333333,0.0016792886666666,0.0068525733333333,0.0018228286666666,0.006087648,0.001873897,0.000249329,0.001105996,0.0049988156666666
0.001344225,0.008008149,0.0010256703333333,0.0025814283333333,0.0041968493333333,0.002802377,0.001392784,0.0027865993333333,0.0025094326666666,0.0022848023333333,0.006361211
0.0038647316666666,0.001637661,0.000268171,0.002234965,0.000384258,0.000195525,0.0005315523333333,0.000343078,3.44996666666667e-05,0.000136112,0.0007338176666666
0.0025255503333333,0.0118854043333333,0.0011147776666666,0.000294327,0.0066115253333333,0.0011896563333333,0.0021986553333333,0.0033153356666666,0.000443373,0.000567162,0.004004055
0.0005024616666666,0.0025992956666666,0.0006374046666666,0.000682509,0.001706691,0.0014168396666666,0.001278417,0.0006621963333333,0.0003939043333333,0.000479706,0.001908393
0.0049898496666666,0.0128903553333333,0.0017402906666666,0.001362884,0.0034337003333333,0.000816331,0.0015949766666666,0.0048898313333333,0.0027713103333333,0.0037420596666666,0.012060116
0.0031037143333333,0.003577913,0.0044020983333333,0.0024337396666666,0.004019742,0.0011152953333333,0.0095274683333333,0.016272354,0.000225837,0.0028646353333333,0.0101871066666667
1e-05,4.23663333333333e-05,0.0015254096666666,2.0871e-05,5.19536666666667e-05,1e-05,0.0051098,1.83333333333333e-05,0.0013063593333333,0.0042733183333333,0.000476781
0.0013133066666666,0.0029395523333333,0.0007841493333333,0.000497465,0.0013853743333333,0.0014053603333333,0.004916549,0.0018798073333333,0.0007336816666666,0.0004193313333333,0.0020410616666666
0.0145146973333333,0.0115076536666667,0.0073647663333333,0.0034350253333333,0.009492605,0.0030547226666666,0.0150903546666667,0.0249248273333333,0.0012790533333333,0.0038016116666666,0.0386019333333333
