0.0037246126666666,0.00353416,1e-05,0.009387881,0.0045307253333333,0.0014147376666666,3.33333333333333e-06,0.002242871,1e-05,7.5858e-05,0.0069495283333333
0.0045244616666666,0.017099698,0.0136795996666667,0.0042956353333333,0.007297658,0.002297381,4.77853333333333e-05,0.0075430023333333,6.66666666666667e-06,0.000591756,0.0093715706666666
0.000426574,0.0005903683333333,0.0050913386666666,0.003264377,0.006759926,0.0022795666666666,0.0,0.0002721413333333,0.0111903296666667,6.73226666666667e-05,0.002741536
0.0062089456666666,8.95873333333333e-05,0.0001136293333333,0.0197811483333333,6.66666666666667e-06,1e-05,0.0,0.001239913,0.0,1.66666666666667e-05,0.007633701
0.0023085663333333,0.016571621,0.019096133,0.003140888,0.0043709006666666,0.00358677,2.14033333333333e-05,0.009740162,3.33333333333333e-06,3.62453333333333e-05,0.0054389123333333
0.0010879633333333,0.0032887533333333,0.0030023896666666,0.0009713236666666,0.0022110193333333,0.0011824516666666,0.0,0.0018303213333333,5.21466666666667e-06,2.5499e-05,0.0022276056666666
0.0038060533333333,0.000207506,9.641e-06,0.0032420916666666,1.5049e-05,6.198e-06,0.0023784206666666,0.0003208836666666,0.0350089866666667,0.003430582,0.0041336733333333
0.0084507383333333,0.0133829466666667,0.022361349,0.0077074256666666,0.00690784,0.003653698,2.2176e-05,0.0352183433333333,1e-05,0.0008081796666666,0.0210585626666667
4.73786666666667e-05,1.0531e-05,3.33333333333333e-06,0.0004827943333333,0.0,0.0,0.0010163966666666,4.33786666666667e-05,0.0082033973333333,0.0057167606666666,0.0010374306666666
0.001468883,0.000133758,2.80196666666667e-05,0.00085942,3.33333333333333e-06,0.0001052926666666,0.00166728,5.28716666666667e-05,0.0136180073333333,0.002734812,0.0019635916666666
0.0137202453333333,0.0151061126666667,0.000533768,0.0330296376666667,0.003994862,0.003883426,0.0,0.021834832,3.33333333333333e-06,0.000416796,0.030670169
