0.0041501476666666,0.000649588,0.000441576,0.0001445313333333,0.0015295666666666,0.000281821,0.0024560666666666,0.000527759,8.54666666666667e-06,0.00064418,0.0040837276666666
0.0019289473333333,0.015223706,0.0007491376666666,0.0042883013333333,0.0068940443333333,0.0025396513333333,0.002994651,0.000800578,0.0007583743333333,0.0005485883333333,0.0058899583333333
0.0006011843333333,0.006467341,0.0017760026666666,0.0023726726666666,0.0031074456666666,0.0020089753333333,0.0012373353333333,0.0012145833333333,0.001478484,0.0024948623333333,0.0056219443333333
0.000105338,0.001762052,0.0001701016666666,0.0016464853333333,0.0009572786666666,0.0013874066666666,0.000411926,0.000590221,3.33333333333333e-06,5.73903333333333e-05,0.000790676
0.000752199,0.0036114943333333,0.0005934543333333,4.8223e-05,0.0011680086666666,0.0007016556666666,0.002100494,0.0005407553333333,1.83e-05,0.002057682,0.0042551096666666
0.0003053663333333,0.0013067203333333,0.0003800206666666,0.0003079236666666,0.0015796476666666,0.0015850776666666,0.000527354,9.575e-05,0.00014176,0.0002668493333333,0.0014767423333333
0.0013897633333333,0.0113981546666667,0.0012742703333333,0.0004443756666666,0.0008854636666666,0.0011090743333333,0.00055952,0.0033056283333333,0.0026515546666666,0.0020113026666666,0.0073824556666666
0.0020726443333333,0.002583287,0.0028009673333333,0.0008648653333333,0.002134191,0.0004708393333333,0.0067231753333333,0.009069382,9.53616666666667e-05,0.0014338926666666,0.0063329896666666
6.66666666666667e-06,3.33333333333333e-06,0.0012650633333333,4.49733333333333e-06,1.78366666666667e-05,0.0,0.004548338,6.66666666666667e-06,0.0009401686666666,0.0048598056666666,1.9084e-05
0.0008017543333333,0.0062352753333333,0.000230506,0.000212528,0.0004809546666666,0.0002630013333333,0.0010795553333333,0.0003912663333333,0.0011694603333333,0.0007574203333333,0.000280276
0.012250573,0.006496059,0.0059179936666666,0.0021449653333333,0.005268044,0.0021614863333333,0.0094994416666666,0.0210674993333333,0.000160574,0.0029215693333333,0.018323724
