0.002596663,0.0003750513333333,0.000488746,9.2798e-05,0.0026396173333333,3.71733333333333e-05,0.0013523738333333,0.0007516486666666,3.55568333333333e-05,0.001063157,0.003444941
0.000692458,0.010327648,0.0005944443333333,0.000634882,0.001808394,0.0020410623333333,0.0031868283333333,0.0012479146666666,0.000603224,0.0010167476666666,0.0013063953333333
0.0032108933333333,0.010856454,0.0003594866666666,0.0017090153333333,0.0025634316666666,0.0013877823333333,0.0004616946666666,0.0009910353333333,0.0006900973333333,0.0011244136666666,0.0057248586666666
0.0005334923333333,0.002124205,8.13103333333333e-05,0.0016562236666666,0.0001889996666666,0.0001228796666666,0.000737485,0.0004519883333333,0.0,0.000122549,0.0002428276666666
0.0009094563333333,0.005744903,0.0016421183333333,7.8861e-05,0.001979879,0.0001655623333333,0.0015197916666666,0.001426725,9.72733333333333e-06,0.0008640916666666,0.0013449696666666
0.0004574973333333,0.001339506,0.00057485,0.0004517836666666,0.0013636636666666,0.0007515293333333,0.0006933086666666,0.000232157,0.000293406,0.000266301,0.0008667856666666
0.0045275456666666,0.0140380333333333,0.0008340793333333,0.0010987746666666,0.0007823996666666,0.000451148,0.0021657903333333,0.003204117,0.0024397343333333,0.0021207446666666,0.0093225766666666
0.0016236966666666,0.0032050526666666,0.0025713166666666,0.0002035326666666,0.0018080633333333,0.0003594496666666,0.0114099733333333,0.0095324406666666,7.13496666666667e-05,0.0017444443333333,0.0048174623333333
3.33333333333333e-06,3.33333333333333e-06,0.0002415863333333,0.0,2.83213333333333e-05,6.66666666666667e-06,0.004410992,7.3936e-05,0.001243052,0.0055325443333333,3.33333333333333e-06
0.0008088573333333,0.0024033263333333,0.0002101466666666,0.0001501686666666,0.0003790053333333,0.0002011683333333,0.001358961,0.0026146033333333,0.0003503343333333,0.0003105666666666,0.0004809866666666
0.0155737506666667,0.0075379876666666,0.006331179,0.003677246,0.0031177803333333,0.001544019,0.013176293,0.014267481,9.6525e-05,0.0030795843333333,0.0269471256666667
