0.0049785603333333,0.0044650713333333,0.001080801,0.000546836,0.003151526,0.0010142576666666,0.0018262226666666,0.001398738,0.0002356073333333,0.0011139676666666,0.0059084723333333
0.0013010143333333,0.009358845,0.0012640576666666,0.000955141,0.0051045183333333,0.001821605,0.0042996263333333,0.000755056,0.00033391,0.001190545,0.0017577483333333
0.0024931203333333,0.006715537,0.000980681,0.0019605893333333,0.004636311,0.0008869823333333,0.0026468543333333,0.0015249553333333,0.0009382556666666,0.0055562736666666,0.005532028
0.001168556,0.005140944,0.000406218,0.003000797,0.0011912063333333,0.0005283346666666,0.0129199086666667,0.000735662,0.0006077473333333,0.0003695543333333,0.0008857946666666
0.0042011466666666,0.012624182,0.0020394623333333,0.001929904,0.0047045623333333,0.0018582513333333,0.0105959406666667,0.0048569866666666,0.000405626,0.0012906616666666,0.0043840763333333
0.000919108,0.0034588823333333,0.0016542683333333,0.0007287866666666,0.002083658,0.001164458,0.0009870783333333,0.0007338416666666,0.000186252,0.0003656493333333,0.0019136446666666
0.0016915346666666,0.010596544,0.0027343466666666,0.0024756903333333,0.006472786,0.0011820283333333,0.0020380423333333,0.0059429223333333,0.001075919,0.002934803,0.00718242
0.0041839183333333,0.011233415,0.004020417,0.003221164,0.005156445,0.0028833776666666,0.0093137643333333,0.0193081646666667,0.0015051323333333,0.0042543376666666,0.0174943436666667
0.0002109303333333,0.0006622113333333,0.0003161493333333,0.000294004,0.0001842843333333,8.8372e-05,0.0043749213333333,0.0003909393333333,0.0017854806666666,0.0095373893333333,0.000240164
0.001071718,0.0063360186666666,0.0010164596666666,0.0007519496666666,0.0014779766666666,0.0005806536666666,0.0035109243333333,0.002377558,0.0012099076666666,0.000226731,0.0014795146666666
0.0163011576666667,0.014729143,0.0052658823333333,0.003852167,0.00420563,0.0020043843333333,0.010550339,0.0239060763333333,0.000413928,0.0045798243333333,0.0305361273333333
