0.0031687903333333,0.0036438486666666,2.6006e-05,0.006933588,0.0025824196666666,0.000553253,1.30036666666667e-05,0.0022329436666666,3.33333333333333e-06,7.42446666666667e-05,0.0037804763333333
0.0032855193333333,0.0090610636666666,0.00230035,0.0155878036666667,0.007553352,0.0019406626666666,0.262750906666667,0.005358303,0.0,5.9142e-05,0.0049267316666666
0.0007993973333333,0.0062986096666666,0.0022476576666666,0.0053818763333333,0.0039465086666666,0.0029414,2.23333333333333e-05,0.0023586273333333,0.001071482,4.63433333333333e-05,0.0044979583333333
0.0061809163333333,4.78376666666667e-05,3.33333333333333e-06,0.0187571826666667,6.66666666666667e-06,3.33333333333333e-06,4.698e-06,0.0008340326666666,0.0,1.7924e-05,0.0088067086666666
0.0018893223333333,0.0110623443333333,0.0015505643333333,0.0077593426666666,0.0037714203333333,0.0024822113333333,3.33333333333333e-06,0.009831893,6.67333333333333e-06,0.0001374113333333,0.0040517603333333
0.00059375,0.0026142093333333,0.0009550176666666,0.0017800746666666,0.0019704836666666,0.0010258506666666,3.33333333333333e-06,0.0009408613333333,0.0,1.73776666666667e-05,0.0016993296666666
0.0043192126666666,0.0019646146666666,0.0031248483333333,0.017461746,0.0002424526666666,2.78236666666667e-05,0.0015359603333333,0.008882165,0.001727581,0.0024596903333333,0.0076053506666666
0.0041131706666666,0.0082325596666666,0.0047524126666666,0.0172949456666667,0.0063123076666666,0.0014825406666666,0.0001440633333333,0.0251953993333333,3.33333333333333e-06,0.000458024,0.011829582
0.00010559,4.3733e-05,0.0003693953333333,0.0004992393333333,3.33333333333333e-06,2.4375e-05,0.003865129,0.0013678206666666,0.0014634666666666,0.0056584393333333,1.66666666666667e-05
0.0010381396666666,0.000391207,0.0005599586666666,0.0044518196666666,5.23326666666667e-05,0.000638391,0.0024372166666666,0.0015379093333333,0.0012440466666666,0.0007883356666666,0.001936416
0.017476161,0.0099348203333333,0.000925573,0.02932394,0.0064019146666666,0.0027684533333333,2.0055e-05,0.017153017,2.1804e-05,0.0007050316666666,0.0307927173333333
