0.0025949506666666,0.0003868656666666,0.000587617,4.85436666666667e-05,0.0022563336666666,4.75216666666667e-05,0.002219628,0.000354564,8.33333333333333e-06,0.0003586326666666,0.007735255
0.0004337833333333,0.0108901713333333,0.000494473,0.0004515993333333,0.003179033,0.00062846,0.004466812,0.002246623,0.0001076913333333,0.0008864503333333,0.0017317383333333
0.0004232053333333,0.0072889373333333,0.0009643446666666,0.0021745993333333,0.003066495,0.0028790383333333,0.0021140216666666,0.00159432,0.0006188126666666,0.001133422,0.0043978326666666
0.0002211276666666,0.0011617573333333,0.0001013573333333,0.001943496,0.0007700396666666,0.0006960713333333,0.000501614,0.0004731203333333,0.0,0.0001006363333333,0.000133419
0.000498256,0.005627645,0.0007111566666666,0.0027834916666666,0.001968657,0.000387172,0.0011778246666666,0.0023045373333333,0.0004633413333333,0.00094965,0.0011586366666666
0.0001683763333333,0.0024985053333333,0.0022850213333333,0.000303943,0.0010242376666666,0.0008052136666666,0.0006287743333333,0.0006279596666666,0.0002636016666666,0.0010303226666666,0.0026915033333333
0.001597786,0.010797421,0.000547122,0.0020389546666666,0.0020509463333333,0.000223484,0.0031058403333333,0.0070719803333333,0.0026613796666666,0.00225346,0.0028388933333333
0.0009190046666666,0.002217536,0.003440789,0.0003358623333333,0.003218957,0.000557304,0.0089805676666666,0.0126922756666667,0.0002397503333333,0.002880198,0.006265359
3.33333333333333e-06,2.2403e-05,0.0001934016666666,0.0,3.2265e-05,0.0,0.0040560396666666,2.9123e-05,0.0010014443333333,0.004420439,3.33333333333333e-06
0.000886954,0.0053535523333333,0.0002363453333333,9.6881e-05,0.0011945303333333,0.0003578523333333,0.0019389193333333,0.0016544006666666,0.0004503456666666,0.0005541863333333,0.0007927393333333
0.008843174,0.008814974,0.0054118023333333,0.0025182216666666,0.0032557196666666,0.0019785926666666,0.0106794586666667,0.0150156076666667,0.000807487,0.002546369,0.0353356866666667
