0.003280544,0.0023930126666666,0.0008153243333333,0.0002889663333333,0.0016977176666666,0.0003308003333333,0.0025544346666666,0.0010624673333333,4.9601e-05,0.0007153586666666,0.002728906
0.0038935406666666,0.011107494,0.0013794556666666,0.0041213146666666,0.004579832,0.0011286683333333,0.005053022,0.0021184993333333,0.000151577,0.001497896,0.002682077
0.000729542,0.007543084,0.0020710573333333,0.003109729,0.003196143,0.002440372,0.0021399956666666,0.001638656,0.0011112173333333,0.0037546203333333,0.00552646
0.0002469483333333,0.0017066496666666,0.0001607943333333,0.002133779,0.0004816713333333,0.0003549186666666,0.0004406706666666,0.0001931003333333,0.000475308,0.0003194046666666,0.0007691916666666
0.001672074,0.0089329333333333,0.000902265,0.000145483,0.000481428,0.0005476653333333,0.002329207,0.0023986093333333,0.0004929066666666,0.0033191916666666,0.0030700583333333
0.0004802223333333,0.0014427773333333,0.0007364383333333,0.0005689583333333,0.003089765,0.0019753976666666,0.0007110656666666,0.00047121,0.0002891613333333,0.000454551,0.001545373
0.0027296766666666,0.0069511826666666,0.0017224593333333,0.000597642,0.0017154786666666,0.00057049,0.0021171096666666,0.004161659,0.0032360063333333,0.0058012076666666,0.0100052796666667
0.0035076016666666,0.0027222383333333,0.0032394756666666,0.0015556243333333,0.002627198,0.001037035,0.007303352,0.0085935993333333,0.0004202486666666,0.0034733613333333,0.006534662
2.818e-05,0.0,0.0004946546666666,0.0,1.35706666666667e-05,0.0,0.006362431,2.73703333333333e-05,0.001184567,0.005199148,0.0
0.0010117453333333,0.001077991,0.0004432526666666,0.0003912503333333,0.00028404,0.0001017473333333,0.03457349,0.000752874,0.002371698,0.002233268,0.0006895213333333
0.01147372,0.0096363066666666,0.0084922806666666,0.0037894343333333,0.0035812476666666,0.005740208,0.015970854,0.024477582,0.0001230606666666,0.0051255753333333,0.026408612
