0.002911311,0.0011969876666666,0.0003397616666666,0.004563874,0.0015753166666666,5.4561e-05,0.0029183376666666,0.0008072793333333,0.0001625716666666,0.0007672676666666,0.0043060026666666
0.0006637543333333,0.010786745,0.002480436,0.001062661,0.005178745,0.0010361263333333,0.010135738,0.008777824,0.000103371,0.0008820673333333,0.00205539
0.0003929933333333,0.0068571573333333,0.001638045,0.0025011653333333,0.0037883466666666,0.001876269,0.0020621776666666,0.002428127,0.001605812,0.0025727963333333,0.004406326
0.0003804736666666,0.0030569726666666,0.000139661,0.0003821343333333,9.98343333333333e-05,0.000117111,0.0006388226666666,0.000657704,0.0,0.0005703406666666,0.0004336463333333
0.0038080043333333,0.0103999913333333,0.0007064056666666,0.0001999876666666,0.001047449,0.000730151,0.0040015766666666,0.0039822056666666,0.0001748083333333,0.0010085473333333,0.0034254093333333
0.0001953186666666,0.0032021273333333,0.0005490703333333,0.0003566173333333,0.0015205173333333,0.001080985,0.0014110636666666,0.000918573,2.2655e-05,0.000123523,0.0011494113333333
0.0015417853333333,0.0143682996666667,0.0013978643333333,0.0010144593333333,0.0028196086666666,0.000582052,0.0022596816666666,0.012560621,0.001018498,0.0056801696666666,0.0117909193333333
0.001665402,0.007020658,0.0035982276666666,0.0013684043333333,0.00391677,0.0012045433333333,0.013720284,0.0228464733333333,0.0004932266666666,0.004528906,0.006823785
0.00094142,0.0001058696666666,0.0010138436666666,5.30933333333333e-06,2.3728e-05,0.0,0.0049228676666666,0.0010620746666666,0.0013532596666666,0.0045238673333333,0.0
0.000942464,0.0020554456666666,0.000316221,0.000392611,0.000570937,0.0002798836666666,0.0026073636666666,0.0017372683333333,0.0004897446666666,0.000758141,0.0005653246666666
0.0071103586666666,0.007965759,0.005309849,0.0031794113333333,0.0058434413333333,0.0025809273333333,0.017345731,0.0132453566666667,0.0003061303333333,0.0039968683333333,0.030979721
