0.0036746566666666,0.0006943203333333,0.000611979,3.69033333333333e-05,0.0018904553333333,9.4552e-05,0.002550415,0.0003867496666666,0.0001319593333333,0.000433867,0.0054857203333333
0.0006406293333333,0.01504303,0.0021005763333333,0.0020685626666666,0.0047320676666666,0.0004198106666666,0.0069678876666666,0.001107041,1.3692e-05,0.000877834,0.001535778
0.000336769,0.0062736123333333,0.0017637726666666,0.001968868,0.0040297256666666,0.0029318603333333,0.0009825483333333,0.0024916363333333,0.0004846693333333,0.002791219,0.0043147876666666
0.000388719,0.0011542513333333,0.0001679663333333,0.0002835796666666,0.0002022713333333,5.82066666666667e-05,0.00167047,0.0001752176666666,0.0,0.0001174443333333,0.0006176616666666
0.012237587,0.008267431,0.0006242663333333,0.0001562416666666,0.007614427,0.000233392,0.004250112,0.0027379776666666,1.4109e-05,0.0022966186666666,0.0010166903333333
0.0002364206666666,0.0028085496666666,0.000909786,0.0004495636666666,0.001037782,0.000573884,0.0007352406666666,0.0002237653333333,0.0,0.0003142983333333,0.0005529116666666
0.0008411836666666,0.017823054,0.0008614893333333,0.0020646733333333,0.002429497,0.0004433133333333,0.0014378206666666,0.0056402463333333,0.001529898,0.004786364,0.011540188
0.0027293863333333,0.0069688313333333,0.0032162123333333,0.000930002,0.0023921466666666,0.0008898756666666,0.0106509506666667,0.0111275763333333,0.0001777016666666,0.002688948,0.005432813
1.07136666666667e-05,0.0002095886666666,0.0001698563333333,3.33333333333333e-06,3.67646666666667e-05,0.0,0.004422462,3.59266666666667e-05,0.000372578,0.0028520463333333,3.33333333333333e-06
0.0013119863333333,0.0038665103333333,0.0001206603333333,0.0001099273333333,0.000524678,0.0003117556666666,0.0030648206666666,0.000745235,0.00028917,0.0007748086666666,0.000540083
0.01436787,0.0088931573333333,0.006531032,0.0021405016666666,0.0033879876666666,0.0024953906666666,0.0157690783333333,0.0114313116666667,0.000284504,0.0038613386666666,0.0345147066666667
