0.004148112,0.0011122966666666,0.000546143,0.0004335203333333,0.0019661863333333,0.0004602726666666,0.0024348546666666,0.0007402183333333,0.0002676253333333,0.0005874186666666,0.004563445
0.0024686826666666,0.0171888216666667,0.0012607456666666,0.000972324,0.0047717343333333,0.0015615166666666,0.0034397426666666,0.0013142953333333,0.0003197723333333,0.000685496,0.0050594956666666
0.0009944113333333,0.007273322,0.0015765533333333,0.0026473086666666,0.0036789003333333,0.0028166363333333,0.0015671626666666,0.001359154,0.002402777,0.0027794026666666,0.0057905326666666
0.000466916,0.0023717776666666,0.000203136,0.0022855063333333,0.0009576393333333,0.0003231133333333,0.000925303,0.0007119153333333,4.59366666666667e-05,0.0001851616666666,0.000572056
0.0032538796666666,0.0080649013333333,0.00111242,0.000428269,0.006722064,0.0006068063333333,0.0033109113333333,0.0026462433333333,0.0006506773333333,0.0022289326666666,0.0027203986666666
0.000296786,0.0019319826666666,0.0005637893333333,0.000601108,0.0018716453333333,0.001847166,0.0006351016666666,0.000263684,0.000317636,0.000452482,0.0014884
0.0134813166666667,0.011969996,0.0032651913333333,0.0027855286666666,0.0027065396666666,0.0010242646666666,0.001552799,0.0039887123333333,0.0029342133333333,0.0023191893333333,0.0144680183333333
0.003885085,0.0052524436666666,0.003841755,0.0011204373333333,0.003164293,0.0013234406666666,0.0092959323333333,0.0175938226666667,0.0016793646666666,0.002927191,0.008475478
3.92066666666667e-05,6.66666666666667e-06,0.0004551576666666,4.0258e-05,3.43773333333333e-05,1.07296666666667e-05,0.004100427,6.66666666666667e-06,0.0012500416666666,0.0055048346666666,2.8984e-05
0.0021831023333333,0.0021751943333333,0.001070779,0.0010313653333333,0.001357061,0.0004072346666666,0.001799679,0.0024712756666666,0.0013779126666666,0.0008541636666666,0.0022407256666666
0.0163261916666667,0.0146562823333333,0.008644713,0.0016765663333333,0.005977485,0.003311795,0.015684741,0.024138743,0.002001191,0.0051022316666666,0.030413005
