0.0033460923333333,0.002684462,0.0011970906666666,0.0054399176666666,0.0024565523333333,0.0007377416666666,0.0030333411666666,0.0012117663333333,0.0002505875,0.000962865,0.0067239553333333
0.0031593883333333,0.016202014,0.0044606006666666,0.001363162,0.0062340366666666,0.0041715723333333,0.0074499983333333,0.0033992646666666,0.0002946643333333,0.0012104113333333,0.004094428
0.0009363243333333,0.018437064,0.001441498,0.0029079523333333,0.003400977,0.0042900926666666,0.002908357,0.0042056066666666,0.0015835796666666,0.001584396,0.0056100393333333
0.003351811,0.0032413326666666,0.0003645426666666,0.0012429236666666,0.0003126666666666,0.000438488,0.000769288,0.000560213,5.29286666666667e-05,0.0004368956666666,0.0006505933333333
0.002897098,0.0167831576666667,0.0017709806666666,0.0004624196666666,0.0051171623333333,0.0015695796666666,0.005318176,0.003265561,0.0002792246666666,0.004571269,0.003060161
0.0005040343333333,0.003475801,0.000555826,0.000488568,0.0021138443333333,0.001340041,0.0006294493333333,0.0006679026666666,3.65713333333333e-05,0.0001612993333333,0.0024697126666666
0.0036922996666666,0.0183146183333333,0.0035420256666666,0.00193586,0.0054622776666666,0.001609717,0.0013774586666666,0.0133868313333333,0.0017667973333333,0.007334077,0.0149063356666667
0.005111424,0.0088157776666666,0.0050848733333333,0.00172988,0.0062007036666666,0.0026317676666666,0.0090650683333333,0.027533289,0.0008216986666666,0.0040530803333333,0.0138096926666667
0.0004660056666666,0.0012326593333333,0.0007688973333333,0.0001057606666666,0.0001332213333333,7.92276666666667e-05,0.0052848533333333,0.000160666,0.0028517766666666,0.005358798,0.000129879
0.001533477,0.0032635613333333,0.0006245643333333,0.000901502,0.001652613,0.0006274703333333,0.0043803183333333,0.0028094703333333,0.0017538376666666,0.000648917,0.0022135316666666
0.0152660356666667,0.012341395,0.0082250833333333,0.0033681433333333,0.0088570646666666,0.002958401,0.0162469776666667,0.0217842493333333,0.002362359,0.0055977733333333,0.0404724833333333
