0.0010378923333333,0.0018270286666666,0.0003671473333333,0.0014959606666666,0.000923395,0.0002725963333333,0.0004086526666666,0.00176438,9.82513333333333e-05,0.0005844456666666,0.0052996133333333
0.0008949456666666,0.0054694673333333,0.0027776926666666,0.0007060896666666,0.002643819,0.000310251,0.0010746476666666,0.0006962813333333,0.0002216353333333,0.0007785376666666,0.0034393896666666
0.0005735823333333,0.0059691546666666,0.002030633,0.0017827033333333,0.0050640046666666,0.002043571,0.00041408,0.0024565986666666,0.001090955,0.0012213616666666,0.006527704
0.0003119903333333,0.0030905833333333,0.000405492,0.0009976946666666,0.001090229,0.0003106903333333,0.0003345413333333,0.000631917,0.00011059,0.00010564,0.0006186193333333
0.001545261,0.0087838343333333,0.0016520673333333,0.000521544,0.0080692186666666,0.001090606,0.0008994856666666,0.0027115796666666,0.00014028,0.0014493023333333,0.0047229053333333
0.000523682,0.0048555526666666,0.0009225036666666,0.0003599403333333,0.0011075913333333,0.000767899,0.0002833033333333,0.000711243,0.0001963183333333,0.0002882216666666,0.0019393013333333
0.0012682746666666,0.0081597656666666,0.0006423873333333,0.0008350893333333,0.0030740306666666,0.0013836663333333,0.0018992436666666,0.0054008976666666,0.00096003,0.0023178183333333,0.004658299
0.0026156643333333,0.0096235623333333,0.0038982903333333,0.0027618103333333,0.0050376276666666,0.0021681003333333,0.0043262583333333,0.0159958873333333,0.0006040706666666,0.0027955726666666,0.0084393173333333
5.91316666666667e-05,0.000612104,0.0011330086666666,2.26763333333333e-05,0.00014835,7.0979e-05,0.0046165493333333,0.000112869,0.0020805746666666,0.0069000646666666,4.88863333333333e-05
0.0012881043333333,0.0081360626666666,0.0007532863333333,0.0008845216666666,0.002180269,0.0005078796666666,0.001896707,0.002294495,0.00084688,0.0006036953333333,0.001102527
0.013883798,0.009722012,0.0058842426666666,0.001590509,0.00388133,0.0021587306666666,0.0065918686666666,0.01719896,0.0004456133333333,0.002973925,0.0253243823333333
