0.0035154623333333,0.005717561,3.33333333333333e-06,0.006439286,0.004124104,0.0007044166666666,0.0,0.0037967606666666,0.0,7.602e-05,0.005837697
0.0040037356666666,0.014389434,0.0041833636666666,0.015428875,0.0063537366666666,0.002092289,5.27163333333333e-05,0.0065728446666666,3.212e-05,0.000353542,0.006058279
0.001564311,0.0091370186666666,0.0019973676666666,0.005328301,0.0035261666666666,0.0017579723333333,9.48366666666667e-06,0.002976681,0.0014172903333333,0.0019177516666666,0.0045718406666666
0.0076619993333333,0.0001615633333333,0.0,0.0237979313333333,0.0,0.0,1.55053333333333e-05,0.0014966393333333,3.33333333333333e-06,3.39823333333333e-05,0.01727908
0.0039192893333333,0.0116471353333333,0.0022647406666666,0.0074394866666666,0.0059953293333333,0.001345298,0.0,0.005734621,2.6205e-05,9.12363333333333e-05,0.0040610406666666
0.0008668323333333,0.0045825503333333,0.0028063276666666,0.003077778,0.002193597,0.00062059,3.33333333333333e-06,0.0013360433333333,3.33333333333333e-06,2.1593e-05,0.0032262156666666
0.0063033786666666,0.0006908406666666,0.00339328,0.0326115693333333,2.03366666666667e-05,0.000116561,0.0027222366666666,0.011328173,0.0020639913333333,0.004275834,0.016079442
0.0081428873333333,0.0135102496666667,0.003664,0.0212103963333333,0.0080898893333333,0.0027714896666666,4.55993333333333e-05,0.0391046233333333,3.33333333333333e-06,0.0007167563333333,0.024638501
2.82026666666667e-05,3.33333333333333e-06,0.0004304586666666,0.0010219,0.0,4.8842e-05,0.007284184,0.0001281763333333,0.002862027,0.0080514553333333,6.15266666666667e-05
0.0010277993333333,8.9229e-05,0.0020546586666666,0.005423841,2.10303333333333e-05,0.000741046,0.006763054,0.0019577586666666,0.0016338423333333,0.000714632,0.0013653166666666
0.0159834033333333,0.0170391003333333,0.0012694276666666,0.0282290076666667,0.004727615,0.0027944006666666,1.33333333333333e-05,0.027508547,2.00546666666667e-05,0.0003755876666666,0.025972935
