0.0087986423333333,0.0014149776666666,0.0006868356666666,0.0004553756666666,0.001738303,0.0006096006666666,0.001900107,0.000633067,0.0001018993333333,0.000638897,0.0085575173333333
0.001878974,0.015892611,0.0010573846666666,0.000882141,0.005723393,0.0027343376666666,0.005183642,0.0028606043333333,0.000797064,0.0004971883333333,0.0045188576666666
0.001055492,0.0093366263333333,0.0021688826666666,0.0024072816666666,0.0037400503333333,0.0048874606666666,0.0008302176666666,0.001804135,0.0014060806666666,0.0011980326666666,0.0051797996666666
0.0025826193333333,0.00273684,0.000669502,0.001439678,0.00035273,0.0002013283333333,0.0005025626666666,0.0008341776666666,3.38473333333333e-05,0.0001086053333333,0.0016849456666666
0.002654598,0.0078406756666666,0.0012708113333333,0.003052565,0.0028570836666666,0.0008859613333333,0.0013137543333333,0.0014093296666666,8.4153e-05,0.0011362526666666,0.0043525456666666
0.0003276246666666,0.003332008,0.0011022966666666,0.000516326,0.0014991043333333,0.001105867,0.0004042663333333,0.0015190566666666,0.000224531,0.000430464,0.001370778
0.003394477,0.0175090406666667,0.0013003076666666,0.000856072,0.0021091986666666,0.0007956486666666,0.0015961426666666,0.0071884753333333,0.0013577873333333,0.005867537,0.004105293
0.0050815046666666,0.002588653,0.0031920103333333,0.0010973026666666,0.004123469,0.0014359526666666,0.008736944,0.011362116,0.0001602766666666,0.0015975746666666,0.0191288736666667
4.8477e-05,3.33333333333333e-06,0.0005033966666666,3.05223333333333e-05,6.90423333333333e-05,0.0,0.0035219446666666,7.48276666666667e-05,0.0006731433333333,0.0029163693333333,3.52376666666667e-05
0.001640855,0.006292238,0.0004795473333333,0.0004380343333333,0.0017695753333333,0.0004001586666666,0.003278781,0.0016218583333333,0.0005303616666666,0.0008707746666666,0.0032670206666666
0.0138688936666667,0.0120218686666667,0.0053837783333333,0.0047799433333333,0.0072820713333333,0.0039918116666666,0.0079251406666666,0.0245415033333333,0.0002383633333333,0.0053387793333333,0.0522880533333333
