0.0057258703333333,0.002491241,3.33333333333333e-06,0.0082542086666666,0.0028865836666666,0.0005640746666666,0.0,0.0016215143333333,3.33333333333333e-06,6.66666666666667e-06,0.0049329203333333
0.0035905306666666,0.0045961623333333,0.0016467666666666,0.0107738236666667,0.0061229873333333,0.002013467,6.66666666666667e-06,0.0119927026666667,0.0,0.0003136273333333,0.0058747246666666
0.000842363,0.0036431596666666,0.001286274,0.0034064506666666,0.0039396503333333,0.0009893806666666,0.0,0.0040874383333333,0.0010562813333333,0.0001146746666666,0.005307401
0.004701879,2.72863333333333e-05,2.61266666666667e-05,0.0159740693333333,1.66666666666667e-05,0.0,0.0,0.001190985,0.0,2.65423333333333e-05,0.0123500236666667
0.0027624226666666,0.016625619,0.0012130543333333,0.0072427906666666,0.0034966543333333,0.0028736656666666,1.04493333333333e-05,0.0120978916666667,1.08123333333333e-05,0.0002749593333333,0.0060662836666666
0.0010345933333333,0.0031757673333333,0.0010543456666666,0.001474785,0.001336274,0.0029655156666666,1.6218e-05,0.002479924,3.33333333333333e-06,1.73663333333333e-05,0.001408005
0.003875642,0.0005582863333333,0.002784821,0.0167735303333333,2.49503333333333e-05,1.75863333333333e-05,0.0010591353333333,0.0115809263333333,0.0015037773333333,0.0035326546666666,0.0099755083333333
0.004352158,0.0117201813333333,0.005156446,0.0180725596666667,0.0074276296666666,0.002769432,0.0002042053333333,0.03065987,3.33333333333333e-06,0.0004859956666666,0.0200100833333333
7.54346666666667e-05,0.0,0.0016085683333333,0.0003443193333333,3.33333333333333e-06,3.34123333333333e-05,0.0053302563333333,0.0008812636666666,0.0017100773333333,0.0061732676666666,0.0001031716666666
0.0014989493333333,0.000115527,0.0007746033333333,0.003268436,4.65626666666667e-05,0.0004369603333333,0.003813854,0.006025182,0.000488125,0.000237356,0.003780447
0.014453225,0.0102015093333333,0.0001639286666666,0.0358109033333333,0.0041659896666666,0.0019872046666666,1.0864e-05,0.0158639163333333,3.9159e-05,0.000979319,0.0330860146666667
