0.003348141,0.0006690466666666,0.000823873,0.000643069,0.0012385393333333,0.0002719036666666,0.0013575485,0.0005809123333333,1.59551666666667e-05,0.0008795606666666,0.0027721623333333
0.0012099046666666,0.0085734306666666,0.000611933,0.000765867,0.0031001403333333,0.0004360036666666,0.003493312,0.001060804,8.21966666666667e-05,0.0005180463333333,0.0020963986666666
0.0003831576666666,0.006623875,0.0006307493333333,0.0013788106666666,0.0029878546666666,0.0019091603333333,0.0007389676666666,0.0013098843333333,0.0006645553333333,0.0014914436666666,0.0039496483333333
0.0001153023333333,0.0013822716666666,0.000352815,0.0020380526666666,9.41066666666667e-05,9.67153333333333e-05,0.0011077596666666,0.0003032943333333,0.0,0.0001076706666666,0.000557417
0.000879822,0.0056477926666666,0.000986082,0.002847865,0.000546731,0.00124983,0.001247448,0.001281419,7.14043333333333e-05,0.002534862,0.0015516116666666
0.000149306,0.001650131,0.0010628426666666,0.0001944183333333,0.00176407,0.000774197,0.0005759566666666,0.0001800383333333,0.0002917,0.0005998606666666,0.0013682976666666
0.0011797136666666,0.007748451,0.0016104063333333,0.0003741693333333,0.002326242,0.000246768,0.0023033326666666,0.0039910993333333,0.0017417643333333,0.0031460136666666,0.0047516683333333
0.0017200686666666,0.0025993353333333,0.0037045203333333,0.0014708943333333,0.0016074816666666,0.0007254246666666,0.008838992,0.0089091766666666,0.0001123216666666,0.0026370443333333,0.0067435233333333
4.54666666666667e-06,0.0,0.0001893396666666,3.33333333333333e-06,3.276e-05,0.0,0.0041123613333333,3.39706666666667e-05,0.0006392543333333,0.003561267,0.0
0.001044585,0.0046161313333333,0.000259178,0.000176923,0.0012662373333333,0.0002180263333333,0.0023597206666666,0.0014879066666666,0.000302071,0.000640748,0.002154238
0.020245161,0.0078205766666666,0.0051284886666666,0.0025010283333333,0.004690429,0.0016802826666666,0.0075170083333333,0.019445264,0.0001674243333333,0.007377329,0.0360234166666667
