0.0041220216666666,0.0010681866666666,0.000664741,0.0021480626666666,0.001359154,0.0001500376666666,0.0016218153333333,0.0003354453333333,5e-06,0.0011562373333333,0.0022910856666666
0.0028025133333333,0.0107008663333333,0.0006227923333333,0.0011042176666666,0.0025507966666666,0.000823239,0.0031542436666666,0.0015420813333333,4.73023333333333e-05,0.0011015106666666,0.0020754283333333
0.0004399406666666,0.005448623,0.0017846016666666,0.0030994193333333,0.0029406573333333,0.0024756936666666,0.0031665093333333,0.0012446103333333,0.000938148,0.0014587146666666,0.004505627
0.00190389,0.001304329,0.000194775,0.0022268,0.001248488,0.0001734296666666,0.0007888476666666,0.0002799573333333,0.0,0.0009344313333333,0.0001536963333333
0.0010781403333333,0.0030343616666666,0.001073749,6.66103333333333e-05,0.0007826206666666,0.000226094,0.001829866,0.0017459913333333,2.0935e-05,0.001682174,0.0011638026666666
0.0002422453333333,0.0016168153333333,0.001789841,0.0004899176666666,0.0017242063333333,0.0017752366666666,0.0007216556666666,0.0002894333333333,0.000283772,0.0007222553333333,0.0011908706666666
0.002370205,0.005496259,0.0019919823333333,0.0003351736666666,0.001738168,0.0003074866666666,0.002868577,0.0036616896666666,0.002933937,0.003115106,0.0147206133333333
0.0020970156666666,0.0040846236666666,0.0026087843333333,0.0009102196666666,0.001605894,0.000627064,0.008001471,0.00913711,8.366e-05,0.0028414883333333,0.0055101423333333
8.30733333333333e-05,1e-05,2.9091e-05,4.70566666666667e-06,3.10906666666667e-05,0.0,0.005310331,4.155e-06,0.0009857983333333,0.0045528366666666,1.068e-05
0.001040261,0.001882278,0.0003466773333333,0.000486584,0.0008394736666666,0.0003887933333333,0.0022956083333333,0.002120958,0.00049374,0.00073177,0.0009882436666666
0.0153370593333333,0.0074271873333333,0.006129519,0.003458893,0.0039104946666666,0.0010206976666666,0.0191870803333333,0.0195866953333333,4.79516666666667e-05,0.0039049683333333,0.0226981246666667
