0.003880785,0.0020814076666666,0.000330578,0.0001226156666666,0.0020456993333333,0.0004272436666666,0.0024201363333333,0.005415507,9.1966e-05,0.0020799243333333,0.003623503
0.0039056793333333,0.0120233616666667,0.000805828,0.000617516,0.0043920986666666,0.001633465,0.003819492,0.002323658,0.000109862,0.004870372,0.006535925
0.000628641,0.003202923,0.0003147316666666,0.0009224336666666,0.000995619,0.0011671296666666,0.001424158,0.0019437713333333,3.33333333333333e-06,0.0020196266666666,0.0026351026666666
0.0005700746666666,0.0010593183333333,8.66026666666667e-05,0.0014766393333333,0.0014451223333333,0.0005791946666666,0.0002833896666666,0.0004424236666666,1.08306666666667e-05,0.0007095343333333,0.0004995146666666
0.0013494316666666,0.008070557,0.0017901646666666,0.0008836423333333,0.007564553,0.0007165026666666,0.0008533693333333,0.0024720436666666,9.40106666666667e-05,0.0035510466666666,0.0032433346666666
0.0004425673333333,0.00224766,0.0010835393333333,0.0004970773333333,0.001979103,0.0006177796666666,0.0008216493333333,0.0007626523333333,2.37903333333333e-05,0.0009500206666666,0.0013738713333333
0.0019263373333333,0.012545001,0.00079759,0.0002359743333333,0.0012115123333333,0.000642237,0.0008299176666666,0.0044680013333333,0.002064092,0.005595153,0.009884231
0.003819265,0.0045752856666666,0.0020535613333333,0.000628708,0.0031022456666666,0.0014682,0.0062016876666666,0.0128519316666667,0.000323198,0.0031636706666666,0.0154829183333333
3.33333333333333e-06,8.16956666666667e-05,0.000535869,0.0,4.68556666666667e-05,3.33333333333333e-06,0.0022947106666666,8.992e-06,0.0002953163333333,0.0028534573333333,3.41356666666667e-05
0.0099505153333333,0.0101521276666667,0.000667837,0.0007765146666666,0.0085357496666666,0.002665028,0.005834294,0.002961718,0.0001071866666666,0.0017401156666666,0.0122523336666667
0.0083959996666666,0.0122771053333333,0.007639256,0.002005519,0.0053141913333333,0.0011920746666666,0.0126057483333333,0.017007185,1.6921e-05,0.0069959926666666,0.023725723
