0.0038469076666666,0.0012873323333333,0.0006160123333333,0.00020036,0.0023475523333333,0.0001824716666666,0.0017926796666666,0.0006192503333333,9.7514e-05,0.0006001776666666,0.0039890366666666
0.0007607723333333,0.0037588973333333,0.00126688,0.000972532,0.004114335,0.0017171686666666,0.006319307,0.002819046,0.0001925526666666,0.00097258,0.0021772083333333
0.000149182,0.006111677,0.0016697543333333,0.002462626,0.0033756243333333,0.0038020596666666,0.002621625,0.0015946886666666,0.0019573023333333,0.001669536,0.0045287826666666
0.000684087,0.0011095016666666,0.000147401,0.0018795766666666,0.00013086,0.0001647636666666,0.0018869626666666,0.000429921,8.94166666666667e-06,0.0001950673333333,0.000815261
0.0018869123333333,0.007605253,0.0007825573333333,0.0029754416666666,0.0005294226666666,0.0011697733333333,0.002574688,0.0026209013333333,9.00426666666667e-05,0.0029475233333333,0.002232363
0.0002966223333333,0.0024471413333333,0.00155985,0.0003719866666666,0.0016081126666666,0.0014055733333333,0.000862948,0.00018783,0.0002735366666666,0.0004052503333333,0.0021103473333333
0.0040200543333333,0.0097343183333333,0.00119014,0.0007214356666666,0.002418107,0.0008302856666666,0.0022561853333333,0.0057889223333333,0.001731965,0.004845265,0.0021445996666666
0.002928009,0.0016850806666666,0.003342537,0.0017492183333333,0.0035028336666666,0.0008344706666666,0.010594145,0.0107355233333333,0.0007653553333333,0.0025713883333333,0.0048045896666666
6.19866666666667e-05,3.33333333333333e-06,0.0008887273333333,1.1056e-05,4.47876666666667e-05,3.33333333333333e-06,0.006059466,0.001080092,0.0007977606666666,0.0039691643333333,6.66666666666667e-06
0.0010497696666666,0.002516366,0.000362793,0.0014966313333333,0.001160356,0.0005008996666666,0.0160708086666667,0.0018519553333333,0.0006875376666666,0.001123406,0.0012687266666666
0.0137414236666667,0.0059239763333333,0.0088173883333333,0.0024378396666666,0.0076251696666666,0.001196405,0.0088567606666666,0.0181245866666667,0.000698811,0.0072558513333333,0.0481036033333333
