0.0040402873333333,0.008674537,0.0004136093333333,4.28536666666667e-05,0.0038639466666666,3.49963333333333e-05,0.000925545,0.00076899,0.0,0.001235546,0.0041312603333333
0.001188928,0.0071368056666666,0.0013042046666666,0.0005828503333333,0.0104119946666667,0.0005028383333333,0.004845632,0.0009113396666666,5.19436666666667e-05,0.0005129486666666,0.0022705
0.000463728,0.007877967,0.001059883,0.0016913973333333,0.00418467,0.001947486,0.003187959,0.0019427143333333,0.0013614073333333,0.0014851323333333,0.0034961033333333
0.0001636856666666,0.001877277,0.0001705873333333,0.0021756416666666,0.000563267,7.30013333333333e-05,0.0028269796666666,0.000640775,0.0,5.86876666666667e-05,0.0001693736666666
0.001261232,0.008096193,0.0017206143333333,0.0004453553333333,0.0023324856666666,0.0016732513333333,0.0019274823333333,0.0021748866666666,7.2282e-05,0.000891994,0.003325063
0.0001486613333333,0.0019610366666666,0.0012166556666666,0.000288157,0.0011452326666666,0.0007216543333333,0.0007825933333333,0.000317248,0.000378775,0.0006160373333333,0.0007676963333333
0.002484119,0.015092422,0.0026175483333333,0.000325296,0.0013309656666666,0.0004501703333333,0.002356382,0.0073088173333333,0.0009261343333333,0.002849936,0.0016926256666666
0.0024579086666666,0.001038018,0.0036782493333333,0.000895014,0.002994293,0.000982856,0.0103930983333333,0.012331736,0.0001968903333333,0.002460433,0.0074465986666666
0.0,3.33333333333333e-06,0.0003765673333333,8.04933333333333e-06,2.314e-05,3.33333333333333e-06,0.0038616296666666,4.66333333333333e-05,0.000599006,0.002792295,0.0
0.0007568653333333,0.002650412,0.0003071126666666,0.000121194,0.0006725103333333,0.0001408963333333,0.00173291,0.0017585623333333,0.0002306256666666,0.000472436,0.0006644663333333
0.0082017146666666,0.0057678683333333,0.0056767813333333,0.003189481,0.0074278206666666,0.0017489383333333,0.0088953103333333,0.018535987,0.001236518,0.0031642926666666,0.03738555
