0.0035571076666666,0.0009927763333333,0.0003937286666666,0.0009811053333333,0.0016518743333333,0.000607842,0.0023426276666666,0.0002620843333333,5e-06,0.000565547,0.002969139
0.0020066023333333,0.0065013886666666,0.0015699403333333,0.0003598036666666,0.0037520873333333,0.0010091763333333,0.008609493,0.001323668,7.61523333333333e-05,0.0010559716666666,0.001065043
0.000456598,0.004874987,0.0006509503333333,0.001640221,0.0039904463333333,0.0018616866666666,0.0036654423333333,0.003022217,0.0003480083333333,0.000898112,0.004772107
0.0018350933333333,0.0007754263333333,0.000165568,0.0008173156666666,0.000554947,6.69586666666667e-05,0.0026870253333333,0.0006150983333333,0.0,0.0001282433333333,0.000640047
0.0021302603333333,0.0055180353333333,0.0007428683333333,0.000314785,0.0035123426666666,0.000538497,0.0067937676666666,0.0020217873333333,0.0001387143333333,0.0019519836666666,0.0011791613333333
0.000489063,0.0013879473333333,0.0021094653333333,0.0005077123333333,0.001572107,0.000617255,0.0008308263333333,0.000175396,0.0,0.0004785286666666,0.001045247
0.001484795,0.0095932216666666,0.0032632913333333,0.001627389,0.00482542,0.0005915493333333,0.0022430786666666,0.0069165663333333,0.0023116346666666,0.0059633963333333,0.0104281803333333
0.002544628,0.0051717736666666,0.0040691416666666,0.001262361,0.0043919913333333,0.0009662853333333,0.012868752,0.0100280066666667,0.0001895846666666,0.0037401053333333,0.0092838653333333
6.98666666666667e-06,2.15346666666667e-05,0.000606896,7.644e-06,0.000716955,3.33333333333333e-06,0.005219787,2.69653333333333e-05,0.0014640716666666,0.0048266263333333,1.92496666666667e-05
0.0009889226666666,0.0019809496666666,0.0002089636666666,0.0001687976666666,0.0013106266666666,0.0001517563333333,0.023905915,0.0014824143333333,0.0003828323333333,0.0002838196666666,0.0010034873333333
0.0124856193333333,0.0092284993333333,0.0051234476666666,0.0038112793333333,0.002906594,0.0010263766666666,0.014939154,0.0106290186666667,0.0002503573333333,0.0037391683333333,0.018596812
