0.005255925,0.0020327403333333,0.0005497396666666,0.0020543053333333,0.0015073173333333,0.0002736063333333,0.0013109286666666,0.0005864833333333,6.92466666666667e-06,0.0004400276666666,0.002455046
0.0029761373333333,0.006480018,0.0006287386666666,0.001230823,0.0029503893333333,0.001131608,0.0049168146666666,0.0052871693333333,0.00019344,0.0008439053333333,0.0057047896666666
0.0006525943333333,0.005806192,0.0017083256666666,0.0031171026666666,0.0037300753333333,0.004064624,0.003541871,0.0022170996666666,0.0030281186666666,0.002581126,0.0058881683333333
0.0026867843333333,0.001293628,0.0001813493333333,0.0023888303333333,0.000507919,0.0002062773333333,0.0008046406666666,0.0003474106666666,0.000144405,0.0001900293333333,0.0013737646666666
0.0019205533333333,0.0049738103333333,0.0008021703333333,0.0028667906666666,0.0006611966666666,0.000788614,0.001266877,0.001094612,0.0001039626666666,0.0016542523333333,0.001103981
0.0002239233333333,0.0019473106666666,0.0025760713333333,0.000587924,0.0018938406666666,0.0001618516666666,0.0006517156666666,9.24966666666667e-05,0.000414217,0.0004285993333333,0.0023160586666666
0.002075463,0.0078318236666666,0.0007814923333333,0.000621145,0.001404368,0.000750185,0.0015766553333333,0.0088601546666666,0.003647175,0.0020278906666666,0.0020620443333333
0.002990474,0.002404084,0.002755575,0.0015454696666666,0.0017261336666666,0.0007505186666666,0.007911825,0.007977573,0.0002729563333333,0.0020490766666666,0.006628424
5.39746666666667e-05,0.0,0.001623874,0.0,3.06706666666667e-05,4.8936e-05,0.004930963,2.75226666666667e-05,0.0008655633333333,0.004416567,0.0
0.000917329,0.0037604363333333,0.0004632916666666,0.00018312,0.0004880106666666,0.000253204,0.0010422876666666,0.0012904336666666,0.000496156,0.0007817716666666,0.00055982
0.0096286376666666,0.0099216746666666,0.0061765413333333,0.0033427336666666,0.0051965016666666,0.003082574,0.0078990753333333,0.0193483666666667,0.0001786633333333,0.0041214073333333,0.0250767656666667
