0.004098571,0.00299331,0.000565706,0.0034662303333333,0.0017956486666666,0.0013860313333333,0.0023393201666666,0.00190879,0.0001266251666666,0.0007317353333333,0.0083537476666666
0.0041016126666666,0.0167517156666667,0.0030621673333333,0.0032257086666666,0.006206516,0.0032448296666666,0.007832071,0.0023448043333333,0.000752214,0.002128311,0.0087886403333333
0.001590242,0.0075889746666666,0.0030026373333333,0.0021261073333333,0.0037330283333333,0.0026177313333333,0.0020949696666666,0.002606018,0.0012680556666666,0.0032673363333333,0.0058369383333333
0.0010276016666666,0.0018197923333333,0.0003266986666666,0.0018105296666666,0.000389597,0.0004618776666666,0.0010987976666666,0.000729948,5.15413333333333e-05,0.0003439653333333,0.001017461
0.0030067326666666,0.0116363646666667,0.0048896123333333,0.0004378356666666,0.004546306,0.0015306186666666,0.0039697503333333,0.0035962823333333,0.000503496,0.0018312803333333,0.0044935573333333
0.000662068,0.0024537463333333,0.002499125,0.0008174686666666,0.0026466553333333,0.0016046586666666,0.004324961,0.000433914,9.3201e-05,0.0005044756666666,0.001925077
0.003815824,0.0129441546666667,0.0047176856666666,0.0014514833333333,0.0064813593333333,0.0012001523333333,0.00167107,0.0052545183333333,0.0022180316666666,0.005591679,0.011417531
0.0074482246666666,0.0067748266666666,0.005019936,0.00261422,0.0037880933333333,0.002026995,0.0106826633333333,0.0164792583333333,0.0007924523333333,0.0038872903333333,0.019901086
0.0009983906666666,7.71723333333333e-05,0.0018544713333333,0.0007806173333333,0.000214331,2.29663333333333e-05,0.004052347,0.000561829,0.0009795046666666,0.003508914,0.000432663
0.0018090613333333,0.0029088296666666,0.001159994,0.0006625106666666,0.0023173146666666,0.00150503,0.0059745716666666,0.002096867,0.0008813676666666,0.0009159256666666,0.0036364073333333
0.0158040626666667,0.0154788646666667,0.0079902863333333,0.0038269853333333,0.0070646663333333,0.0018709376666666,0.0127784553333333,0.0188285916666667,0.0019639266666666,0.0037256706666666,0.0325756376666667
