0.0054844246666666,0.0068304103333333,3.52346666666667e-05,0.0082054263333333,0.0044173883333333,0.0015662433333333,1.5012e-05,0.0032637936666666,1.52103333333333e-05,7.74983333333333e-05,0.0092254186666666
0.008218797,0.0209255643333333,0.0043868373333333,0.0163174113333333,0.00658049,0.00514668,1.87736666666667e-05,0.0053492433333333,3.0752e-05,7.7734e-05,0.0129538583333333
0.0020570103333333,0.0086932723333333,0.0024092823333333,0.0074850833333333,0.0067180756666666,0.003187687,1.70896666666667e-05,0.0028544116666666,0.0024042976666666,5.55913333333333e-05,0.0053226473333333
0.0070739256666666,0.0002119036666666,1e-05,0.0265531703333333,0.0,4.12666666666667e-06,4.72533333333333e-06,0.001138846,0.0,2.8432e-05,0.0156648206666667
0.004323708,0.0158177693333333,0.004298225,0.0078282393333333,0.00542941,0.004245635,3.4857e-05,0.0072837073333333,2.94456666666667e-05,0.0001595313333333,0.011782667
0.000976227,0.004940749,0.0022089733333333,0.0030379216666666,0.002067381,0.001049703,4.476e-06,0.002171742,1.8286e-05,3.9629e-05,0.0017926023333333
0.0059222903333333,0.001377288,0.003318248,0.0274462466666667,0.0001173306666666,0.0004853903333333,0.0010261243333333,0.008508145,0.0027708623333333,0.0043872676666666,0.0142628013333333
0.0099405246666666,0.0128757426666667,0.005747801,0.0210131596666667,0.0078863386666666,0.0048320506666666,3.58176666666667e-05,0.0326376703333333,2.8407e-05,0.0004028713333333,0.0190601296666667
0.0001160676666666,1.66666666666667e-05,0.0008298416666666,0.00130449,3.81866666666667e-06,7.46403333333333e-05,0.0041645393333333,0.0005875063333333,0.0011164116666666,0.005564523,0.0004492023333333
0.0024393406666666,0.000372549,0.001309901,0.007712427,3.83053333333333e-05,0.0009911766666666,0.0041847903333333,0.0021941483333333,0.0010402123333333,0.000806451,0.0023123123333333
0.013149334,0.0168701756666667,0.0018418746666666,0.03822608,0.007345064,0.003677017,2.53733333333333e-05,0.0208052406666667,5.11326666666667e-05,0.00069246,0.0273697803333333
