0.0028239573333333,0.0009751316666666,0.000481839,0.0046811616666666,0.001228934,2.1909e-05,0.0015693295,0.0004653746666666,7.4785e-06,0.0008583556666666,0.0021599496666666
0.000531699,0.006844723,0.0030842476666666,0.000332044,0.0012013133333333,0.000177243,0.004428681,0.0009997293333333,6.66666666666667e-06,0.0003045426666666,0.002349118
0.0004906426666666,0.004402174,0.0002770366666666,0.0011361346666666,0.0034019406666666,0.0009880633333333,0.000743904,0.0020184056666666,0.0010120846666666,0.0017512626666666,0.004670757
0.0002233656666666,0.001037813,5.11693333333333e-05,0.000631443,7.30766666666667e-05,0.00013037,0.000831961,0.0004244346666666,0.0,0.000104614,0.0003513526666666
0.0014602543333333,0.004198121,0.0011364463333333,0.0001895603333333,0.000330765,0.0003053803333333,0.001826572,0.0009251093333333,1.68256666666667e-05,0.0019094516666666,0.000995078
0.0001201976666666,0.0015949983333333,0.000932586,0.000453938,0.0008336216666666,0.000300877,0.0004988023333333,0.0001855836666666,0.0001617986666666,0.000224168,0.000719575
0.000743681,0.006216282,0.0004232226666666,0.0020065866666666,0.0010411913333333,0.0001168486666666,0.0020920873333333,0.0050927543333333,0.0015903996666666,0.004642907,0.002910754
0.0012683973333333,0.0015440853333333,0.0030428576666666,0.000419677,0.0020779723333333,0.0005195393333333,0.0067933506666666,0.0062866923333333,3.6116e-05,0.0029605443333333,0.0074905673333333
3.33333333333333e-06,3.87333333333333e-06,0.000315031,3.33333333333333e-06,2.5346e-05,0.0,0.0039719156666666,1.9435e-05,0.0006096413333333,0.0027955146666666,6.66666666666667e-06
0.0006905263333333,0.001759774,0.0003271133333333,0.0002211666666666,0.0018757536666666,0.0001713636666666,0.0040995476666666,0.0009742163333333,0.0001666986666666,9.3432e-05,0.0007881453333333
0.012299803,0.0032183813333333,0.0070318856666666,0.0019126373333333,0.0089837306666666,0.0024079,0.0072483106666666,0.0124205586666667,0.000176743,0.0027873996666666,0.0255157903333333
