0.0032416126666666,0.004270197,1.344e-05,0.007393976,0.0038410766666666,0.0009384556666666,0.0,0.0039873856666666,0.0,0.0002247716666666,0.0079256456666666
0.0056448583333333,0.01773517,0.0036385826666666,0.016748208,0.0091678093333333,0.0026295096666666,3.33333333333333e-06,0.008148391,7.028e-06,0.0001756,0.0083241886666666
0.0012417956666666,0.0071655226666666,0.0017226373333333,0.0077179806666666,0.0045039836666666,0.0025765456666666,3.33333333333333e-06,0.0034139153333333,0.001416263,3.8815e-05,0.0051713453333333
0.0051883056666666,0.0001526136666666,1.66933333333333e-05,0.0173770733333333,0.0,3.33333333333333e-06,1e-05,0.001154239,0.0,3e-05,0.0188921773333333
0.005206398,0.0175948363333333,0.0017946813333333,0.016828153,0.004057184,0.0028319566666666,2.01526666666667e-05,0.011022777,5.51263333333333e-05,0.0001475746666666,0.0062414133333333
0.0016486853333333,0.003704668,0.0011344583333333,0.0026581986666666,0.0020709206666666,0.0007151603333333,0.0,0.0011931973333333,3.33333333333333e-06,3.46996666666667e-05,0.0028367843333333
0.0041835643333333,0.0008983603333333,0.0029483896666666,0.024629489,8.03916666666667e-05,1.8408e-05,0.0023270203333333,0.0147778206666667,0.0010298226666666,0.004708366,0.0166387273333333
0.0080246223333333,0.0167300413333333,0.0064818463333333,0.0237115503333333,0.0117657256666667,0.0040093806666666,5.0692e-05,0.030030975,3.33333333333333e-06,0.0009442326666666,0.0228816826666667
0.0001535976666666,1.6753e-05,0.0002606656666666,0.0018927406666666,0.0,7.59213333333333e-05,0.005032632,0.0005197623333333,0.0019380863333333,0.0061699076666666,0.0001582446666666
0.001518801,0.000348148,0.0006709213333333,0.005744972,2.50413333333333e-05,0.0005360496666666,0.0035275693333333,0.0022366576666666,0.0005807383333333,0.0005691666666666,0.0019062533333333
0.019087996,0.0219588563333333,0.0009457506666666,0.0360076966666667,0.006356506,0.0059913793333333,3.85873333333333e-05,0.024065926,2.50993333333333e-05,0.0006363996666666,0.027085393
