0.0035297796666666,0.0004019926666666,0.0005574733333333,0.0021746596666666,0.0017077236666666,4.26436666666667e-05,0.0009406096666666,0.0007784046666666,1.09923333333333e-05,0.000308589,0.0027601903333333
0.0005967253333333,0.00416332,0.0006741226666666,0.0003582626666666,0.00360008,0.001337803,0.011585821,0.0006651066666666,0.0006185186666666,0.0007309643333333,0.001498636
0.0001949333333333,0.0040406846666666,0.0012956166666666,0.0022309453333333,0.0038076003333333,0.0025023103333333,0.0014762416666666,0.002366259,0.0011095963333333,0.001120412,0.0038421946666666
0.0027520593333333,0.001343808,7.87763333333333e-05,0.0018708203333333,8.63736666666667e-05,0.000161375,0.0001612083333333,0.0002414703333333,3.1363e-05,0.0001945986666666,0.0002107836666666
0.0007170743333333,0.0057374206666666,0.0019811506666666,0.0034390626666666,0.002464489,0.0009272966666666,0.000973104,0.001596026,2.22566666666667e-05,0.0005126333333333,0.0015581786666666
0.0001212406666666,0.001628029,0.0008910426666666,0.0004078493333333,0.001212639,0.0001034346666666,0.0010012096666666,0.0006597486666666,0.0002467843333333,0.0005710043333333,0.0008541043333333
0.001159868,0.0048984396666666,0.000612335,0.0002652253333333,0.000859363,0.001055674,0.0021762543333333,0.0053164783333333,0.0032191883333333,0.002021607,0.0009781733333333
0.0023342926666666,0.0016023596666666,0.002907298,0.0005861733333333,0.0022134756666666,0.000881743,0.0080462713333333,0.004966167,2.799e-05,0.0013982983333333,0.0054315896666666
3.33333333333333e-06,3.33333333333333e-06,0.00106309,3.33333333333333e-06,2.59023333333333e-05,3.33333333333333e-06,0.0044468573333333,2.3808e-05,0.0008452726666666,0.0031250443333333,0.0
0.0008552036666666,0.003896784,0.0012464916666666,0.000163065,0.0004248786666666,0.0002473146666666,0.0011955373333333,0.0007891086666666,0.0003267286666666,0.0017286216666666,0.000425208
0.0125059436666667,0.0072134256666666,0.0081423016666666,0.0027602226666666,0.0039342003333333,0.002006092,0.0046389746666666,0.011475942,0.0003619066666666,0.0023670816666666,0.0399736866666667
