0.0057120793333333,0.003809621,0.001024616,0.0005137613333333,0.0019759843333333,0.000543787,0.0024918248333333,0.0010241723333333,7.90475e-05,0.0012536853333333,0.0062076406666666
0.0024624266666666,0.018527188,0.0032012093333333,0.0027161773333333,0.0088494226666666,0.0030458983333333,0.252620813333333,0.0031334776666666,0.0004362513333333,0.0011950376666666,0.0069284806666666
0.0036200893333333,0.0087281846666666,0.002843149,0.001880075,0.0085677296666666,0.0021906803333333,0.0033396273333333,0.0032668386666666,0.001802038,0.002700618,0.005464139
0.00156686,0.0031827966666666,0.000383388,0.0035754596666666,0.00132627,0.0007252226666666,0.001810753,0.0008558236666666,3.1534e-05,0.000460563,0.001085573
0.0026995536666666,0.0139684603333333,0.0042908846666666,0.001291527,0.0019156203333333,0.0024856726666666,0.0046543873333333,0.004339835,0.000274075,0.001838997,0.005632635
0.0004755413333333,0.004274795,0.0015618703333333,0.0005281076666666,0.0015855773333333,0.001203233,0.001115326,0.0005182236666666,0.0001406363333333,0.0002508573333333,0.0017367663333333
0.0039025716666666,0.0203477596666667,0.0036753846666666,0.003478293,0.0092974193333333,0.001843019,0.0017313096666666,0.010562785,0.0026251946666666,0.0034538053333333,0.0169926143333333
0.0060663256666666,0.00864981,0.0063132503333333,0.0026085246666666,0.0076423876666666,0.0029642133333333,0.0128874543333333,0.028545182,0.001458599,0.005002307,0.023577614
2.83996666666667e-05,0.000371946,0.0012663486666666,0.0003349583333333,0.000367228,0.0001524776666666,0.0059635506666666,0.0003643163333333,0.002484998,0.0065918563333333,9.31426666666667e-05
0.002112269,0.00318002,0.001125343,0.000890111,0.0011800536666666,0.0008693066666666,0.003786903,0.0054118603333333,0.0010660556666666,0.000821686,0.002742588
0.0127006013333333,0.022196756,0.010574441,0.0046747893333333,0.0090857613333333,0.0047235143333333,0.0207592526666667,0.027483977,0.0005207483333333,0.004470896,0.0352826366666667
