0.003039573,0.0007351113333333,0.0004293066666666,5.52413333333333e-05,0.0017184593333333,9.02513333333333e-05,0.0015366053333333,0.000708154,1.66666666666667e-06,0.0004608703333333,0.0064543843333333
0.000429732,0.0079858436666666,0.002851221,0.0011086493333333,0.001117916,0.002165427,0.0057152266666666,0.0004065833333333,0.000112075,0.0007119323333333,0.001930099
0.001191619,0.003586051,0.0004141013333333,0.0015754823333333,0.004086742,0.0007296566666666,0.0014095783333333,0.0016154736666666,0.000982602,0.0010078786666666,0.0040091033333333
0.0007272716666666,0.0007593493333333,0.0001398796666666,0.0005940543333333,5.84836666666667e-05,6.43066666666667e-05,0.0007538833333333,0.0002296243333333,0.0,0.0001117383333333,0.0004455703333333
0.001444681,0.0052644336666666,0.001013629,4.15026666666667e-05,0.0019380846666666,0.0001857656666666,0.0018676786666666,0.0024805683333333,1.2294e-05,0.0024199616666666,0.0014931216666666
7.05206666666667e-05,0.00178102,0.001088881,0.0005983746666666,0.000960411,0.0004916303333333,0.0007749136666666,0.000253777,0.0002476546666666,0.000462889,0.001194299
0.0010677046666666,0.0081432583333333,0.0012513106666666,0.0006904006666666,0.002865225,0.000480481,0.0018076216666666,0.0029223806666666,0.000780759,0.0045653496666666,0.002094847
0.001370112,0.0018151386666666,0.003844658,0.00028324,0.0014299463333333,0.0003541006666666,0.0072432503333333,0.0080880993333333,0.0001303603333333,0.002097363,0.0047794153333333
1e-05,6.66666666666667e-06,0.000477193,4.38933333333333e-06,2.82176666666667e-05,0.0,0.0028417846666666,2.20066666666667e-05,0.0005048863333333,0.002603011,1.01026666666667e-05
0.000673986,0.0023170123333333,0.0007032723333333,0.0005778506666666,0.000651729,0.0009686073333333,0.0042093466666666,0.000823027,0.0001487343333333,0.0001539223333333,0.0010837823333333
0.0129097553333333,0.004387495,0.0061613543333333,0.0013374413333333,0.0016177046666666,0.0009371666666666,0.0096880263333333,0.0108290063333333,0.0002700913333333,0.002768658,0.0243205543333333
