0.004080345,0.0011991073333333,0.0006203416666666,0.0035322263333333,0.0015212976666666,1.8488e-05,0.001604775,0.000474921,5.06233333333333e-06,0.000478056,0.003939781
0.0010694276666666,0.0029640913333333,0.0021936453333333,0.000673248,0.003847869,0.001740327,0.680751566666667,0.0102489563333333,0.0001711993333333,0.0013094396666666,0.003850641
0.000955085,0.0039955043333333,0.0010448146666666,0.0024255763333333,0.0036258613333333,0.0010066563333333,0.002405484,0.005083783,0.000892843,0.0008449816666666,0.0050720466666666
0.0020940993333333,0.0007896996666666,0.000268225,0.0014361753333333,0.0017676106666666,9.22813333333333e-05,0.00083245,0.0004668886666666,4.82266666666667e-06,0.0005349426666666,0.0015806633333333
0.002049604,0.0083210416666666,0.0005355043333333,0.0001434526666666,0.002474693,0.001758573,0.008161523,0.0059104153333333,0.0001719283333333,0.0015787886666666,0.001593674
0.0002204743333333,0.0022608056666666,0.001073292,0.00024681,0.001939725,0.0008970256666666,0.000915662,0.001602764,2.79043333333333e-05,0.000136636,0.0017510446666666
0.0019507383333333,0.014667752,0.002567803,0.0020961683333333,0.0071541683333333,0.0006685256666666,0.0030658613333333,0.0168120323333333,0.0022420133333333,0.005703628,0.012252938
0.002773334,0.0064007723333333,0.0037841173333333,0.0022148963333333,0.00544711,0.0015026213333333,0.0136087163333333,0.0231266533333333,0.0002812936666666,0.0049806273333333,0.007471078
1.8519e-05,5.55413333333333e-05,0.0008089743333333,1.21013333333333e-05,0.0003915256666666,3.33333333333333e-06,0.0078877253333333,6.72736666666667e-05,0.0020214476666666,0.0056472113333333,1.33333333333333e-05
0.0009862886666666,0.000725171,0.0003520216666666,0.000388521,0.0009068226666666,0.0006360146666666,0.009097567,0.003925026,0.0003982843333333,0.001208357,0.000709829
0.011604773,0.0125100513333333,0.0056907936666666,0.0033791923333333,0.0033962126666666,0.0011360676666666,0.0177929443333333,0.0113970236666667,0.0002897913333333,0.0046564463333333,0.0186934106666667
