0.0035440666666666,0.0007827146666666,0.0006696986666666,0.0006691713333333,0.0013167586666666,0.0009793256666666,0.0012859473333333,0.0011829273333333,3.39853333333333e-05,0.000250054,0.0017985146666666
0.0017291423333333,0.0038539516666666,0.0007045253333333,0.00047107,0.002110382,0.000444611,0.004929001,0.0016913106666666,0.000171563,0.00044965,0.0028048223333333
0.00068219,0.00339357,0.0011307993333333,0.0017062713333333,0.0035417073333333,0.0018101263333333,0.0020127186666666,0.0011717866666666,0.0008286943333333,0.0009250483333333,0.004121226
0.001605299,0.0005448696666666,9.5922e-05,0.001534984,5.42973333333333e-05,7.611e-05,0.001063181,0.0002779226666666,0.0,0.0005541906666666,0.0005706906666666
0.0012514363333333,0.0029126886666666,0.00082442,2.8456e-05,0.0003795616666666,0.000144075,0.0026136536666666,0.0032897003333333,3.33333333333333e-06,0.0005309816666666,0.001530073
0.000130121,0.0004800236666666,0.00084666,0.0005137083333333,0.0011512743333333,0.0006240643333333,0.00148698,0.000246447,0.0003045723333333,0.0003535416666666,0.0014140656666666
0.0016420893333333,0.005944029,0.000854235,0.001384098,0.001391099,0.000887312,0.00143981,0.0049675843333333,0.0015104863333333,0.002855229,0.001749307
0.000906269,0.0018314783333333,0.0037517256666666,0.0011494783333333,0.002622771,0.0004453623333333,0.0083388876666666,0.008614345,0.0002446216666666,0.0010338193333333,0.004598846
3.33333333333333e-06,3.33333333333333e-06,0.0001241373333333,5.256e-06,3.39843333333333e-05,0.0,0.0039254446666666,3.05386666666667e-05,0.0005231223333333,0.0027751776666666,0.0
0.000755215,0.0010690376666666,0.0003244,0.0001317943333333,0.0011328983333333,0.000286373,0.001764514,0.0025838113333333,0.0003056343333333,0.0005047676666666,0.000257755
0.0083546296666666,0.0102792483333333,0.0070056116666666,0.0008868506666666,0.0051843056666666,0.0024176553333333,0.0048420633333333,0.0151953123333333,0.0008250813333333,0.003321494,0.0201059373333333
