0.003437572,0.0021355836666666,0.000549446,0.0003066166666666,0.0019371613333333,0.0002412673333333,0.0024939716666666,0.0008809396666666,6.34923333333333e-05,0.0023816396666666,0.007995303
0.0025110653333333,0.014395166,0.0011609306666666,0.0008724756666666,0.0044111733333333,0.0012785083333333,0.0035598756666666,0.0023301946666666,0.000370169,0.0030507466666666,0.003329538
0.0007262203333333,0.0045949926666666,0.00038853,0.0014549323333333,0.0016030716666666,0.0014092833333333,0.0007035036666666,0.0013724293333333,0.0022108733333333,0.0012998313333333,0.0052258153333333
0.0003462806666666,0.0027909153333333,0.000379353,0.00173401,0.0004128126666666,0.000829424,0.000347265,0.0007596183333333,0.0001347723333333,0.0009967596666666,0.001410893
0.000950304,0.0087211226666666,0.000522408,0.0002695906666666,0.0054492563333333,0.001074852,0.0032691843333333,0.0008705343333333,5.2924e-05,0.002972914,0.0029718266666666
0.000634467,0.0043915553333333,0.0010622423333333,0.0005528646666666,0.001376543,0.0008683703333333,0.000486765,0.0005250743333333,0.0002293196666666,0.0023195383333333,0.0013819783333333
0.000881327,0.0110462786666667,0.0011946676666666,0.00025548,0.0014309396666666,0.0003328476666666,0.0009935586666666,0.0041813966666666,0.0026081606666666,0.0046754506666666,0.0046125893333333
0.004446109,0.0042246473333333,0.0019169026666666,0.0010935156666666,0.0019508983333333,0.00097072,0.0049064626666666,0.0184247143333333,0.0003084596666666,0.0023677203333333,0.006560811
3.33333333333333e-06,7.852e-06,0.000770504,2.07983333333333e-05,3.7224e-05,3.33333333333333e-06,0.0006716303333333,1.90666666666667e-05,0.000979525,0.0022497023333333,6.66666666666667e-06
0.0053002516666666,0.0080652606666666,0.0005193473333333,0.0018703303333333,0.008249605,0.003883367,0.0025717606666666,0.0023175643333333,0.0001820636666666,0.0016385176666666,0.010910676
0.0107931986666667,0.0089976646666666,0.006142525,0.002921549,0.0067480906666666,0.0013773873333333,0.0093037346666666,0.0153526376666667,0.0005545023333333,0.0062240203333333,0.0368923766666667
