0.0027941583333333,0.001399628,0.0003308513333333,0.000474726,0.00178476,0.000178547,0.0019852603333333,0.0012170963333333,0.0,0.0009385326666666,0.002836525
0.000891723,0.0060240716666666,0.0027333683333333,0.0007857166666666,0.003313624,0.00204775,0.0073789013333333,0.0007282603333333,3.78073333333333e-05,0.0009960196666666,0.002697853
0.0004056013333333,0.0044982066666666,0.0016019073333333,0.001875935,0.005007817,0.001828796,0.0010842616666666,0.0015470736666666,0.0005249886666666,0.0022470366666666,0.0064199176666666
0.0009510296666666,0.0015664273333333,5.1339e-05,0.0011735173333333,7.57403333333333e-05,0.0001300093333333,0.001057294,0.0004726123333333,3.33333333333333e-06,0.0001984946666666,0.0002418763333333
0.0013816213333333,0.007543682,0.0011682666666666,0.000239586,0.0067695063333333,0.0002524373333333,0.0028956593333333,0.0014778853333333,2.02706666666667e-05,0.0005543396666666,0.002407471
0.0001522486666666,0.0028382396666666,0.000552456,0.000646963,0.0017758903333333,0.0019513993333333,0.0009002906666666,0.0002346676666666,0.0002854706666666,0.0004723686666666,0.00084516
0.0011563116666666,0.0083705326666666,0.002100645,0.000673706,0.0026215786666666,0.0004052023333333,0.0018483886666666,0.0043152903333333,0.0014195863333333,0.0046971903333333,0.0294113583333333
0.0044529613333333,0.003457581,0.0030703483333333,0.001841952,0.0032728163333333,0.0011765253333333,0.008020153,0.0091914583333333,2.54083333333333e-05,0.0019487956666666,0.006001449
3.33333333333333e-06,2e-05,0.0031746056666666,7.70933333333333e-06,2.9687e-05,6.76666666666667e-06,0.002345024,4.9182e-05,0.0004149263333333,0.002829752,3.33333333333333e-06
0.0011284093333333,0.0015896766666666,0.000473336,0.000159347,0.0007433363333333,0.0003512516666666,0.0036986606666666,0.0015383273333333,0.0010789356666666,0.000850699,0.000743448
0.0182261543333333,0.005928629,0.004207366,0.0032001976666666,0.0036203793333333,0.002063923,0.0073773186666666,0.01572802,0.0005689723333333,0.0033990553333333,0.0241450006666667
