0.0026519183333333,0.0013785203333333,0.0004209276666666,0.0001997336666666,0.002888211,0.0003341886666666,0.002403328,0.0020679096666666,5.7393e-05,0.0006498616666666,0.009057897
0.0030148903333333,0.0175729453333333,0.001470752,0.0016053306666666,0.001887052,0.0009291573333333,0.0052637886666666,0.0019046133333333,0.0001375006666666,0.0016147976666666,0.004316841
0.0010734293333333,0.009129731,0.0002654986666666,0.001504541,0.0030902616666666,0.0016577526666666,0.0007622436666666,0.004109835,0.000686196,0.0007068003333333,0.0051096773333333
0.0003732206666666,0.0048363263333333,0.000144172,0.0005119863333333,0.000390956,0.000220799,0.000446387,0.0008262343333333,3.52353333333333e-05,0.0002576723333333,0.0005119116666666
0.0023254276666666,0.0173481263333333,0.0005037496666666,0.0007535153333333,0.0017083296666666,0.001042781,0.0054629853333333,0.0042009256666666,0.0001445146666666,0.0033040843333333,0.0054770443333333
0.000561059,0.0031791516666666,0.001076037,0.0003752713333333,0.001068855,0.000747123,0.0005416656666666,0.0007193133333333,3.2804e-05,0.0001768846666666,0.0014596513333333
0.007795238,0.397550533333333,0.00119165,0.000702737,0.006651824,0.002104204,0.0011541133333333,0.007681679,0.001126804,0.0031567113333333,0.0182108066666667
0.0037835276666666,0.0072845493333333,0.0033203643333333,0.000858315,0.00292184,0.0019541476666666,0.0059826653333333,0.0206466743333333,0.0001579216666666,0.0033333076666666,0.0152507193333333
0.000223094,9.59493333333333e-05,0.0001286503333333,7.633e-06,5.33463333333333e-05,2.87123333333333e-05,0.0056667276666666,5.77033333333333e-05,0.0016925796666666,0.00503009,0.0001266836666666
0.000987108,0.0040035526666666,0.0001611266666666,0.0003072263333333,0.0008678406666666,0.0003041236666666,0.002609434,0.0012101346666666,0.0004905983333333,9.8551e-05,0.0017854673333333
0.0111755553333333,0.010870741,0.0065124896666666,0.002245171,0.00513911,0.0015384323333333,0.012834434,0.015032308,0.0001624093333333,0.0037110526666666,0.0568084333333333
