0.0031019663333333,0.001488631,1.33333333333333e-05,0.0046841793333333,0.0019996566666666,0.0005662806666666,0.0,0.0013444896666666,8.37466666666667e-06,6.66666666666667e-06,0.00448952
0.0026660526666666,0.0121229426666667,0.0023080343333333,0.0097507323333333,0.0058342156666666,0.0015878476666666,0.240729666666667,0.004050757,5.7946e-05,0.000165552,0.011073902
0.0004497613333333,0.0063103533333333,0.0021066043333333,0.00474808,0.005682835,0.0021221946666666,4.39466666666667e-06,0.0019778166666666,0.001312873,0.00051575,0.0052525366666666
0.0032327983333333,5.0471e-05,3.33333333333333e-06,0.0131308273333333,1.206e-05,0.0,0.0,0.0008252383333333,2.03266666666667e-05,3.33333333333333e-06,0.011007258
0.000890114,0.0132553826666667,0.0015967096666666,0.004441343,0.002141212,0.0023652876666666,3.33333333333333e-06,0.0075093386666666,6.20333333333333e-06,0.0002791316666666,0.0056936433333333
0.000763256,0.0034373713333333,0.0008441806666666,0.0016647873333333,0.002740091,0.0005684543333333,0.0,0.000984445,0.0,2.4744e-05,0.002108757
0.002363433,0.0016596356666666,0.0020016923333333,0.0171652126666667,0.0002598656666666,9.64326666666667e-05,0.003835518,0.006863832,0.0012981383333333,0.0033234643333333,0.0103977116666667
0.0029424366666666,0.0074350406666666,0.0039351006666666,0.0089962003333333,0.0055899423333333,0.00183214,6.49333333333333e-05,0.0195386263333333,2.28406666666667e-05,0.000599533,0.010893679
8.7446e-05,9.64333333333333e-06,0.0003325836666666,0.0006005433333333,3.33333333333333e-06,4.75206666666667e-05,0.0041804856666666,0.000486176,0.0009851213333333,0.005345038,2.80693333333333e-05
0.001129385,0.0002888953333333,0.000932322,0.0043837703333333,5.35573333333333e-05,0.00052435,0.0020081226666666,0.0008861336666666,0.000453369,0.0006168533333333,0.001155324
0.0117692813333333,0.0107858076666667,0.0009123593333333,0.0240074443333333,0.008401751,0.0048589113333333,1.33333333333333e-05,0.0196049716666667,2.43026666666667e-05,0.0010237063333333,0.030178407
