0.0063819963333333,0.0009212853333333,0.0005800026666666,0.0001812473333333,0.00157655,0.0003821796666666,0.0016643806666666,0.0008714903333333,0.0001161886666666,0.0006873066666666,0.003749085
0.0020189476666666,0.0075555276666666,0.0012976966666666,0.0038024193333333,0.0048601033333333,0.0012205006666666,0.0046702003333333,0.0017520856666666,0.000139844,0.0009575293333333,0.0023640246666666
0.0004195776666666,0.0047767436666666,0.0010614116666666,0.0024309846666666,0.003299773,0.001402167,0.00142885,0.0014494796666666,0.00086721,0.0020426583333333,0.0045837786666666
0.0001712376666666,0.0011646763333333,0.000193967,0.002327341,8.04826666666667e-05,0.000137558,0.0006901056666666,0.0002753313333333,2.68983333333333e-05,0.000149051,0.001532237
0.000657096,0.0059797953333333,0.0007684713333333,0.0001225723333333,0.0009524833333333,0.0004246923333333,0.002248052,0.0012699886666666,3.7791e-05,0.0037400103333333,0.0012625386666666
0.000274437,0.000975252,0.000513653,0.00043673,0.0015530763333333,0.000773295,0.001068988,0.000258828,0.0002839893333333,0.0004922006666666,0.001104958
0.001733834,0.0061653996666666,0.0008776913333333,0.0004882553333333,0.0013169923333333,0.0005282873333333,0.0013730853333333,0.0045870613333333,0.0021738906666666,0.0048520823333333,0.0106527573333333
0.002921127,0.0028256586666666,0.00343084,0.0015041393333333,0.001115774,0.0007677273333333,0.007588937,0.0076094986666666,0.000214839,0.003216576,0.003192156
0.0,6.66666666666667e-06,8.16736666666667e-05,0.0,2.53373333333333e-05,0.0,0.0043942126666666,1.7776e-05,0.001107327,0.004516259,3.33333333333333e-06
0.0007395096666666,0.002055672,0.0001965123333333,0.0003925966666666,0.0002692076666666,0.0003014473333333,0.0026673463333333,0.0008734533333333,0.0013023773333333,0.00069275,0.000383748
0.0079812636666666,0.0080328593333333,0.0056885556666666,0.004883627,0.0050700936666666,0.0022906733333333,0.0155516456666667,0.0186464626666667,0.000144549,0.0047800613333333,0.0277685026666667
