0.0034329313333333,0.0015338976666666,0.0007018396666666,0.000306487,0.0017093493333333,0.0002437236666666,0.0016470565,0.0005433356666666,6.39383333333333e-06,0.0009426753333333,0.004107605
0.0037102366666666,0.0058264036666666,0.0021135776666666,0.0010081896666666,0.002827874,0.000618942,0.0050814726666666,0.0027749343333333,0.000474784,0.000487763,0.0035672306666666
0.001034899,0.0087378393333333,0.0014131576666666,0.00255665,0.0040504133333333,0.0021739333333333,0.003784075,0.0025650273333333,0.0014242003333333,0.0026253293333333,0.0047687273333333
0.0011082286666666,0.0016969783333333,0.0001859996666666,0.000674637,0.001327277,0.0002744146666666,0.0021080406666666,0.0014326213333333,4.84076666666667e-05,0.000145526,0.000518684
0.003007286,0.0041635883333333,0.001054694,0.0004001706666666,0.0008877463333333,0.000514868,0.0019182813333333,0.002877187,0.0009556003333333,0.002613463,0.0014843706666666
0.0001398766666666,0.00120682,0.000858486,0.0004071156666666,0.0018231076666666,0.000601352,0.000647464,0.0008152666666666,0.0003363226666666,0.0005577303333333,0.000891874
0.0019709716666666,0.0093798013333333,0.0014539503333333,0.000490353,0.0024280953333333,0.0003908276666666,0.0041298726666666,0.0079978846666666,0.0034280736666666,0.003014144,0.015439481
0.0027446006666666,0.0045417373333333,0.003490732,0.0027025946666666,0.0036019226666666,0.001411627,0.0091349103333333,0.0113738613333333,0.0004928693333333,0.003238506,0.006924389
4e-06,5.61666666666667e-06,0.0003928776666666,0.0,3.46253333333333e-05,0.0,0.0048708573333333,0.0014693623333333,0.0010095496666666,0.0051661236666666,6.66666666666667e-06
0.001095827,0.001939346,0.0007045296666666,0.000182818,0.0008875743333333,0.000588145,0.0027606933333333,0.001037551,0.000474308,0.0004245223333333,0.006980175
0.0113072473333333,0.0105399363333333,0.0079288593333333,0.00424427,0.0042746496666666,0.0011849996666666,0.0147473953333333,0.0248875293333333,0.0002981743333333,0.0044325703333333,0.0337010033333333
