0.002843527,0.0002732036666666,0.0004995326666666,0.0037404426666666,0.001915151,0.0001318996666666,0.0024160173333333,0.0011689,9.40766666666667e-06,0.0003970193333333,0.0039410443333333
0.0006968796666666,0.0109123726666667,0.0018101493333333,0.000400203,0.0023391823333333,0.0010163836666666,0.04675139,0.000921424,3.1773e-05,0.0007744173333333,0.0014785346666666
0.0001150563333333,0.0052221676666666,0.0031584616666666,0.0018700326666666,0.0032478073333333,0.0025620443333333,0.001665227,0.0022567256666666,0.001156939,0.0023165536666666,0.004262647
0.000237349,0.0017305216666666,7.80703333333333e-05,0.001270706,0.0002865063333333,9.92203333333333e-05,0.0012459736666666,0.000215256,3.36533333333333e-06,0.0001009063333333,0.00037259
0.001308083,0.0072491636666666,0.0009386296666666,0.000302583,0.0108245116666667,0.000638613,0.0013881793333333,0.0020677893333333,6.0294e-05,0.0014255503333333,0.00147117
0.0001369896666666,0.0031354623333333,0.0024696676666666,0.0004849533333333,0.0010799333333333,0.0006991143333333,0.0005672673333333,0.0004457846666666,0.0002722926666666,0.0005743956666666,0.0008769396666666
0.0027812283333333,0.0131966426666667,0.0007339866666666,0.0020397623333333,0.001204774,0.0007772453333333,0.09398833,0.0044990463333333,0.001292869,0.003108572,0.010148997
0.0016507183333333,0.0017335956666666,0.0036766383333333,0.0012245266666666,0.0025230066666666,0.000652394,0.0068594376666666,0.0091812576666666,0.0002843873333333,0.0035891156666666,0.0080772336666666
3.33333333333333e-06,6.89696666666667e-05,0.0007030686666666,3.30653333333333e-05,3.27973333333333e-05,3.33333333333333e-06,0.005069021,0.000955544,0.000589589,0.0037277813333333,0.0
0.000730294,0.002748087,0.0001086013333333,2.0249e-05,0.0004251036666666,0.0001921,0.0042535766666666,0.0008323303333333,0.000337166,0.000434153,0.000314404
0.013700787,0.0062912653333333,0.0062963023333333,0.0027742156666666,0.0045859486666666,0.0009956053333333,0.017511998,0.0179872573333333,0.0003512166666666,0.0057566016666666,0.0287234826666667
