0.0065703946666666,0.0017590706666666,0.0003671363333333,0.0036616143333333,0.0018059786666666,0.000352609,0.0010709978333333,0.0008672883333333,0.0005216721666666,0.0003677893333333,0.0071351123333333
0.003255123,0.0088730753333333,0.0023577443333333,0.001985465,0.0064475373333333,0.001105625,0.001863695,0.0021843836666666,0.0025792173333333,0.000707261,0.005861208
0.0021578153333333,0.0068477053333333,0.0016458493333333,0.003430421,0.003654717,0.0036854733333333,0.0021348753333333,0.0026740523333333,0.002303438,0.0026487796666666,0.0054190026666666
0.00083337,0.003035722,0.0010415156666666,0.0020556403333333,0.00077161,0.000241791,0.001238092,0.0007419786666666,3.55243333333333e-05,8.47536666666667e-05,0.0011947043333333
0.0024348743333333,0.0104528806666667,0.0010675683333333,0.001435655,0.0033553493333333,0.0019656533333333,0.0031504126666666,0.0044963673333333,0.0008346753333333,0.0006623493333333,0.00473907
0.000862416,0.0033650246666666,0.0015944133333333,0.0009023366666666,0.003050377,0.0012429173333333,0.0003377683333333,0.0005362133333333,0.000581188,0.0010223796666666,0.0029487566666666
0.0048133586666666,0.0175505773333333,0.0016957293333333,0.002476688,0.0027346356666666,0.0010072346666666,0.0490516466666667,0.0045767223333333,0.0017117706666666,0.0033417013333333,0.0050596323333333
0.005457383,0.0042608343333333,0.004150856,0.001721747,0.006225686,0.0013377743333333,0.0044003896666666,0.013969541,0.003024312,0.002685658,0.007834646
6.22903333333333e-05,8.739e-05,0.000119956,2e-05,0.0009740813333333,1e-05,0.0006316156666666,9.9403e-05,0.0041590506666666,0.003481746,6.54333333333333e-05
0.0013143163333333,0.0042883356666666,0.000578973,0.0004444593333333,0.0029997596666666,0.0005829783333333,0.0005911956666666,0.001870812,0.0018249093333333,0.000847004,0.0026839136666666
0.0144819233333333,0.0121829106666667,0.009266465,0.0073653313333333,0.013646198,0.0025301626666666,0.008993099,0.025016767,0.0015369906666666,0.0035842073333333,0.0401065266666667
