0.0028069596666666,1.1888e-05,0.0,0.0023664186666666,0.0042207443333333,0.0,0.0,1.11666666666667e-05,3.33333333333333e-06,0.0,0.0206950673333333
0.002605628,0.0194521536666667,0.0,1.534e-05,0.0055964453333333,0.003382149,3.33333333333333e-06,0.003840812,0.0,0.0,0.018480708
0.0008287073333333,0.008401776,0.0008385986666666,0.004943231,0.0051385136666666,0.0013937633333333,0.0,0.002553949,0.0022376993333333,9.84933333333333e-06,0.005583086
0.0047580293333333,0.0002722133333333,0.0,0.0126626163333333,0.0,0.0,0.0,1.3146e-05,7.09466666666667e-06,0.0,0.0147294323333333
0.00205902,0.0159885563333333,0.0008599153333333,1e-05,0.0019846436666666,0.0021174816666666,0.0,0.0059354713333333,2.94893333333333e-05,2.48733333333333e-05,0.0186341923333333
0.0004183776666666,0.003646068,0.001236901,0.001106643,0.001444357,0.0009023053333333,3.33333333333333e-06,0.0009713573333333,7.046e-06,0.0,0.0009798433333333
0.0041927556666666,0.0015189583333333,0.000915352,0.0203949456666667,8.87823333333333e-05,1e-05,0.001802921,0.0103326663333333,0.002787581,0.002089563,0.012977933
4.59633333333333e-05,5.18666666666667e-05,0.0,0.000478626,3.33333333333333e-06,0.0,4.43663333333333e-05,0.0271030226666667,1.03643333333333e-05,0.0,0.04882887
7.2876e-05,3.33333333333333e-06,0.0013597423333333,0.0008531036666666,0.0,1e-05,0.0005068503333333,0.000571757,0.0056834386666666,0.006667193,7.62113333333333e-05
0.001511883,0.0003851243333333,0.0003418273333333,0.0083079223333333,3.33333333333333e-06,0.0005503526666666,0.0021409136666666,0.002053597,0.0012574613333333,0.000472954,0.0013403543333333
0.000313366,0.0003166146666666,3.33333333333333e-06,0.0009909033333333,1.66666666666667e-05,3.968e-06,6.10556666666667e-05,0.00066828,0.0001155693333333,7.97e-06,0.347615066666667
