0.0036078483333333,0.0004940433333333,0.0005407586666666,0.001864113,0.0015385783333333,6.08666666666667e-05,0.003429203,0.0002344063333333,0.0002039116666666,0.0010405826666666,0.003995831
0.00117446,0.007619387,0.000631093,0.0004389006666666,0.0032293483333333,0.0007456363333333,0.003550687,0.0010266593333333,2.77506666666667e-05,0.0008423613333333,0.0009109513333333
0.0005549606666666,0.0063557186666666,0.0015681663333333,0.0025668233333333,0.0031889743333333,0.0025302966666666,0.0009727603333333,0.0013767663333333,0.0008248926666666,0.001535244,0.004472823
0.0002286613333333,0.0013939453333333,0.0001081526666666,0.0025746093333333,0.0003178236666666,0.0001030653333333,0.0004124823333333,0.0004070726666666,0.0,7.24433333333333e-05,0.000111067
0.0009445506666666,0.004931099,0.0014513916666666,0.0002766463333333,0.0012464996666666,0.0011473636666666,0.0022224973333333,0.001005226,1.01e-05,0.002056592,0.0011430436666666
0.0002519183333333,0.0014111516666666,0.0004312103333333,0.0003643633333333,0.0026234563333333,0.001906911,0.0005020493333333,0.0002089703333333,0.000254196,0.0004293653333333,0.0040969423333333
0.0048124006666666,0.0204849526666667,0.0016040893333333,0.0014383716666666,0.0013239793333333,0.000107363,0.0029282756666666,0.0032218306666666,0.0020878346666666,0.0024677426666666,0.0101787036666667
0.0011876176666666,0.0035915196666666,0.003182261,0.0009371076666666,0.0006103303333333,0.0003451723333333,0.008111538,0.0119163436666667,2.45886666666667e-05,0.0028926846666666,0.0044464843333333
6.66666666666667e-06,0.0,0.0001068696666666,0.0,2.0472e-05,6.66666666666667e-06,0.0067815443333333,6.43653333333333e-05,0.0009926706666666,0.0044173936666666,6.66666666666667e-06
0.0007118723333333,0.002568531,0.0003698313333333,0.0003169606666666,0.000636149,0.000579037,0.0018079783333333,0.0015239593333333,0.000350024,0.0005858016666666,0.0004036506666666
0.00740452,0.0093764946666666,0.0061038046666666,0.0015613536666666,0.0030406186666666,0.0003925223333333,0.015911497,0.0261539476666667,0.0003598253333333,0.003529057,0.0260584773333333
