0.0022643263333333,0.001974098,0.00089357,0.0006726346666666,0.0026733486666666,0.0008510503333333,0.0019941583333333,0.001455928,0.000144148,0.0008430313333333,0.0059305123333333
0.0024220013333333,0.0161637053333333,0.0043864076666666,0.001909848,0.0074988123333333,0.0033022816666666,0.0071277103333333,0.0028091246666666,0.0008573546666666,0.0019982016666666,0.004588221
0.0007762026666666,0.0072722226666666,0.0036963213333333,0.0034209226666666,0.0042916923333333,0.0031010803333333,0.0038932176666666,0.0021604976666666,0.002297996,0.0016422533333333,0.007257917
0.0004216576666666,0.0045986843333333,0.0007815486666666,0.0012353896666666,0.0011330876666666,0.00038849,0.0012603336666666,0.0011922613333333,0.0002357686666666,0.000341102,0.0006388586666666
0.0021522666666666,0.0137040186666667,0.0015565353333333,0.0006915453333333,0.0027202513333333,0.0017828706666666,0.0031784416666666,0.0030798746666666,0.00042482,0.003723222,0.003470407
0.00052155,0.0044070106666666,0.0015070173333333,0.0005352733333333,0.0013338856666666,0.0017569526666666,0.000760033,0.0009699173333333,0.000425322,0.000491936,0.0010390893333333
0.0022254343333333,0.0128949693333333,0.0025020933333333,0.001520921,0.0060547156666666,0.0012987213333333,0.003443524,0.007875647,0.0018007643333333,0.0039769256666666,0.0066346326666666
0.0044090196666666,0.010044683,0.0051469616666666,0.002709771,0.0080056023333333,0.002732554,0.0097219496666666,0.021898685,0.001875036,0.0052034116666666,0.0140681016666667
8.0976e-05,0.0010040106666666,0.0024845313333333,0.0001249136666666,0.0002536776666666,9.59173333333333e-05,0.004647343,0.0002968336666666,0.001384284,0.0064300723333333,0.00025981
0.0008664263333333,0.004173385,0.0005897273333333,0.0007506226666666,0.0024807293333333,0.0005697483333333,0.004420317,0.0015667416666666,0.0011936503333333,0.0008545296666666,0.0008620476666666
0.0133908316666667,0.0106077276666667,0.0133819926666667,0.0022712813333333,0.005904981,0.0016059106666666,0.010482613,0.0186877396666667,0.0007697176666666,0.0064829413333333,0.0242926616666667
