0.0027243263333333,0.00223663,6.66666666666667e-06,0.0033799933333333,0.0041145226666666,0.0004170433333333,0.0,0.001170563,6.408e-06,2.77586666666667e-05,0.0043725053333333
0.0026912913333333,0.005434033,0.0026481896666666,0.0165457786666667,0.0045067923333333,0.0017138763333333,2.12e-05,0.009496085,3.33333333333333e-06,0.0002840533333333,0.0055392243333333
0.0007408466666666,0.0036700513333333,0.0005542803333333,0.0056421566666666,0.0033675096666666,0.001293113,6.66666666666667e-06,0.0040984556666666,0.000666761,3.04396666666667e-05,0.0064244276666666
0.0022121346666666,2.68393333333333e-05,0.0,0.0390665233333333,1.68893333333333e-05,0.0,1.33333333333333e-05,0.0010504416666666,0.0,2.85533333333333e-05,0.007332456
0.002225568,0.0108904726666667,0.002399432,0.0144296516666667,0.0030764576666666,0.002545768,8.8496e-05,0.0105472336666667,1.33333333333333e-05,0.000432655,0.0039651393333333
0.0007950296666666,0.0021457993333333,0.000977021,0.002057191,0.0017835893333333,0.0008301706666666,0.0,0.0017971893333333,0.0,2.4652e-05,0.002149731
0.001149287,0.0004100003333333,0.001885421,0.020724743,2.85733333333333e-05,3.45536666666667e-05,0.0027735916666666,0.0086294566666666,0.0029912113333333,0.0022068563333333,0.0053748823333333
0.0029377766666666,0.0119616923333333,0.003962808,0.0166895536666667,0.0066805503333333,0.0034577743333333,7.9665e-05,0.0210815756666667,6.66666666666667e-06,0.0007479763333333,0.0126307613333333
6.7767e-05,0.0,0.0002244486666666,0.0004168866666666,8.75e-06,4.2931e-05,0.0050929266666666,0.0008612586666666,0.001571667,0.006028083,8.36756666666667e-05
0.001073064,0.0002312956666666,0.0005932733333333,0.0027340366666666,5.65156666666667e-05,0.0003108273333333,0.0034506256666666,0.0052448973333333,0.000544457,0.0003365043333333,0.0038404603333333
0.0159473416666667,0.0165549563333333,0.0004581693333333,0.0380583133333333,0.0038000196666666,0.0030404576666666,2.74653333333333e-05,0.0189789666666667,2.31436666666667e-05,0.001204578,0.0332573013333333
