0.0047358176666666,0.002346432,0.0007605856666666,0.0005916166666666,0.0042600423333333,0.0006482406666666,0.0027405696666666,0.002280055,0.00013802,0.0023620483333333,0.008603062
0.006018024,0.0145538373333333,0.0031692116666666,0.0033610226666666,0.0073703853333333,0.002074539,0.005854873,0.0027739666666666,0.0016939986666666,0.0037770103333333,0.008515876
0.0010384776666666,0.0086563563333333,0.0009447483333333,0.001634945,0.003105936,0.0010834306666666,0.0022210016666666,0.002852296,0.0009659176666666,0.001942804,0.004654311
0.0006906886666666,0.0020365186666666,0.0002992333333333,0.003041645,0.0016235816666666,0.001518534,0.001014618,0.0015750693333333,7.97566666666667e-06,0.001153968,0.0032454856666666
0.002143396,0.0085018803333333,0.0017848666666666,0.0010539433333333,0.0057814516666666,0.001511078,0.0022103873333333,0.0039871486666666,0.000641688,0.0038918173333333,0.004946369
0.0007926996666666,0.003314165,0.0014237776666666,0.000634624,0.002828481,0.0006592153333333,0.0009852783333333,0.00186014,0.0003100706666666,0.0014112893333333,0.0018394676666666
0.0036021326666666,0.0104295853333333,0.0025408356666666,0.0012458543333333,0.0038677963333333,0.0007762376666666,0.002192054,0.0054327016666666,0.003318872,0.0086866393333333,0.010219934
0.0060820946666666,0.00604853,0.0040225796666666,0.0023915786666666,0.0064639243333333,0.0029955603333333,0.010887257,0.0320894933333333,0.001058022,0.0042617793333333,0.0198391636666667
0.0,1.33333333333333e-05,0.0033442853333333,1.4368e-05,9.51183333333333e-05,3.33333333333333e-06,0.0019271203333333,1.91803333333333e-05,0.0009329053333333,0.002997885,1.8928e-05
0.0051071056666666,0.011434809,0.0039372446666666,0.0036081253333333,0.0086063806666666,0.0051594043333333,0.0079785643333333,0.0035991113333333,0.0015455803333333,0.0054738043333333,0.0074382233333333
0.0131477556666667,0.0127688216666667,0.0073958206666666,0.003038052,0.0081373733333333,0.0024481626666666,0.0146478436666667,0.0197243876666667,0.000758033,0.0069223613333333,0.0245282466666667
