0.003577284,0.0023483273333333,0.000612337,0.0002830826666666,0.001708726,0.0003839226666666,0.001649299,0.0006138703333333,3.21686666666667e-05,0.0006350036666666,0.003039146
0.003009951,0.004973007,0.0008012786666666,0.0010930213333333,0.0052361746666666,0.001414463,0.0045522683333333,0.0014817493333333,0.000722373,0.0006643786666666,0.0062614936666666
0.0007277733333333,0.005578207,0.001317761,0.00229935,0.0027979506666666,0.0009606173333333,0.0007337796666666,0.0015011253333333,0.0009566386666666,0.0025665446666666,0.0045398043333333
0.0004752066666666,0.0013046083333333,0.0001377453333333,0.002062844,0.0001989143333333,0.0007737083333333,0.0001754326666666,0.0002095006666666,0.0,0.000200587,0.0006085663333333
0.0014075486666666,0.0043656843333333,0.0010114466666666,0.0003663696666666,0.0012622173333333,0.0006864593333333,0.000966855,0.0007039146666666,7.85306666666667e-05,0.002559067,0.0015656676666666
0.0005985116666666,0.0013886553333333,0.0005825196666666,0.000448694,0.0024098496666666,0.0020044936666666,0.0005475826666666,0.000273505,0.0003409203333333,0.0005175463333333,0.002116312
0.0029384273333333,0.021810245,0.001304513,0.0005168823333333,0.002054045,0.0007548506666666,0.0013446433333333,0.003664162,0.0033009533333333,0.003331958,0.006617362
0.0044911253333333,0.0051074296666666,0.0029714743333333,0.000497885,0.0017794506666666,0.00081242,0.00755581,0.0081085263333333,9.9281e-05,0.003265223,0.0068702746666666
6.37726666666667e-05,3.33333333333333e-06,0.000376187,0.0,2.4406e-05,3.33333333333333e-06,0.0052071133333333,0.0,0.0007742903333333,0.0040735933333333,3.33333333333333e-06
0.000896805,0.005753241,0.000307271,0.000378245,0.0003526013333333,0.0005482623333333,0.0016597613333333,0.000980519,0.0001965446666666,0.0001887373333333,0.00058218
0.007917985,0.0116635866666667,0.0051720146666666,0.0029800403333333,0.003222223,0.0019033953333333,0.0060577803333333,0.0104515726666667,0.000144792,0.0044645043333333,0.0256373476666667
