0.0032152706666666,0.003232835,8.98973333333333e-05,0.0045879176666666,0.0045088316666666,0.0018607086666666,3.43766666666667e-05,0.00199234,6.66666666666667e-06,5.76133333333333e-05,0.010239965
0.0042363756666666,0.022933473,0.009265456,0.0039667996666666,0.0065685276666666,0.0024162446666666,6.51796666666667e-05,0.0065629506666666,0.0,0.0001287043333333,0.0063050613333333
0.0006786263333333,0.0010752926666666,0.0059577906666666,0.0031896603333333,0.004783588,0.0019240533333333,0.0,0.0002560693333333,0.0177677516666667,0.0001063483333333,0.0063763766666666
0.005454978,0.0001340373333333,0.0005306296666666,0.0419515833333333,3.78886666666667e-05,6.99766666666667e-06,0.0,0.000917579,3.59133333333333e-06,6.66666666666667e-06,0.01533323
0.002946263,0.0200522776666667,0.00616632,0.003943876,0.006248362,0.0053727033333333,0.0,0.009206735,1.341e-05,4.6439e-05,0.0058420326666666
0.0010170503333333,0.0037862536666666,0.0025576706666666,0.001371,0.0042676113333333,0.0014226263333333,0.0,0.0009933593333333,4.01066666666667e-06,8.80536666666667e-05,0.001406898
0.00405101,0.0006309023333333,1.28506666666667e-05,0.013120226,5.01206666666667e-05,4.13176666666667e-05,0.0026324303333333,0.000487178,0.03749069,0.002220894,0.012699239
0.008874013,0.0154907343333333,0.01428013,0.007029705,0.007172263,0.0033612033333333,0.0,0.0347769733333333,1.33333333333333e-05,0.000135818,0.018984354
0.000188845,2.8638e-05,9.003e-06,8.4025e-05,3.33333333333333e-06,2e-05,0.0004247306666666,6.66666666666667e-06,0.0089729423333333,0.0066487226666666,0.0001300076666666
0.0020690553333333,0.0004487116666666,1.24393333333333e-05,0.0010086536666666,1.465e-05,6.32833333333333e-05,0.0047457716666666,0.0003022976666666,0.0143054423333333,0.000569742,0.0022546556666666
0.0150912613333333,0.017201955,0.000300498,0.0313167086666667,0.0054105083333333,0.00509591,0.0,0.0221157323333333,0.0,0.0006288143333333,0.0444988933333333
