0.0029910736666666,0.001490884,0.0007467126666666,0.0050719236666666,0.001662906,0.000353059,0.001624284,0.000343418,9.919e-06,0.0006363546666666,0.0041295613333333
0.005183493,0.0078332726666666,0.0029246976666666,0.0006305813333333,0.0109976486666667,0.000810093,0.006061353,0.0046763553333333,0.0004684566666666,0.0017374756666666,0.0025056686666666
0.0010396436666666,0.0080906546666666,0.001309328,0.0037168653333333,0.0033963886666666,0.002739835,0.0026925483333333,0.002280783,0.001558173,0.002108651,0.0043654886666666
0.0002260823333333,0.0010407236666666,0.0002108333333333,0.0024429566666666,0.0008785233333333,0.0002060036666666,0.001413023,0.0008207813333333,3.36096666666667e-05,0.0002899016666666,0.000688142
0.0023499546666666,0.0059919786666666,0.0008825696666666,0.000346147,0.0009044656666666,0.0006663336666666,0.0037049103333333,0.002012623,4.96956666666667e-05,0.0017464053333333,0.0010242986666666
0.0003250293333333,0.0010091653333333,0.000835463,0.0005285063333333,0.0016632456666666,0.0009155273333333,0.0006399,0.0005248616666666,0.0003263816666666,0.0009068973333333,0.0017446133333333
0.0018530953333333,0.007409278,0.0012041996666666,0.0006516793333333,0.0017460703333333,0.0004056,0.0037361526666666,0.0080901593333333,0.0018159813333333,0.0025643076666666,0.0163036366666667
0.00421672,0.00359578,0.003894903,0.002367985,0.00346748,0.0017658216666666,0.0086595343333333,0.0146362743333333,0.0008370293333333,0.003655755,0.0077615336666666
8.5369e-05,0.0,0.0005070966666666,0.0,3.04746666666667e-05,0.0,0.0039872793333333,0.0006277036666666,0.000852236,0.0042452106666666,6.66666666666667e-06
0.0012522563333333,0.0013114116666666,0.001007734,0.0011012963333333,0.0006548563333333,0.0005475446666666,0.0028048816666666,0.000832013,0.0012838386666666,0.000486929,0.0008935236666666
0.0077214893333333,0.0097839306666666,0.0119544546666667,0.0048258273333333,0.003898924,0.0021906303333333,0.01647608,0.0235040486666667,0.000182712,0.005594874,0.0251943343333333
