0.0037047836666666,0.000684174,0.0006032103333333,0.00017863,0.0016310153333333,3.43e-05,0.000956624,0.0007512016666666,5e-06,0.0003193163333333,0.003620425
0.0017075426666666,0.0118177776666667,0.0006220763333333,0.002303206,0.001427903,0.002640739,0.003189667,0.0031778463333333,9.06566666666667e-06,0.0009679,0.002146176
0.0011911153333333,0.0053031023333333,0.0017133686666666,0.0029188366666666,0.0036512893333333,0.002301256,0.000544972,0.0016052266666666,0.0010198433333333,0.0013194856666666,0.004598742
0.0002190873333333,0.00116767,0.0001188256666666,0.0020135693333333,0.0013831433333333,0.0001093023333333,0.0002467476666666,0.0002725806666666,3.33333333333333e-06,0.0005810303333333,0.0008942453333333
0.0026765296666666,0.0055981973333333,0.0008097893333333,0.0002164783333333,0.0004050043333333,0.0002568043333333,0.0024391096666666,0.0009719896666666,4.18323333333333e-05,0.0005802916666666,0.0008825123333333
0.0003544416666666,0.0014261886666666,0.0005009136666666,0.0003709243333333,0.0020859483333333,0.002049613,0.0007221803333333,0.0003391053333333,0.0007129026666666,9.71973333333333e-05,0.0037020756666666
0.0014158143333333,0.0051478083333333,0.0013542536666666,0.000263937,0.0010400043333333,0.0004135343333333,0.0007809406666666,0.0025654016666666,0.001081875,0.0011240106666666,0.0102587576666667
0.001434975,0.0021098813333333,0.0028512576666666,0.0008801786666666,0.0026214583333333,0.001985726,0.0063471306666666,0.0075884326666666,6.23273333333333e-05,0.002824903,0.0057618423333333
6.66666666666667e-06,0.0,0.0003084136666666,0.0,2.6378e-05,0.0,0.0031062573333333,0.0,0.0005876336666666,0.003138856,3.33333333333333e-06
0.0009041763333333,0.001822802,5.26603333333333e-05,8.96526666666667e-05,0.0006953846666666,9.87486666666667e-05,0.001286818,0.0013436623333333,0.0021233503333333,0.0003232676666666,0.000719245
0.0083250276666666,0.006175184,0.0064435406666666,0.002165138,0.0065786376666666,0.00401451,0.0134393156666667,0.0157100673333333,4.29836666666667e-05,0.0026551393333333,0.0226188456666667
