0.004338898,0.0013961366666666,0.0006341293333333,0.000311742,0.0014958573333333,0.000387534,0.0017299733333333,0.000673058,1.23876666666667e-05,0.0009433253333333,0.002194754
0.00219777,0.0092716686666666,0.003087246,0.000672028,0.002225142,0.0007229446666666,0.013269932,0.002387335,8.64056666666667e-05,0.0014355893333333,0.002454103
0.0006620736666666,0.0050787873333333,0.0019698516666666,0.001696347,0.0054812276666666,0.0026836276666666,0.0022796406666666,0.0021019686666666,0.001253645,0.002036913,0.0045388743333333
0.0006805776666666,0.0010878703333333,0.0002701996666666,0.000958624,6.99556666666667e-05,0.0003502023333333,0.0027629003333333,0.0002181756666666,3.33333333333333e-06,0.0002017003333333,0.0009419213333333
0.0023943593333333,0.006619081,0.0020651046666666,0.0004969663333333,0.004012023,0.0007706626666666,0.0062046683333333,0.002088954,5.7634e-05,0.001971188,0.0024957803333333
0.0002356093333333,0.0018619713333333,0.0014046343333333,0.000735281,0.0017906456666666,0.0012781303333333,0.000881139,0.000171922,0.0003059293333333,0.0005040886666666,0.0013406483333333
0.0020188083333333,0.0131015456666667,0.0050035603333333,0.0008766383333333,0.0050669276666666,0.0007066066666666,0.0029956933333333,0.0077482703333333,0.003690686,0.0056097946666666,0.008270823
0.003020121,0.003673162,0.0030975413333333,0.0012802203333333,0.002846052,0.0009036236666666,0.007787928,0.0095434026666666,0.0001397493333333,0.0031861726666666,0.0095508533333333
1.0412e-05,0.000239534,0.000785636,5.13866666666667e-06,0.0001628973333333,1.05266666666667e-05,0.0032889656666666,2.46013333333333e-05,0.0009819876666666,0.0045765176666666,2.13036666666667e-05
0.0014910486666666,0.0017091116666666,0.000540397,0.000680096,0.0010633433333333,0.000434793,0.0040944543333333,0.001300575,0.001532021,0.00067233,0.0014711203333333
0.007365004,0.0067849756666666,0.008295564,0.0040252916666666,0.005318514,0.002676435,0.0100128393333333,0.015428833,0.0007481986666666,0.0066722773333333,0.022997091
