0.001891045,0.001019336,0.001387873,0.0008044653333333,0.0014901786666666,0.0003278116666666,0.0013231808333333,0.0005441923333333,0.0014490968333333,0.000292,0.00542661
0.003745146,0.0151201566666667,0.0018744126666666,0.0010798433333333,0.0061725306666666,0.0014358656666666,0.0042585863333333,0.0034746933333333,0.000228848,0.0009925046666666,0.0048142123333333
0.0016682303333333,0.0065001996666666,0.001630021,0.0029470126666666,0.003665065,0.002574026,0.0045751503333333,0.00338411,0.001431371,0.001771161,0.005182356
0.002048402,0.0012869663333333,0.0006890853333333,0.002044238,0.000673906,0.0005601986666666,0.001277141,0.0008729233333333,0.00028812,0.00039126,0.001195249
0.0028695333333333,0.0113139503333333,0.0013486666666666,0.0002962643333333,0.0054227173333333,0.001090735,0.0021005593333333,0.002401236,0.000415881,0.0021229623333333,0.0028441716666666
0.0007480946666666,0.002154541,0.0011133013333333,0.0013097746666666,0.002388245,0.002992866,0.0006191046666666,0.000371631,0.000364695,0.000403728,0.002552493
0.0045781173333333,0.0107911863333333,0.0021925236666666,0.0016082106666666,0.0042424206666666,0.001173816,0.001274438,0.0047406086666666,0.005813269,0.004276685,0.0081545543333333
0.004041078,0.0052870143333333,0.0045707336666666,0.001873017,0.0029432206666666,0.002069682,0.0082633243333333,0.0124967456666667,0.000938444,0.003708191,0.0188404293333333
0.0001971566666666,3.33333333333333e-06,0.0003934156666666,3.534e-05,5.32693333333333e-05,0.0,0.0021429656666666,3.33333333333333e-06,0.0011039246666666,0.0050578283333333,0.0001547536666666
0.0012960283333333,0.0023054873333333,0.002321451,0.0004602626666666,0.001206931,0.0007179413333333,0.0020299743333333,0.001573253,0.0015731703333333,0.0018600263333333,0.00488685
0.0138613113333333,0.011619119,0.014164978,0.0029350476666666,0.009729231,0.0048887543333333,0.014886761,0.0221670393333333,0.000821308,0.0039701206666666,0.0268093493333333
