0.0041255703333333,0.0015074623333333,0.000462931,0.0011001633333333,0.0019131063333333,0.0007755806666666,0.002362883,0.00078813,3.44753333333333e-05,0.0006683786666666,0.0077973133333333
0.0031593776666666,0.0148119273333333,0.0016663516666666,0.0009506,0.007753833,0.0031754636666666,0.0063648066666666,0.00211985,7.7803e-05,0.0006686803333333,0.006659204
0.0015900443333333,0.0144019786666667,0.002091329,0.0036556583333333,0.0035673,0.0030879553333333,0.001021815,0.0052211763333333,0.000612234,0.0024116926666666,0.0096758676666666
0.0005760523333333,0.0025518906666666,0.000243192,0.0007161743333333,0.0005253433333333,0.0001893356666666,0.0010348626666666,0.0007114376666666,0.0001138306666666,0.00015547,0.0007291843333333
0.0028847593333333,0.011935385,0.0003957343333333,0.0007516693333333,0.0056069993333333,0.000562074,0.003918825,0.0043091376666666,6.91623333333333e-05,0.0019353833333333,0.0042163576666666
0.0005013733333333,0.003250898,0.0009202623333333,0.000644286,0.0019782393333333,0.001199568,0.000564101,0.000431411,3.12756666666667e-05,0.000302108,0.000977263
0.0023933846666666,0.0241309433333333,0.0017431776666666,0.0020289136666666,0.0041267506666666,0.0008603463333333,0.0014646403333333,0.0052529976666666,0.0018757773333333,0.004523444,0.013030471
0.004935168,0.0085514333333333,0.0038763733333333,0.001293156,0.0056399823333333,0.0021577516666666,0.0076722716666666,0.0148217933333333,0.0001396236666666,0.0025369476666666,0.014282941
0.001332673,0.000154353,0.0002900683333333,4.11e-05,9.28686666666667e-05,3.33333333333333e-06,0.0062347036666666,0.0002289736666666,0.000705911,0.003686018,4.94873333333333e-05
0.0016380043333333,0.0059065973333333,0.0002793766666666,0.000456804,0.0015491723333333,0.000792336,0.0022431603333333,0.001342448,0.0003026826666666,0.0007002863333333,0.0033044576666666
0.0135415653333333,0.009923776,0.007552787,0.007130262,0.013572457,0.004966521,0.016898942,0.023309879,0.0002602623333333,0.002950911,0.0351251833333333
