0.0035544563333333,0.0005179093333333,0.0010249006666666,0.0006880796666666,0.002617222,9.00803333333333e-05,0.0011518023333333,0.000716295,6.79e-06,0.000429076,0.002258781
0.0024342613333333,0.0098567403333333,0.0015382353333333,0.0006949883333333,0.003618226,0.000336274,0.0127971036666667,0.0008421093333333,0.0002851776666666,0.0007165173333333,0.0023251053333333
0.0003342023333333,0.0043547483333333,0.0003316873333333,0.001770613,0.0029517146666666,0.0010931276666666,0.0015842706666666,0.0022996376666666,0.0006773376666666,0.0017277993333333,0.0039900686666666
0.000886564,0.000951991,7.30683333333333e-05,0.0022801883333333,0.000749315,5.80346666666667e-05,0.0002251666666666,0.000575824,0.0,8.14506666666667e-05,0.0004341713333333
0.0007548486666666,0.00361772,0.0009827003333333,0.0029102356666666,0.0002844203333333,0.000213874,0.001352881,0.0025584063333333,2.6e-05,0.0014503426666666,0.000390007
0.000253196,0.000759014,0.001178327,0.0002775393333333,0.001046776,0.0001201896666666,0.0005102463333333,0.0002155136666666,0.000245384,0.00070824,0.001004244
0.0017310983333333,0.0067011966666666,0.0006285256666666,0.0009303973333333,0.0008536416666666,0.0003540016666666,0.0014538786666666,0.005347473,0.0034894996666666,0.0023991656666666,0.0018099436666666
0.0032156023333333,0.002357311,0.002730283,0.0010107033333333,0.001855374,0.0004115216666666,0.0069357043333333,0.0052384063333333,0.0003196483333333,0.0018345666666666,0.005066592
0.0,0.0,0.0001923,0.0,2.50973333333333e-05,0.0,0.0040320686666666,2.65306666666667e-05,0.0011249253333333,0.003922046,3.33333333333333e-06
0.0013737376666666,0.0037220123333333,0.0002087973333333,8.6924e-05,0.0012277343333333,0.0002177583333333,0.0010691243333333,0.0010593303333333,0.0002060163333333,0.0001042653333333,0.000349099
0.0086825573333333,0.0053362533333333,0.0058117816666666,0.0037706116666666,0.0043132246666666,0.0014622433333333,0.0083392626666666,0.0128400053333333,0.0001189533333333,0.003287889,0.0430332
