0.0031812743333333,0.0042209463333333,0.0,0.0064347916666666,0.0040385453333333,0.000960626,3.33333333333333e-06,0.002911473,6.66666666666667e-06,6.7048e-05,0.0068356663333333
0.003760108,0.0157049696666667,0.003561744,0.018095952,0.0072152986666666,0.0022849963333333,5.5085e-05,0.0064163636666666,1.62826666666667e-05,0.0002305986666666,0.007064126
0.0010730333333333,0.0096952006666666,0.001493441,0.0043218623333333,0.0031764893333333,0.0011267863333333,1.652e-05,0.0028107223333333,0.0009982096666666,0.001958042,0.004501144
0.0043460786666666,0.000117719,3.33333333333333e-06,0.0178814926666667,3.33333333333333e-06,3.33333333333333e-06,0.0,0.0013112393333333,3.33333333333333e-06,6.66666666666667e-06,0.0161511976666667
0.0026063776666666,0.0140494646666667,0.002837798,0.0077571333333333,0.0043760326666666,0.001731484,9.04266666666667e-06,0.0056359593333333,5.94276666666667e-05,0.0001183216666666,0.0038224483333333
0.000853315,0.0052159416666666,0.00229858,0.0034034956666666,0.0022770483333333,0.0005875253333333,0.0,0.0013119763333333,0.0,3.26616666666667e-05,0.002389715
0.0031279556666666,0.001017021,0.0028019103333333,0.0275913623333333,3.33333333333333e-06,2.8653e-05,0.00355596,0.0113548946666667,0.0016934756666666,0.0063120846666666,0.014809198
0.0066199606666666,0.0148000606666667,0.0042984783333333,0.026467704,0.0063021493333333,0.002926646,2.904e-05,0.0331793393333333,0.0,0.000906718,0.019290637
3.2241e-05,1e-05,0.0008058473333333,0.0006861913333333,0.0,2.91043333333333e-05,0.0072731706666666,9.20413333333333e-05,0.0021329816666666,0.0087789503333333,5.09193333333333e-05
0.0014689123333333,0.000536316,0.002656145,0.0045413023333333,1.9443e-05,0.0007304006666666,0.0067093226666666,0.00184319,0.0016199616666666,0.0008859463333333,0.0010152003333333
0.0144009986666667,0.013006102,0.001059218,0.0264312816666667,0.0039870316666666,0.0022371736666666,1.49786666666667e-05,0.024094153,2.75136666666667e-05,0.00065171,0.027631833
