0.0057022863333333,0.0019128683333333,0.0020766496666666,0.0033444223333333,0.00303563,0.000921266,0.0022488215,0.0027215943333333,0.0001094098333333,0.0007794436666666,0.0045574163333333
0.002474071,0.0078037663333333,0.0064147766666666,0.00134452,0.0058001383333333,0.0030474613333333,0.007032541,0.0010383126666666,0.0010551326666666,0.002020071,0.0053900406666666
0.0007076673333333,0.0067463586666666,0.0033736893333333,0.0025321676666666,0.0038465743333333,0.0036011096666666,0.0010382863333333,0.00139748,0.0024072913333333,0.0026032903333333,0.0057695606666666
0.0008997343333333,0.0027338436666666,0.0001871473333333,0.0018583766666666,0.0009157353333333,0.0003583346666666,0.0015532076666666,0.001641028,6.33683333333333e-05,0.0003440036666666,0.000777785
0.0025411156666666,0.0125959573333333,0.0028058866666666,0.0036652476666666,0.0032950863333333,0.0030155626666666,0.002875857,0.002614733,0.0002850566666666,0.0019889716666666,0.005730629
0.0009498053333333,0.0023281373333333,0.0011679833333333,0.0009708566666666,0.0029742663333333,0.0017692506666666,0.001344624,0.0004500723333333,0.000362945,0.0004639593333333,0.0011967033333333
0.0034764096666666,0.013424112,0.0034027263333333,0.0039174853333333,0.0043382196666666,0.002344845,0.003324406,0.0059401216666666,0.002308212,0.0057294376666666,0.0081615973333333
0.0052603813333333,0.0036022156666666,0.004479315,0.0014895476666666,0.0061332676666666,0.002662133,0.0098490536666666,0.0127138736666667,0.0007929413333333,0.0035591406666666,0.0118683516666667
2.39506666666667e-05,4.3464e-05,0.000703813,1.54523333333333e-05,5.87066666666667e-05,1.13806666666667e-05,0.0041319656666666,2.29573333333333e-05,0.000739328,0.0040416496666666,3.97146666666667e-05
0.001544377,0.0032230593333333,0.000819584,0.0004800076666666,0.002531426,0.0004073593333333,0.0044673416666666,0.001714504,0.0011293823333333,0.002840199,0.0023094053333333
0.0188796663333333,0.011603518,0.0109944903333333,0.0056768523333333,0.010145643,0.0040631703333333,0.010933496,0.0198845526666667,0.001503094,0.0050910506666666,0.0372337433333333
