0.0020509536666666,0.0007339306666666,0.0001909476666666,0.0007239103333333,0.0027237933333333,0.0001752686666666,0.001011009,0.0004621063333333,3.32253333333333e-05,0.001306638,0.0026219443333333
0.0034668803333333,0.0060914323333333,0.001369485,0.0008668593333333,0.0050447616666666,0.0005864576666666,0.0062469206666666,0.002025578,0.0007574063333333,0.0009980513333333,0.0043233583333333
0.0007230116666666,0.0057682203333333,0.002565218,0.0021280956666666,0.006155935,0.0038835093333333,0.0037875426666666,0.0017472596666666,0.0022494726666666,0.0052901923333333,0.0053993473333333
0.0020543163333333,0.001657199,0.0001149486666666,0.001577484,0.0001632916666666,0.0001617793333333,0.0007331686666666,0.000626195,0.0,0.0009750466666666,0.000638539
0.0037131013333333,0.0087266596666666,0.0007885916666666,0.0001600216666666,0.0028797213333333,0.0004128703333333,0.004263109,0.0037712306666666,8.8099e-05,0.0016366046666666,0.0034413473333333
0.000438093,0.0017760756666666,0.0013363906666666,0.0014757353333333,0.0015581813333333,0.0008210733333333,0.000701695,0.0006149966666666,0.000305816,0.000727439,0.0017697183333333
0.002796969,0.0089656683333333,0.004623813,0.000575069,0.002559844,0.0005501866666666,0.0029513836666666,0.004216639,0.0019210143333333,0.0026420813333333,0.002654006
0.0031266503333333,0.0019845373333333,0.003714554,0.0010642223333333,0.003282431,0.001294122,0.010251635,0.0132308506666667,0.0002614743333333,0.0040487556666666,0.0061351716666666
3.62666666666667e-06,3.33333333333333e-06,0.0005095836666666,7.68333333333333e-06,2.82253333333333e-05,3.33333333333333e-06,0.0046469236666666,7.14693333333333e-05,0.0007386676666666,0.003619021,3.33333333333333e-06
0.0010668606666666,0.0019074383333333,0.000514182,0.0010995946666666,0.0010116043333333,0.000262872,0.0027115903333333,0.0014338623333333,0.000689322,0.0008028963333333,0.001645589
0.0106007436666667,0.0059769493333333,0.0106403206666667,0.00243103,0.0075265586666666,0.0013854373333333,0.009156342,0.0164508023333333,0.0022317243333333,0.006869343,0.0275116373333333
