0.0078160426666666,0.0060238733333333,1.0809e-05,0.0084951916666666,0.0062347916666666,0.0017737056666666,3.33333333333333e-06,0.0028633333333333,4.36003333333333e-05,0.0001226453333333,0.010648591
0.0060745333333333,0.0218269203333333,0.002717709,0.017538676,0.0073514983333333,0.0035597833333333,6.66666666666667e-06,0.0054053103333333,6.66666666666667e-06,7.5216e-05,0.0081172
0.0013848466666666,0.0106376323333333,0.0035388686666666,0.006505445,0.0043724713333333,0.001982314,1.0032e-05,0.0038692426666666,0.0016915893333333,0.000260811,0.0049035023333333
0.0091642796666666,0.0007710126666666,8.141e-06,0.031639535,0.0001804413333333,9.30133333333333e-06,3.33333333333333e-06,0.0012119653333333,6.66666666666667e-06,2.2322e-05,0.020095239
0.0052367433333333,0.0211328846666667,0.0021828223333333,0.0116536533333333,0.004910268,0.002582482,3.0008e-05,0.009778042,8.82656666666667e-05,0.0025184903333333,0.005901846
0.0009594233333333,0.0042442616666666,0.0021895993333333,0.002935664,0.0030947313333333,0.0007706796666666,3.33333333333333e-06,0.0017241073333333,1e-05,1.39186666666667e-05,0.002195832
0.0073775013333333,0.001636955,0.0032231013333333,0.0410536433333333,0.0002141313333333,7.14783333333333e-05,0.0029831773333333,0.013811102,0.0038664666666666,0.004347134,0.0172424933333333
0.00888683,0.0153172266666667,0.006104402,0.0228391873333333,0.0086927636666666,0.0047009023333333,3.873e-05,0.0387437933333333,1.9301e-05,0.0001712453333333,0.0216749803333333
0.0003159636666666,5.83013333333333e-05,0.0016078043333333,0.002268893,6.66666666666667e-06,0.0006354226666666,0.0064060293333333,0.000578582,0.0023656566666666,0.0081146243333333,0.0005218083333333
0.0020165423333333,0.00098022,0.0020661496666666,0.0105209116666667,7.89983333333333e-05,0.0006879426666666,0.0036415333333333,0.002155442,0.000847729,0.0005403763333333,0.0031950793333333
0.013885773,0.026070724,0.0015340306666666,0.03527431,0.008097592,0.004407424,4.14966666666667e-05,0.021105422,2.96253333333333e-05,0.0005646336666666,0.0378184966666667
