0.001238535,0.002332859,0.0003385693333333,0.0008795633333333,0.001384505,5.56263333333333e-05,0.0015569363333333,0.0012532176666666,0.0004901086666666,0.000200415,0.0037880643333333
0.0020794846666666,0.0138411573333333,0.0019062443333333,0.0013167113333333,0.0038989393333333,0.0010417113333333,0.00628823,0.0018731103333333,0.0001661196666666,0.0009905743333333,0.004583678
0.002518055,0.006397413,0.0012657713333333,0.002449835,0.0048110196666666,0.001087309,0.000904081,0.0018263666666666,0.0008904616666666,0.0008319103333333,0.0052693666666666
0.0003782896666666,0.0040273563333333,0.0002934946666666,0.0012416916666666,0.0005590863333333,0.0003538686666666,0.001230663,0.000696102,0.0,0.0004699056666666,0.001167753
0.002399185,0.0080217136666666,0.001175388,0.000894923,0.0015286616666666,0.0002307943333333,0.0021489593333333,0.0041731136666666,0.0004222483333333,0.0010889963333333,0.0048545306666666
0.000115699,0.002945196,0.0005180793333333,0.000503947,0.000786973,0.000805141,0.0005644583333333,0.000835508,7.545e-06,0.0003244126666666,0.0010502753333333
0.002263081,0.0123311456666667,0.005760456,0.0019567486666666,0.002889893,0.0020668893333333,0.001184788,0.0104883376666667,0.0007553316666666,0.0037261896666666,0.012492463
0.003752724,0.0067920543333333,0.0042146176666666,0.001483983,0.0071237486666666,0.0013099496666666,0.009227856,0.0299120336666667,0.0004425833333333,0.0029520296666666,0.018901171
0.000520748,0.000138677,0.001317633,4.44263333333333e-05,2.89166666666667e-05,3.33333333333333e-06,0.0042202163333333,0.0033665926666666,0.0013054543333333,0.0046637686666666,2.2719e-05
0.000899788,0.0017793966666666,0.0002194813333333,0.0005148886666666,0.0007700666666666,0.000323006,0.00269884,0.001163695,0.0004953526666666,0.0002822506666666,0.001014064
0.0084185096666666,0.0088368646666666,0.0065745493333333,0.0044434516666666,0.0060171,0.0015564513333333,0.0148226003333333,0.0184267776666667,0.0002788713333333,0.0042121693333333,0.04199635
