0.004254512,0.0026299186666666,0.0,0.0031113486666666,0.0014577176666666,0.0001793283333333,0.0,0.001485162,0.0,1e-05,0.0047025326666666
0.0030221506666666,0.0068250326666666,0.002189373,0.008304994,0.0082972473333333,0.002367271,4.13753333333333e-05,0.0022163146666666,0.0,0.0001909483333333,0.0052553593333333
0.000470076,0.0075372303333333,0.0019582736666666,0.0048395423333333,0.004261455,0.0020483926666666,0.0,0.0024495556666666,0.001224894,4.03666666666667e-06,0.0061322843333333
0.002518702,0.000226462,0.0,0.019022807,3.33333333333333e-06,6.66666666666667e-06,0.0,0.0002790336666666,0.0,1.71073333333333e-05,0.0086488336666666
0.0011624786666666,0.00618132,0.001334762,0.0037265563333333,0.003795781,0.0008372993333333,4.34853333333333e-05,0.0024603606666666,3.33333333333333e-06,0.0003054106666666,0.001979026
0.000828773,0.003618484,0.0009699726666666,0.0021082403333333,0.001251419,0.0013580613333333,6.66666666666667e-06,0.001927078,0.0,1.75e-05,0.0012991266666666
0.0020791776666666,0.0012102296666666,0.0024980353333333,0.0237498313333333,0.0004737573333333,7.1831e-05,0.0018638676666666,0.0079799306666666,0.0015026813333333,0.0027380966666666,0.0082736706666666
0.0040786186666666,0.0046723353333333,0.003671738,0.0170929943333333,0.005548437,0.001816666,3.43726666666667e-05,0.0162691206666667,1.3035e-05,0.0006307306666666,0.0140986593333333
9.51483333333333e-05,3.29756666666667e-05,0.000509131,0.000457003,4.009e-06,0.0005470603333333,0.003699584,0.0002245466666666,0.0015985533333333,0.006424419,8.20473333333333e-05
0.0009653723333333,0.0003504786666666,0.0004279613333333,0.003980356,8.47103333333333e-05,0.0002751206666666,0.0038598703333333,0.001615345,0.0005534236666666,0.0003732516666666,0.0009562446666666
0.013525714,0.0053287933333333,0.0002787723333333,0.0213614756666667,0.004523941,0.002093164,3.0861e-05,0.02334101,3.876e-06,0.0009662106666666,0.029158342
