0.0035233086666666,0.002986776,6.41966666666667e-06,0.0056592783333333,0.0042432946666666,0.0009565006666666,0.0,0.0019013603333333,0.0,1e-05,0.0092752366666666
0.0040067496666666,0.023025593,0.0025104203333333,0.015954108,0.0036820083333333,0.0014330106666666,8.02586666666667e-05,0.0030724883333333,0.0,3.63e-05,0.0028828936666666
0.0010235296666666,0.0109688793333333,0.0018203276666666,0.0046550153333333,0.002299796,0.002454823,0.0,0.0021179336666666,0.0013256723333333,4.27073333333333e-05,0.003528188
0.0022646996666666,0.000678692,0.0,0.017511288,3.33333333333333e-06,3.33333333333333e-06,3.33333333333333e-06,0.0006200723333333,0.0,2.37153333333333e-05,0.012626806
0.002525895,0.019820565,0.001022556,0.0079404976666666,0.0062999683333333,0.000922163,7.36666666666667e-06,0.0047978773333333,5.5375e-05,2.61193333333333e-05,0.0050417986666666
0.0005368803333333,0.005137565,0.0017834036666666,0.0027662956666666,0.001736426,0.0008239313333333,0.0,0.0007989216666666,0.0,1.96266666666667e-05,0.0017862926666666
0.001479653,0.0013663993333333,0.0016524586666666,0.033125233,2.4379e-05,0.0,0.0032633256666666,0.0069910276666666,0.001096709,0.0038320853333333,0.0118770083333333
0.0041538606666666,0.0114031373333333,0.0045319133333333,0.018532295,0.0036375896666666,0.0024325063333333,6.09236666666667e-05,0.0321721593333333,2.38043333333333e-05,0.000255535,0.0078126473333333
1.78336666666667e-05,9.2077e-05,0.0002445763333333,0.0009090373333333,0.0,3.6325e-05,0.005555051,0.0019109476666666,0.0020616053333333,0.006241656,3.681e-05
0.001043611,0.00034993,0.0002065473333333,0.0055400913333333,0.0,0.0004229516666666,0.0024803296666666,0.0014003933333333,0.0008261076666666,0.001179061,0.000778398
0.011804498,0.0156171393333333,0.0018476886666666,0.0262928903333333,0.0044135273333333,0.0043218343333333,1.33333333333333e-05,0.0155595553333333,4.784e-06,0.0008439743333333,0.0409934166666667
