0.0029189583333333,0.002658585,0.00053932,0.001396078,0.0032675176666666,0.0005247966666666,0.0029884783333333,0.0017337486666666,0.0001009616666666,0.000996308,0.0048873443333333
0.001750476,0.0117001153333333,0.0029464123333333,0.006597163,0.0070478173333333,0.0026861883333333,0.0097723356666666,0.0030316916666666,0.0007947773333333,0.0026653973333333,0.002985259
0.0005918186666666,0.006129912,0.000985131,0.0015787206666666,0.0058000493333333,0.002304463,0.0018504213333333,0.002280573,0.0014306233333333,0.0011906123333333,0.004974289
0.0005731376666666,0.0023580313333333,0.0004899986666666,0.001075008,0.001155018,0.0008957926666666,0.0013074816666666,0.001910677,0.0003221736666666,0.0004577523333333,0.0011955466666666
0.0023084686666666,0.0118330186666667,0.00148714,0.001168352,0.0079865376666666,0.0017373516666666,0.0070191326666666,0.010447353,0.0004854516666666,0.0011996403333333,0.0102074893333333
0.0006642523333333,0.0028786743333333,0.0009043013333333,0.0004133816666666,0.003253722,0.0009813753333333,0.002220043,0.0014449203333333,7.41846666666667e-05,0.0005851493333333,0.002351602
0.002672147,0.014472033,0.0023190036666666,0.001489757,0.0076953943333333,0.001625654,0.0021394046666666,0.0123020106666667,0.001432606,0.0058958496666666,0.016317568
0.0038629326666666,0.0082988443333333,0.0044919746666666,0.0028106266666666,0.0086674763333333,0.0028040523333333,0.0141466393333333,0.0251478493333333,0.0011104823333333,0.0045609326666666,0.027155069
3.81693333333333e-05,0.0001495153333333,0.000150665,0.000115435,0.000668777,2.5997e-05,0.006429305,0.0002113356666666,0.001664545,0.0051941123333333,8.22803333333333e-05
0.000919055,0.0020595213333333,0.0007467516666666,0.0005496886666666,0.0015308136666666,0.0006316153333333,0.003714139,0.0008345306666666,0.0006033253333333,0.000480586,0.0011585683333333
0.0100389983333333,0.0153860353333333,0.008287471,0.0068305883333333,0.0077108516666666,0.0021324706666666,0.0166598213333333,0.0208532296666667,0.0003066983333333,0.0056829793333333,0.0299380763333333
