0.0044270616666666,0.0037854703333333,0.0008128796666666,0.0016366793333333,0.0035007333333333,0.0006419706666666,0.0024656441666666,0.0011813053333333,0.0001439221666666,0.0019127833333333,0.008564526
0.0047162466666666,0.0147927503333333,0.002522999,0.0021521103333333,0.0091089816666666,0.0033897996666666,0.005338257,0.0029076956666666,0.000681861,0.0045844683333333,0.0125254143333333
0.001595294,0.0040547766666666,0.0012695793333333,0.001750065,0.0018443633333333,0.0031946433333333,0.0028012033333333,0.0020698346666666,0.0009896553333333,0.0017032093333333,0.0051982513333333
0.000446034,0.0020649583333333,0.0003703723333333,0.001777549,0.0015481933333333,0.0005486626666666,0.0004925566666666,0.0011909346666666,1.5715e-05,0.001167851,0.0020948123333333
0.0021321086666666,0.0145028906666667,0.002679222,0.0011245016666666,0.004360914,0.0035863453333333,0.002052381,0.0032836103333333,0.0004014013333333,0.0043912006666666,0.007337262
0.0013913303333333,0.002906505,0.0012819746666666,0.0007351266666666,0.0026995736666666,0.0010218363333333,0.0006743016666666,0.0011625523333333,0.000531974,0.001272694,0.0017104356666666
0.0024057313333333,0.0163781313333333,0.0113758223333333,0.0015299043333333,0.005266452,0.0009712263333333,0.0026669873333333,0.0057456686666666,0.00356273,0.0073042746666666,0.0115067856666667
0.006358518,0.0044141356666666,0.0028205933333333,0.0030699436666666,0.007609642,0.0024588466666666,0.008563742,0.023809879,0.0013686143333333,0.009860369,0.021979093
0.0,3.33333333333333e-06,0.0023505883333333,3.33333333333333e-06,0.000119943,6.66666666666667e-06,0.0015586186666666,9.19733333333333e-06,0.00130756,0.0049877216666666,2.9139e-05
0.0093622803333333,0.015498735,0.0078158876666666,0.005807031,0.017203176,0.008824837,0.0023253403333333,0.0058844496666666,0.002316197,0.0086061916666666,0.017718894
0.0110516983333333,0.0122495196666667,0.008200487,0.0046166833333333,0.0127528913333333,0.0033851086666666,0.0144290326666667,0.027400286,0.001270856,0.0090439753333333,0.028031231
