0.0025717593333333,0.0016289863333333,0.0006405016666666,0.0003560553333333,0.002334828,0.0003048116666666,0.0018211045,0.0018964713333333,7.88405e-05,0.0005258193333333,0.007036781
0.0016068256666666,0.017784303,0.0037070916666666,0.0014058343333333,0.0044672103333333,0.0014976173333333,0.0058067046666666,0.0027251196666666,0.0006101063333333,0.0018518783333333,0.003395003
0.0007758376666666,0.0093304536666666,0.00325962,0.0030210076666666,0.0035298713333333,0.0031951386666666,0.0020127216666666,0.002234492,0.0016874096666666,0.0013046073333333,0.0071716533333333
0.0004260903333333,0.0030362513333333,0.0003318096666666,0.0007253413333333,0.0004574066666666,0.0006543463333333,0.000674708,0.0006913953333333,0.0002187293333333,0.0004083826666666,0.000567418
0.0011113803333333,0.0149130583333333,0.002783114,0.0005400503333333,0.0067735503333333,0.0017230406666666,0.0017845383333333,0.002641142,0.000455899,0.0014206973333333,0.0018061346666666
0.000244371,0.0044024393333333,0.0012917093333333,0.000435901,0.0013572263333333,0.001021947,0.0011953603333333,0.0010708606666666,0.000124083,0.000447741,0.0010408803333333
0.0016887986666666,0.028159478,0.0011741973333333,0.001297562,0.003025735,0.001864153,0.002842446,0.0101832326666667,0.001103992,0.003630045,0.0056113136666666
0.0030622183333333,0.008466791,0.0038623096666666,0.001546974,0.005534389,0.0027138483333333,0.0082230516666666,0.0282642513333333,0.0011486536666666,0.0033397333333333,0.0076904673333333
6.77473333333333e-05,0.0006365263333333,0.0007497936666666,4.2712e-05,0.0008367626666666,5.84353333333333e-05,0.004026918,0.000237913,0.0019071876666666,0.0076015763333333,6.57233333333333e-05
0.0006928586666666,0.0093637976666666,0.0002105763333333,0.0006885616666666,0.0007834446666666,0.00041356,0.003628417,0.0013693226666666,0.0005994433333333,0.0008028523333333,0.0006932226666666
0.0154645476666667,0.0150207033333333,0.005953312,0.002351762,0.0069636146666666,0.0022060083333333,0.009978148,0.0192540976666667,0.0016552406666666,0.005692896,0.0540984966666667
