0.004102442,0.0040212883333333,7.26933333333333e-06,0.009589958,0.00497827,0.000932812,3.33333333333333e-06,0.003029884,9.1192e-05,5.03246666666667e-05,0.009997113
0.0059617856666666,0.020966396,0.0034056526666666,0.0156361526666667,0.006039077,0.002549974,6.66666666666667e-06,0.005195042,1.20623333333333e-05,5.49986666666667e-05,0.0111516053333333
0.001570637,0.009377349,0.001774698,0.0075713686666666,0.004064799,0.001850832,9.71466666666667e-06,0.0041249963333333,0.0022209293333333,5.0484e-05,0.0045017313333333
0.0072275963333333,0.000611724,0.0,0.0208571773333333,3.8714e-05,4.184e-06,0.0,0.001377997,1.09226666666667e-05,3.05406666666667e-05,0.0173263616666667
0.0035973076666666,0.0208140663333333,0.0024433186666666,0.0104914253333333,0.0067642536666666,0.0024535003333333,3.33333333333333e-06,0.0065981946666666,6.48286666666667e-05,0.0016434983333333,0.0073001506666666
0.0008173636666666,0.0044242053333333,0.0049001196666666,0.002446335,0.0028197463333333,0.0006416126666666,3.33333333333333e-06,0.001296813,1.96886666666667e-05,1.3896e-05,0.0023188683333333
0.0058732956666666,0.0019424933333333,0.0024673973333333,0.0342140733333333,0.000164118,0.0001010583333333,0.0033316683333333,0.0142830913333333,0.002251511,0.0043987306666666,0.0155102113333333
0.0081128056666666,0.0178785073333333,0.006789243,0.0205354813333333,0.008347106,0.0034648,2.3465e-05,0.0372157033333333,4.15066666666667e-05,0.0002503716666666,0.022573018
0.00015155,7.42123333333333e-05,0.0021970843333333,0.001171439,0.0,0.0001795356666666,0.0067012463333333,0.0002990536666666,0.0030274536666666,0.0089860076666666,0.0004771043333333
0.002395313,0.0003469413333333,0.0021330883333333,0.0096858316666666,8.44116666666667e-05,0.0007824213333333,0.0039891273333333,0.0025473293333333,0.0012008956666666,0.0007467766666666,0.0034868776666666
0.0187455463333333,0.0236533923333333,0.0008994156666666,0.0378992,0.0078203736666666,0.0039112153333333,1.35e-05,0.0241062806666667,6.33823333333333e-05,0.0006842603333333,0.0404634066666667
