0.0038257626666666,0.004074783,1e-05,0.0073349783333333,0.004689898,0.0019617313333333,0.0,0.002246599,3.33333333333333e-06,0.000189386,0.0070453826666666
0.005890156,0.015371691,0.0032541733333333,0.0212010673333333,0.0087455113333333,0.002121116,6.442e-05,0.0064268256666666,3.33333333333333e-06,0.0002588943333333,0.006999651
0.0013345666666666,0.009564419,0.0025475736666666,0.007993531,0.0049528786666666,0.0026221476666666,6.66666666666667e-06,0.003428011,0.0013707193333333,2.66666666666667e-05,0.0064735186666666
0.0058416183333333,0.0002418893333333,1.05606666666667e-05,0.019369802,1e-05,0.0,0.0,0.0011450306666666,0.0,1e-05,0.0187811116666667
0.0034242886666666,0.0227190033333333,0.0022843963333333,0.0108370413333333,0.0039260976666666,0.001748358,0.00011996,0.012274462,4.72693333333333e-05,0.000162209,0.0050466933333333
0.0009021506666666,0.004773153,0.0020633063333333,0.003026734,0.0029594186666666,0.0012326613333333,0.0,0.0008504063333333,0.0,1.72653333333333e-05,0.001436085
0.0048065853333333,0.0008622053333333,0.0028129146666666,0.032255489,3.01996666666667e-05,3.0568e-05,0.0039147206666666,0.015608533,0.0018512726666666,0.0047854993333333,0.017398355
0.0079623426666666,0.015356644,0.0051606806666666,0.0218822176666667,0.0075559903333333,0.0033189016666666,1e-05,0.03710416,0.0,0.0006773246666666,0.0211258986666667
9.00723333333333e-05,2.3718e-05,0.0017472933333333,0.000439542,0.0,8.24006666666667e-05,0.0069055116666666,0.0005220263333333,0.0029951046666666,0.0072937216666666,0.000139281
0.001161589,9.02663333333333e-05,0.001017533,0.0051386336666666,3.10306666666667e-05,0.0008143306666666,0.0045643096666666,0.0018811193333333,0.0009055583333333,0.0007620966666666,0.00211935
0.0139415633333333,0.0180371016666667,0.0023227726666666,0.0329177246666667,0.0072316053333333,0.0031759413333333,2.88126666666667e-05,0.026561072,0.0002829283333333,0.0005709106666666,0.0289993946666667
