0.0041577023333333,0.0015779906666666,0.000511458,0.0003298613333333,0.00271345,0.000305175,0.0020722638333333,0.000710951,1.02008333333333e-05,0.000429686,0.0038353806666666
0.001611997,0.0064413926666666,0.0008944093333333,0.001301512,0.00382548,0.000637222,0.0070474486666666,0.001868911,0.0010508326666666,0.0010162426666666,0.0067545096666666
0.000681609,0.0059636766666666,0.0012483096666666,0.0031610526666666,0.0040687753333333,0.0017391963333333,0.0012329533333333,0.0014927753333333,0.0011580973333333,0.0018403153333333,0.0048988906666666
0.000245041,0.0008256376666666,0.0002271143333333,0.0027892526666666,0.0001189436666666,0.001027385,0.0009266536666666,0.0013939633333333,2.35133333333333e-05,5.8398e-05,0.000298801
0.001359981,0.0053841296666666,0.00092604,0.0002104713333333,0.0019517573333333,0.0009510593333333,0.0007056403333333,0.0012745133333333,1.52813333333333e-05,0.0013827333333333,0.001622353
0.0006915896666666,0.0011466923333333,0.000619497,0.000429839,0.002144962,0.001540204,0.0012508763333333,0.0005994243333333,0.0003086883333333,0.0005351166666666,0.0017946886666666
0.001416461,0.0082101863333333,0.001201981,0.0017950883333333,0.000824837,0.000712369,0.0012516083333333,0.003524469,0.004163693,0.002862219,0.0088320836666666
0.00210652,0.002074349,0.0029505306666666,0.0010208503333333,0.0011374556666666,0.0018193433333333,0.0068885673333333,0.0054999703333333,7.3933e-05,0.001576943,0.00848444
0.0,3.33333333333333e-06,0.00147677,0.0,2.68126666666667e-05,0.0,0.0047527866666666,3.33333333333333e-06,0.0013555163333333,0.0065781776666666,3.33333333333333e-06
0.000788708,0.0064388613333333,0.0005379036666666,0.0003688666666666,0.0003846743333333,0.000461949,0.0018166176666666,0.0006814476666666,0.0004724726666666,0.000679166,0.0005752033333333
0.0132151826666667,0.009928706,0.0068506206666666,0.0036704653333333,0.0058648236666666,0.0016495553333333,0.0115670116666667,0.0158886216666667,8.76823333333333e-05,0.003799738,0.021288874
