0.0031823186666666,0.0013691703333333,0.000530338,0.0013328973333333,0.001364664,0.000259896,0.0020697533333333,0.0005244793333333,6.653e-06,0.000583243,0.006707604
0.001683669,0.0142735153333333,0.0015730093333333,0.0003626316666666,0.0024217513333333,0.000464475,0.006818816,0.0008194443333333,4.1764e-05,0.0006217643333333,0.0020742266666666
0.00085492,0.0066490653333333,0.0021647116666666,0.00139595,0.0030952383333333,0.0009667326666666,0.000790955,0.0023797716666666,0.0013916233333333,0.0006942136666666,0.0035320626666666
0.001105102,0.001540477,5.8333e-05,0.0001774826666666,0.001048799,0.0001049153333333,0.001938326,0.0002607436666666,0.0,8.29683333333333e-05,0.000223341
0.0017305053333333,0.010573292,0.0009782473333333,8.64433333333333e-05,0.012146611,0.0005827716666666,0.0054043516666666,0.003099221,7.23446666666667e-05,0.001255175,0.0017766166666666
0.000239785,0.0024479526666666,0.0006330796666666,0.0006819823333333,0.0010594866666666,0.0004306496666666,0.0012165983333333,0.0002307133333333,0.0002156373333333,0.0003668963333333,0.0010052376666666
0.0020761726666666,0.0181542336666667,0.0011668416666666,0.000766859,0.0028930903333333,0.0002868106666666,0.0017355766666666,0.0074950283333333,0.0012658176666666,0.0085965633333333,0.0101296183333333
0.0040688323333333,0.0054558923333333,0.0031781583333333,0.0004414203333333,0.0022034326666666,0.0022474026666666,0.0102840896666667,0.0116695846666667,0.0001297686666666,0.0026501246666666,0.0063613823333333
6.66666666666667e-06,3.59396666666667e-05,0.000692457,3.83733333333333e-06,0.000277634,0.0,0.0044142783333333,7.06793333333333e-05,0.0003746673333333,0.0024136686666666,8.925e-05
0.001328848,0.0035568746666666,0.000290641,0.0005230323333333,0.001332777,0.000278691,0.0029681206666666,0.001138765,0.0006668343333333,0.000276037,0.001462524
0.009503447,0.0064658366666666,0.005426256,0.002676405,0.0037994063333333,0.0007525196666666,0.0157664823333333,0.015353078,0.0003864766666666,0.0036036653333333,0.0339875333333333
