0.004825368,0.000634613,0.0001977686666666,0.002710316,0.0015870153333333,0.0001033256666666,0.0009649506666666,0.0008780723333333,4.09456666666667e-05,0.0001383113333333,0.003606653
0.0024844453333333,0.0111416833333333,0.001061097,0.0009853773333333,0.003363127,0.001098627,0.0044395856666666,0.0030954066666666,0.0001362036666666,0.001164579,0.002818871
0.0004289496666666,0.0044511866666666,0.0013004426666666,0.0027024203333333,0.0043654033333333,0.002960995,0.003383121,0.001416809,0.0008693496666666,0.0005430243333333,0.0055179566666666
0.0005779206666666,0.001199774,0.00064043,0.0018462006666666,0.000255761,0.0001864663333333,0.0004166123333333,0.000509822,1.58053333333333e-05,0.0001718836666666,0.000408073
0.0011028846666666,0.0076892743333333,0.0009931116666666,0.0003299413333333,0.0015152906666666,0.000383923,0.001831637,0.002054765,0.0003770743333333,0.001399326,0.0008506673333333
0.0003687956666666,0.001513238,0.0006616183333333,0.0007451303333333,0.0016454626666666,0.001139052,0.0009201646666666,0.0006762373333333,0.0003290966666666,0.0001549266666666,0.0013708013333333
0.0031379006666666,0.0096451273333333,0.0010559286666666,0.001054219,0.0019697116666666,0.0007487546666666,0.0014646013333333,0.0026406933333333,0.003530901,0.0029042056666666,0.0074176123333333
0.002066794,0.002003933,0.0032896736666666,0.0015662526666666,0.002721457,0.0008690266666666,0.0085734033333333,0.0143385186666667,0.000299262,0.002328048,0.0058186776666666
7.42e-06,0.000110434,9.7697e-05,7.66266666666667e-06,5.57633333333333e-05,1.4671e-05,0.0041465453333333,3.42726666666667e-05,0.001277887,0.005843834,3.55086666666667e-05
0.0007614003333333,0.0020270643333333,0.000363888,0.000767424,0.001242324,0.000346003,0.0020061703333333,0.0012197323333333,0.001030509,0.0001360083333333,0.001561137
0.0115535806666667,0.0094209976666666,0.004940759,0.00575389,0.005193,0.004245153,0.0133235296666667,0.0172962766666667,0.0005786236666666,0.003285292,0.0235545366666667
