0.0033461526666666,0.0073220243333333,0.0,0.0087998393333333,0.0046040393333333,0.0010920286666666,3.33333333333333e-06,0.003309135,5.10733333333333e-06,0.0003775716666666,0.0082276623333333
0.00738126,0.018144284,0.0057289486666666,0.0178316596666667,0.016506782,0.0051146463333333,1.54386666666667e-05,0.0040189943333333,0.0001087693333333,7.08593333333333e-05,0.0077937336666666
0.0012992726666666,0.0097111393333333,0.0020657616666666,0.0057899236666666,0.004542899,0.0031864683333333,1.1595e-05,0.003090193,0.001641714,0.002052888,0.0058792296666666
0.0057210116666666,0.000233277,0.0,0.0231872286666667,1.34763333333333e-05,1e-05,3.33333333333333e-06,0.00158278,0.0,1.9329e-05,0.018690643
0.004340033,0.019550447,0.004672222,0.0126975396666667,0.0065433736666666,0.0019407663333333,1.62106666666667e-05,0.0123927376666667,0.0001019706666666,0.000107694,0.009013061
0.0013643233333333,0.0044396893333333,0.001406292,0.0023818923333333,0.002199982,0.0012096026666666,1.10116666666667e-05,0.0013134856666666,6.66666666666667e-06,3.52866666666667e-05,0.0024552743333333
0.0061184256666666,0.001482943,0.004626335,0.0290665136666667,0.0001397166666666,0.0001150416666666,0.002208383,0.0114109616666667,0.0018416793333333,0.003982613,0.0166473363333333
0.0082980786666666,0.0123385866666667,0.0059724806666666,0.0252957766666667,0.0110562586666667,0.0029386736666666,0.0001917553333333,0.0347650433333333,5.72053333333333e-05,0.0002765716666666,0.0210043113333333
0.0001852283333333,6.66666666666667e-06,0.002525424,0.001176303,3.33333333333333e-06,0.0001110596666666,0.0057494536666666,0.0018557496666666,0.0019573393333333,0.0057057463333333,0.0003096753333333
0.001439969,0.0002030366666666,0.000967192,0.0077041876666666,7.72613333333333e-05,0.0009197216666666,0.0041459126666666,0.0017690216666666,0.0010404823333333,0.0007903716666666,0.0038812936666666
0.016193172,0.0156897703333333,2.07663333333333e-05,0.0466211166666667,0.0140771413333333,0.0030868923333333,2.85866666666667e-05,0.025323387,1.9504e-05,0.0005863393333333,0.0469675533333333
