0.0050593553333333,0.0016857653333333,0.0010669393333333,0.0056676343333333,0.0047168586666666,0.0004053466666666,0.0019208608333333,0.0008529636666666,0.0001076228333333,0.0005587286666666,0.0073893936666666
0.0024669276666666,0.0114314696666667,0.001249661,0.0014881546666666,0.0061936013333333,0.0026696733333333,0.0042106156666666,0.0058679216666666,0.0002786806666666,0.0010799653333333,0.0028118253333333
0.001083199,0.0090714256666666,0.0035312816666666,0.0036145726666666,0.0037952663333333,0.0028636023333333,0.006132027,0.0024019946666666,0.0032879166666666,0.0012619116666666,0.005557783
0.0018032866666666,0.0012301906666666,0.0003859706666666,0.001649143,0.0003351903333333,0.000487998,0.002825892,0.0006478513333333,9.13196666666667e-05,0.0001274546666666,0.001021228
0.001710637,0.0077638916666666,0.0012065493333333,0.0038512646666666,0.0027251863333333,0.0041726626666666,0.0026706416666666,0.005924561,0.0003740386666666,0.0033424136666666,0.003562334
0.001078405,0.0023055393333333,0.0012729286666666,0.0004245703333333,0.0017228266666666,0.0008386606666666,0.000946498,0.000627381,0.0004308296666666,0.0010288176666666,0.002079951
0.0040706606666666,0.0126601046666667,0.0017222593333333,0.0012528813333333,0.0033016063333333,0.0014104673333333,0.0022379816666666,0.0086282683333333,0.003617038,0.002530363,0.0035442666666666
0.0058386416666666,0.004752369,0.003811956,0.001134304,0.0056205466666666,0.0013984643333333,0.0106737836666667,0.0196128803333333,0.000691674,0.0026611893333333,0.0116305266666667
5.22676666666667e-05,1.18786666666667e-05,0.0009785616666666,0.0002115676666666,5.03883333333333e-05,3.33333333333333e-06,0.00447836,5.10226666666667e-05,0.0015356636666666,0.0042600453333333,0.000118436
0.001756216,0.005476357,0.0011547926666666,0.0006331193333333,0.0014643043333333,0.0008899416666666,0.0018574143333333,0.0017656073333333,0.0012189946666666,0.000889593,0.003189308
0.017980989,0.0101926186666667,0.009588136,0.0049283476666666,0.0113495293333333,0.003812201,0.0090834723333333,0.027256069,0.0010120813333333,0.007378489,0.0269879286666667
