0.00313708,0.0012255366666666,0.0004393926666666,0.0015509123333333,0.0029843453333333,0.0006580923333333,0.0018218778333333,0.001137969,6.91098333333333e-05,0.0007330173333333,0.0065733253333333
0.0031673553333333,0.010272961,0.003826023,0.0006325193333333,0.0038061963333333,0.000929588,0.0058641366666666,0.0021205373333333,9.53653333333333e-05,0.0012226783333333,0.0039564646666666
0.0023746723333333,0.0082756556666666,0.0012266173333333,0.002101838,0.0061013773333333,0.0023049703333333,0.0008375983333333,0.0017335876666666,0.000755488,0.0015444996666666,0.0057009523333333
0.001318055,0.002614384,0.0001291756666666,0.0008383143333333,0.0013913966666666,0.000865631,0.0010571116666666,0.0005238976666666,8.72466666666667e-06,0.0002452216666666,0.001405723
0.0044705203333333,0.012339721,0.001547741,0.000786741,0.0057440763333333,0.0007507276666666,0.0023402876666666,0.0026382923333333,6.61676666666667e-05,0.0005217583333333,0.0023491976666666
0.0005137026666666,0.0021797833333333,0.0012916943333333,0.000564311,0.0032503083333333,0.0015271676666666,0.001184172,0.0004426753333333,0.000236692,0.0003195623333333,0.0011712833333333
0.0059196243333333,0.144508346666667,0.0015091733333333,0.0004996923333333,0.0048806153333333,0.0009421283333333,0.003618717,0.0042752983333333,0.0014697093333333,0.0054368513333333,0.0048886963333333
0.0048492203333333,0.0080485863333333,0.0032600966666666,0.000766506,0.0044742753333333,0.002167474,0.005323677,0.014896974,4.28523333333333e-05,0.0026296953333333,0.016181399
1.2515e-05,4.11516666666667e-05,0.0009001036666666,7.12566666666667e-06,6.1241e-05,0.0002411733333333,0.004090207,3.32773333333333e-05,0.0005323456666666,0.002810335,9.4011e-05
0.0018425423333333,0.003223979,0.0002940426666666,0.0007573123333333,0.001955727,0.000477467,0.0025946493333333,0.001608548,0.0008769916666666,0.000446036,0.0019488876666666
0.0108923206666667,0.010575684,0.005472224,0.002548069,0.0104863473333333,0.0027219893333333,0.007137278,0.020771165,0.0001443483333333,0.0038895026666666,0.0593417566666667
