0.0045216136666666,0.002706033,0.0013624326666666,0.0017423423333333,0.0031131866666666,0.0012568596666666,0.0020906608333333,0.0030051753333333,0.0006342918333333,0.0010373693333333,0.006887635
0.0033894183333333,0.008920963,0.0022764253333333,0.005034562,0.0045586723333333,0.0024426136666666,0.0035244606666666,0.001158762,0.000641822,0.0011287976666666,0.0020296403333333
0.001773398,0.0085023766666666,0.0014395216666666,0.00652375,0.004756343,0.002120933,0.0016046856666666,0.0024259266666666,0.0016229756666666,0.0040929273333333,0.0063910536666666
0.0006385543333333,0.0046744316666666,0.0006876863333333,0.0034219006666666,0.0014231373333333,0.0004583823333333,0.0008766983333333,0.0011054576666666,0.000538545,0.000275971,0.0018766296666666
0.0034262996666666,0.013870203,0.0023473926666666,0.001842135,0.0060987053333333,0.0025335823333333,0.0043903886666666,0.004787661,0.0015834633333333,0.0025514156666666,0.0060081273333333
0.0010762403333333,0.004943397,0.003267197,0.0009248723333333,0.0020898253333333,0.001117787,0.001256802,0.0018333636666666,0.000281405,0.000733229,0.0027876483333333
0.0049237196666666,0.0117324153333333,0.0018821346666666,0.0024159323333333,0.006685552,0.0009967223333333,0.000988542,0.007580957,0.001226823,0.005680562,0.0083605756666666
0.0085670713333333,0.0097791746666666,0.0055523623333333,0.0033933586666666,0.014878387,0.003087172,0.0096805006666666,0.0271712333333333,0.0030288716666666,0.0046825466666666,0.0178236593333333
0.0002011083333333,0.0009998333333333,0.001039369,0.0002439016666666,0.00056286,0.0001356406666666,0.0057736586666666,0.000394889,0.0058857583333333,0.0070414473333333,0.0003607333333333
0.0017560493333333,0.0089347843333333,0.0015214196666666,0.000929846,0.0023917833333333,0.0009442013333333,0.00414992,0.0027588233333333,0.001742214,0.000244634,0.003752615
0.0100731676666667,0.011689289,0.0096582963333333,0.0039448846666666,0.01018522,0.0036923426666666,0.010889126,0.0330650103333333,0.0021529896666666,0.0050616193333333,0.0281507086666667
