0.0027382903333333,0.0020371623333333,0.0006297293333333,0.004122329,0.0014907526666666,0.0003854683333333,0.0019927401666666,0.0006229256666666,4.38785e-05,0.0006562156666666,0.0052857036666666
0.0014012676666666,0.0064940726666666,0.0052399433333333,0.0014496306666666,0.0038731276666666,0.001109676,0.007353509,0.0007384843333333,0.0024532276666666,0.0008800713333333,0.004837024
0.002610181,0.013987614,0.0018652413333333,0.0026203493333333,0.0033284626666666,0.0036534923333333,0.0049267793333333,0.003162088,0.002795513,0.0030710133333333,0.0043239643333333
0.001070355,0.001454169,0.0002107476666666,0.00432733,0.0001708706666666,0.0002868413333333,0.001125042,0.0003097586666666,1.69283333333333e-05,0.0002686153333333,0.0003691986666666
0.0017012273333333,0.0117287156666667,0.0028097933333333,0.000530033,0.0042259393333333,0.0022490983333333,0.0030454206666666,0.004301117,0.002015879,0.00150169,0.0041311516666666
0.0006804903333333,0.0027447226666666,0.001059379,0.000990454,0.0016164406666666,0.0007769713333333,0.0008848416666666,0.000464459,0.0003120176666666,0.0006007473333333,0.0021619276666666
0.0025962393333333,0.0111770313333333,0.0036446996666666,0.0027756863333333,0.0036027706666666,0.0011746886666666,0.09817701,0.0036311223333333,0.0026720596666666,0.0049040113333333,0.004852408
0.0031062626666666,0.0022860233333333,0.004309133,0.001986449,0.0029698346666666,0.0019332586666666,0.0081059716666666,0.0118521896666667,0.0011774123333333,0.0027453543333333,0.0093129716666666
6.66666666666667e-06,3.54866666666667e-05,0.001341182,5.82133333333333e-06,9.28563333333333e-05,3.64533333333333e-06,0.0040011316666666,4.12256666666667e-05,0.0008872956666666,0.0033548216666666,1.6024e-05
0.0012662516666666,0.0032166976666666,0.000525268,0.0006923856666666,0.0009900846666666,0.0004925103333333,0.0035242133333333,0.0018706223333333,0.001769859,0.0009198366666666,0.0011881913333333
0.0174675603333333,0.01595177,0.0102188176666667,0.0050598106666666,0.0052935576666666,0.002677273,0.0109892246666667,0.0173716593333333,0.0016441396666666,0.004618271,0.0355793233333333
