0.0002857693333333,0.0012340603333333,0.000795123,3.03963333333333e-05,0.0010190153333333,2.1454e-05,0.0011517793333333,0.0002376633333333,4.98393333333333e-05,0.00027195,0.0033214406666666
0.0009128833333333,0.0020294203333333,0.002035161,0.001066785,0.0015582963333333,0.000396832,0.006200892,0.013223161,3.94823333333333e-05,0.000709539,0.0028496753333333
0.0004347653333333,0.0051723286666666,0.001729569,0.003295733,0.0063582736666666,0.003124248,0.001325911,0.003896323,0.0025723863333333,0.002948213,0.0056188726666666
0.0006415853333333,0.0017849066666666,0.0001538876666666,0.0005710053333333,0.0001284943333333,0.0003963483333333,0.0008840436666666,0.000147179,1.80156666666667e-05,0.000441696,0.000767937
0.0011780126666666,0.002015648,0.0005063296666666,0.0003392993333333,0.001838379,0.000146711,0.0051087693333333,0.0058107326666666,3.15273333333333e-05,0.0014495866666666,0.002725923
0.000171725,0.0011088493333333,0.0009374473333333,0.000330154,0.001692738,0.00059724,0.0005718553333333,0.000849296,0.0001479603333333,0.0003569283333333,0.0005484536666666
0.0009290276666666,0.001979543,0.0007876393333333,0.0006986256666666,0.002541358,0.000398894,0.0017007846666666,0.0116338766666667,0.0018368656666666,0.0040206016666666,0.0095636953333333
0.000871503,0.012674116,0.0027774003333333,0.000476205,0.0035472033333333,0.000881999,0.0077287036666666,0.007430909,0.0001182363333333,0.0028598443333333,0.0058903986666666
3.33333333333333e-06,3.33333333333333e-06,0.000122378,4.91466666666667e-06,1.43763333333333e-05,6.66666666666667e-06,0.004564442,3.86646666666667e-05,0.001396604,0.0046611133333333,3.33333333333333e-06
0.000685787,0.0007766333333333,0.000330028,0.0001733566666666,0.001470337,0.0002618693333333,0.001748355,0.002491004,0.0003645843333333,0.0009553463333333,0.0004136493333333
0.0368470366666667,0.009974927,0.007920064,0.00109483,0.0089618396666666,0.0011361493333333,0.010911373,0.010208815,0.0007807836666666,0.0043474863333333,0.0157614166666667
