0.0031097453333333,0.0006533406666666,0.0005747936666666,0.000194025,0.0009864366666666,0.000119275,0.0014372453333333,0.000994967,1.7161e-05,0.000757407,0.001777206
0.0036718896666666,0.0056246873333333,0.000734846,0.000851074,0.0021256216666666,0.0005169133333333,0.0035803403333333,0.0013780006666666,3.4223e-05,0.0004169773333333,0.0024764986666666
0.000421972,0.0066727053333333,0.000979929,0.0015238633333333,0.0032928796666666,0.003374889,0.0014737056666666,0.0015233866666666,0.0010777883333333,0.0014395326666666,0.004524064
0.0002806166666666,0.0007783426666666,0.00163955,0.0017559896666666,0.000603265,0.000122858,0.0003283333333333,0.001131908,3.33333333333333e-06,5.75226666666667e-05,0.0008627583333333
0.0011329603333333,0.0034379176666666,0.0010720786666666,0.00311446,0.0039390533333333,0.0005522883333333,0.0012125693333333,0.001740722,0.0001358613333333,0.003287547,0.0022846016666666
0.000203909,0.0011969483333333,0.0011739206666666,0.000196441,0.002412441,0.0015285246666666,0.0001464443333333,0.0002454796666666,0.0003633323333333,0.0004035223333333,0.0017788043333333
0.001533816,0.0084987486666666,0.001544858,0.000933718,0.0010037243333333,0.0012923786666666,0.0024908856666666,0.003663223,0.0012705656666666,0.0024627203333333,0.0043077146666666
0.002492963,0.0019023366666666,0.003422,0.0012185863333333,0.0027865816666666,0.0016421393333333,0.0066715536666666,0.0100580666666667,0.0001147373333333,0.0014514433333333,0.007130275
4.57333333333333e-06,0.0,0.0001686693333333,0.0001084693333333,2.7423e-05,0.0,0.0035773733333333,4.23923333333333e-05,0.0005735773333333,0.0038029136666666,2.33553333333333e-05
0.0009712613333333,0.0048600173333333,0.0004717796666666,0.001011332,0.001412311,0.0006954623333333,0.0018649313333333,0.00147226,0.0004504696666666,0.000814889,0.000797809
0.013593717,0.0041502883333333,0.0085127923333333,0.003127449,0.005628823,0.0021700543333333,0.0042815093333333,0.0129239473333333,0.0001737783333333,0.004035414,0.0199275403333333
