0.0040636743333333,0.0111699076666667,0.0,0.0053854826666666,0.0043102056666666,0.000821127,0.0,0.002461669,2.38626666666667e-05,1.9915e-05,0.0133727963333333
0.004546387,0.022096834,0.0014145303333333,0.0154695646666667,0.0130818246666667,0.003077367,2.9938e-05,0.0057107893333333,1e-05,7.20043333333333e-05,0.007585302
0.001023693,0.0091851953333333,0.0015038103333333,0.0045983946666666,0.004563501,0.002105805,3.33333333333333e-06,0.002601945,0.0011553886666666,1.33333333333333e-05,0.0072088676666666
0.0057538933333333,0.000346625,0.0,0.016525552,3.16553333333333e-05,6.66666666666667e-06,0.0,0.0010466346666666,1e-05,1.63066666666667e-05,0.0147259066666667
0.0033739823333333,0.0253609716666667,0.001142978,0.008478851,0.006158651,0.0011875596666666,3.33333333333333e-06,0.0090773796666666,0.0001027753333333,7.3137e-05,0.0067506553333333
0.0011246513333333,0.004030331,0.0007012996666666,0.0016015903333333,0.002466165,0.0014582893333333,0.0,0.0012333256666666,6.66666666666667e-06,0.0001076266666666,0.00334491
0.0049247706666666,0.001668929,0.001626129,0.0334127666666667,0.0001232006666666,0.0001879806666666,0.001766523,0.0096932163333333,0.001324436,0.004064168,0.0132439023333333
0.0092924483333333,0.011914333,0.0035603613333333,0.0348695433333333,0.0095226566666666,0.0022507866666666,1.32613333333333e-05,0.0383112733333333,2.55186666666667e-05,0.0003510896666666,0.0190724163333333
0.0001255546666666,2.40853333333333e-05,0.0017088086666666,0.001124983,3.63966666666667e-06,0.0001426396666666,0.004465356,0.0005645723333333,0.001063093,0.0035918073333333,0.0005322203333333
0.0014734243333333,0.0002620926666666,0.0007740253333333,0.0066165823333333,3.68066666666667e-05,0.0007287043333333,0.0034496896666666,0.002128483,0.0006253163333333,0.0007130626666666,0.001579481
0.0148943883333333,0.015376711,0.0,0.0371005066666667,0.010838011,0.0030556953333333,6.66666666666667e-06,0.022768201,0.0002856296666666,0.000496755,0.0634783133333333
