0.0042475403333333,0.0042188213333333,0.0,0.0070270463333333,0.0038175753333333,0.0006740196666666,4.51476666666667e-05,0.002530051,6.66666666666667e-06,0.0002121923333333,0.004851253
0.0053912033333333,0.0133091296666667,0.0054157486666666,0.017557981,0.0090947073333333,0.0044487003333333,2.44166666666667e-05,0.0075670926666666,6.66666666666667e-06,0.000238364,0.0052087526666666
0.0007970303333333,0.0063754516666666,0.0016740766666666,0.004680999,0.0051277846666666,0.0016226233333333,6.66666666666667e-06,0.003398712,0.0014430303333333,1.9961e-05,0.006174044
0.00422718,0.0001345086666666,0.0,0.0184635476666667,6.66666666666667e-06,0.0,0.0,0.0011457503333333,0.0,3.66666666666667e-05,0.0128375723333333
0.0023675726666666,0.014824135,0.0019970953333333,0.010035659,0.0073751933333333,0.000999565,0.0,0.007743358,1.63156666666667e-05,0.0002091236666666,0.0058911496666666
0.0008245716666666,0.0032403606666666,0.001053217,0.0028412996666666,0.0015078766666666,0.0006526643333333,0.0,0.000856887,3.33333333333333e-06,7.97423333333333e-05,0.001916429
0.00329247,0.0011645313333333,0.0036218123333333,0.0294794603333333,3.31106666666667e-05,8.6165e-05,0.0026009136666666,0.0100433606666667,0.001237088,0.0050850966666666,0.0116841166666667
0.004524056,0.0174077423333333,0.0045954656666666,0.020642141,0.0107194043333333,0.0026047133333333,6.8831e-05,0.0271374423333333,0.0001958343333333,0.000843993,0.0186213076666667
7.30153333333333e-05,2.16896666666667e-05,0.001470117,0.0006192583333333,0.0,5.64126666666667e-05,0.005570452,0.000267721,0.001689586,0.0067369483333333,0.000283291
0.001074201,0.000175225,0.0004033046666666,0.004137698,6.94766666666667e-06,0.0005186716666666,0.003899998,0.001385517,0.000679777,0.0004586823333333,0.0012893316666666
0.017847528,0.0157597416666667,0.0006127963333333,0.0374939833333333,0.0089528603333333,0.002548037,5.40466666666667e-05,0.020586428,0.0,0.0006386966666666,0.0326888936666667
