0.0031061476666666,0.002200432,0.0006971026666666,0.0006883106666666,0.002307711,0.0003359296666666,0.0020361061666666,0.0006296296666666,2.90038333333333e-05,0.000734824,0.0031388526666666
0.001578076,0.0085294873333333,0.0013254653333333,0.0067205546666666,0.0069225256666666,0.0012635866666666,0.0038113573333333,0.002333289,0.000520316,0.0014158366666666,0.0020508356666666
0.000401076,0.0109322503333333,0.0028440626666666,0.0022363193333333,0.0035557226666666,0.0052297673333333,0.0031921663333333,0.004615981,0.0025352986666666,0.0030891826666666,0.0054125803333333
0.000396394,0.001242461,0.0001872193333333,0.0020834526666666,0.001580353,0.00027492,0.0005210673333333,0.0002774503333333,1.09286666666667e-05,0.000169962,0.0004181216666666
0.0019010823333333,0.010011421,0.0031912343333333,0.0037559913333333,0.0087342783333333,0.0022932436666666,0.0018271796666666,0.0020719226666666,0.000102395,0.0039848133333333,0.0020313996666666
0.000169301,0.002724659,0.002639224,0.0005220486666666,0.0023644383333333,0.0013481583333333,0.0005837603333333,0.000585768,0.000363697,0.000491417,0.0015349966666666
0.0024568526666666,0.01128702,0.0014873423333333,0.0016834153333333,0.002746898,0.0008347086666666,0.0031175073333333,0.005269929,0.0028240866666666,0.0027865873333333,0.0039552636666666
0.0029095316666666,0.0044510486666666,0.004848428,0.001218527,0.0040613743333333,0.0010270133333333,0.0087721356666666,0.0114838823333333,0.001163723,0.0017947663333333,0.0098662
6.66666666666667e-06,1e-05,0.0005460896666666,7.13066666666667e-06,4.86683333333333e-05,2.6367e-05,0.0057972216666666,6.15546666666667e-05,0.00198152,0.003909522,3.33333333333333e-06
0.0013126026666666,0.0050385316666666,0.0009182573333333,0.0006255486666666,0.001672674,0.000579273,0.0026383003333333,0.0018169086666666,0.000501282,0.0012951383333333,0.00111248
0.016606721,0.008863446,0.009466094,0.004300369,0.009282566,0.0042552663333333,0.0075646046666666,0.020471842,0.0009391556666666,0.010034523,0.0276027483333333
