0.0025275483333333,0.0012116453333333,0.000663087,0.000381304,0.0018732493333333,0.0005200336666666,0.0028472946666666,0.0016043413333333,2.97076666666667e-05,0.000347423,0.014463178
0.0015748943333333,0.011582597,0.0015430093333333,0.0018535966666666,0.0045084206666666,0.001606209,0.0059291836666666,0.0033206346666666,0.0005449373333333,0.002638249,0.0049189593333333
0.000666181,0.009474074,0.002278964,0.0032013666666666,0.0030340626666666,0.001875186,0.0013858713333333,0.002143058,0.0016201726666666,0.0015236776666666,0.0087130083333333
0.0001727123333333,0.0013500253333333,0.0004600663333333,0.0010201463333333,0.0005491146666666,0.0004768363333333,0.0011614173333333,0.0007086316666666,4.53023333333333e-05,0.0001132633333333,0.000279278
0.0010706036666666,0.0064584013333333,0.0020219623333333,0.0003028743333333,0.0022378293333333,0.0009905566666666,0.003250257,0.0022366576666666,0.0011396993333333,0.0010517666666666,0.0014048386666666
0.000334893,0.003081208,0.002558309,0.0002129386666666,0.001393629,0.001071454,0.001431654,0.0007144776666666,0.0001327143333333,0.0004341443333333,0.001691937
0.002836589,0.019296483,0.0027884486666666,0.001387884,0.0052580036666666,0.0012391963333333,0.003549964,0.0068073046666666,0.0013432473333333,0.0037439046666666,0.010029595
0.0041451436666666,0.004582384,0.0033511786666666,0.001235965,0.0049569786666666,0.0021019393333333,0.010711891,0.0148400263333333,0.001478686,0.004585075,0.0108006786666667
3.1935e-05,0.0003386823333333,0.0003323256666666,3.58393333333333e-05,0.0003228313333333,9.78023333333333e-05,0.0049398193333333,0.0002094386666666,0.0018945963333333,0.0076399343333333,7.03473333333333e-05
0.0007369603333333,0.0056938966666666,0.0003889793333333,0.000358514,0.0009912023333333,0.000941776,0.0034019063333333,0.0023760456666666,0.002080043,0.000539967,0.0013216233333333
0.0171382113333333,0.0079244686666666,0.0089560096666666,0.00248586,0.004141402,0.0022421973333333,0.0157934473333333,0.0214922456666667,0.0012764666666666,0.006445952,0.031013526
