0.0022675273333333,0.0015005736666666,0.0006981723333333,0.0001816273333333,0.0020844756666666,0.00066624,0.0015674466666666,0.0009144273333333,7.62276666666667e-05,0.0007864103333333,0.0068127186666666
0.002097848,0.0156559373333333,0.0021264946666666,0.0013591953333333,0.0065754013333333,0.0031977093333333,0.0053787216666666,0.0019062206666666,0.0007888223333333,0.0023895313333333,0.0028456493333333
0.0005137826666666,0.010191027,0.0034372776666666,0.003338863,0.00343935,0.0017595136666666,0.0012071263333333,0.002111261,0.0013784546666666,0.0018143823333333,0.0091645376666666
0.000307321,0.0028373896666666,0.000622606,0.001255397,0.001316336,0.0004696593333333,0.0120754966666667,0.000306729,0.0003443176666666,0.0003659753333333,0.000480351
0.001051345,0.0186691323333333,0.0015345643333333,0.0005832603333333,0.0020465423333333,0.001417596,0.0032331496666666,0.0041462783333333,0.0005482923333333,0.001219358,0.002227674
0.0002154046666666,0.0046918253333333,0.0010823136666666,0.0004515193333333,0.0010643173333333,0.0008667853333333,0.0018728386666666,0.00089098,0.000353205,0.0005083033333333,0.0007043306666666
0.0012753903333333,0.0185747173333333,0.0014673363333333,0.0008439566666666,0.0072078396666666,0.0008993443333333,0.002499778,0.004239604,0.0018231293333333,0.002625985,0.0052115813333333
0.002965839,0.0068274746666666,0.0042245463333333,0.0016540726666666,0.0053209156666666,0.0026058903333333,0.0089677236666666,0.0213539456666667,0.0009662326666666,0.0039900566666666,0.0109310803333333
3.35623333333333e-05,0.0006525296666666,0.000190528,6.20386666666667e-05,0.000119412,3.83343333333333e-05,0.0039074993333333,0.000152948,0.0016764206666666,0.0068593836666666,3.49483333333333e-05
0.0009603273333333,0.007639579,0.000923289,0.0004420903333333,0.0011398456666666,0.000395891,0.003526871,0.001438459,0.0007598793333333,0.0009082886666666,0.0009159453333333
0.0188444116666667,0.0094968023333333,0.0078109866666666,0.0031794123333333,0.006031573,0.002498328,0.0074574683333333,0.0262192286666667,0.0002415066666666,0.00564257,0.0531928966666667
