0.0025624383333333,0.0029035873333333,0.000638886,0.000358549,0.0020175376666666,0.0006202613333333,0.001632936,0.0009004583333333,0.0001195536666666,0.0007852806666666,0.0042630173333333
0.0016003956666666,0.0113120273333333,0.0011099773333333,0.000973642,0.0033125833333333,0.0009832723333333,0.0062876666666666,0.0015953293333333,0.0005057923333333,0.0004418356666666,0.0053864646666666
0.0005563526666666,0.0091275953333333,0.002423614,0.0024486563333333,0.0033639363333333,0.0028702403333333,0.00084386,0.002711787,0.0014369293333333,0.0026957376666666,0.0069347383333333
0.0017166946666666,0.0012666836666666,0.0001743766666666,0.0024251583333333,0.0003660333333333,0.0005665186666666,0.0007214923333333,0.00068121,2.3877e-05,0.000171767,0.0006795706666666
0.0014561423333333,0.0121892593333333,0.0012672436666666,0.0045375126666666,0.0011638713333333,0.000890636,0.0023296476666666,0.0017601396666666,0.0007365593333333,0.003840871,0.0026292686666666
0.00056266,0.0020511056666666,0.0013488693333333,0.000560973,0.0015992736666666,0.001052026,0.0006205876666666,0.0006818976666666,0.0003615216666666,0.0007817523333333,0.0016988713333333
0.0039961646666666,0.010872787,0.0016462833333333,0.0014769383333333,0.0031457516666666,0.000703296,0.002691925,0.006757347,0.0022375783333333,0.003139916,0.005444839
0.0029684826666666,0.0065032416666666,0.0046501523333333,0.002391594,0.004846669,0.001958309,0.0074253926666666,0.0162952946666667,0.000642267,0.002959227,0.0111742973333333
1.1356e-05,1.43333333333333e-05,0.0003808123333333,1.69733333333333e-05,4.07203333333333e-05,0.0,0.005920742,4.5233e-05,0.00076268,0.0032719253333333,2.644e-05
0.0011608113333333,0.0045751646666666,0.00131225,0.0008226,0.0016982436666666,0.0003853466666666,0.002159386,0.002104922,0.000418577,0.000870723,0.0028669586666666
0.008645025,0.012611173,0.0087849056666666,0.0031223436666666,0.007556352,0.004191223,0.006338112,0.0288475586666667,0.0015116703333333,0.0122069976666667,0.0451127866666667
