0.0087785053333333,0.0027055333333333,0.0006804876666666,0.0005765013333333,0.0024726753333333,0.0006907096666666,0.0022844051666666,0.001227634,0.0001218985,0.0005967136666666,0.0057427216666666
0.001139689,0.0134390493333333,0.0017696056666666,0.0025730166666666,0.008593493,0.0014983323333333,0.006683026,0.0028493406666666,0.00102884,0.0011151173333333,0.0046058383333333
0.00174311,0.0096172116666666,0.0015645766666666,0.0026857663333333,0.0033669216666666,0.0023131633333333,0.0026651916666666,0.001517764,0.0025206186666666,0.000964973,0.0051464913333333
0.0011192173333333,0.0017675216666666,0.000267937,0.0019179013333333,0.0004858693333333,0.00023222,0.0006866473333333,0.000718763,9.587e-05,0.0003814056666666,0.0014912673333333
0.0019277196666666,0.0101726863333333,0.002264621,0.0036640273333333,0.00225656,0.0022673133333333,0.0021577913333333,0.001487122,0.000925812,0.0016532546666666,0.0024107376666666
0.0005692776666666,0.0015245716666666,0.000905267,0.0005032863333333,0.0015667943333333,0.0010626756666666,0.0003530713333333,0.0006860213333333,0.0002933693333333,0.000867988,0.0014235363333333
0.0035549093333333,0.137545376666667,0.001394349,0.0010794943333333,0.0033558123333333,0.0007378246666666,0.002620647,0.0071125073333333,0.001936778,0.003645516,0.0055413003333333
0.0065853313333333,0.0036048533333333,0.0044725216666666,0.0019514083333333,0.005293326,0.0023373826666666,0.0110065733333333,0.0185739856666667,0.001024201,0.0036223373333333,0.0156668273333333
1e-05,1e-05,0.0004437296666666,1.84453333333333e-05,5.82803333333333e-05,3.33333333333333e-06,0.003475877,4.25223333333333e-05,0.0005314076666666,0.0028269626666666,1.87096666666667e-05
0.0016400926666666,0.0060428653333333,0.0007481023333333,0.0013298186666666,0.0018767776666666,0.0003754413333333,0.0019356403333333,0.001483351,0.00075099,0.0015525966666666,0.0025799143333333
0.0117333843333333,0.013385795,0.008134727,0.0054787326666666,0.01096973,0.0037095163333333,0.008297934,0.0245278886666667,0.0012440746666666,0.0060851406666666,0.0349865133333333
