0.0013947376666666,0.003398261,0.0005898403333333,0.0004342953333333,0.0019683476666666,0.0004178123333333,0.0019573098333333,0.001418755,0.0001019251666666,0.000448813,0.00859803
0.002824568,0.0192589623333333,0.0059569676666666,0.0025705273333333,0.0079299183333333,0.0036911053333333,0.005187807,0.0024424836666666,0.0002489633333333,0.000912855,0.0046679833333333
0.0014128323333333,0.008797849,0.0017173413333333,0.002108827,0.006076357,0.0020834083333333,0.0028218996666666,0.0013479473333333,0.0013434043333333,0.0021284436666666,0.008754309
0.0022639863333333,0.002863483,0.0007797403333333,0.0008203566666666,0.0010384576666666,0.001254248,0.0009814686666666,0.0007782813333333,9.56033333333333e-05,0.0010759563333333,0.0009664523333333
0.003180193,0.01068248,0.0021212873333333,0.0009304626666666,0.00361109,0.0013924363333333,0.001664285,0.0027081933333333,0.0005568903333333,0.0025229053333333,0.0043441146666666
0.002805794,0.003485645,0.0007193803333333,0.001066779,0.0017889326666666,0.0018235606666666,0.003199083,0.000548644,0.0003035546666666,0.000560049,0.0016165063333333
0.0029336833333333,0.0198805033333333,0.0011585813333333,0.0018235323333333,0.0028002143333333,0.0011496593333333,0.0018159153333333,0.0065447586666666,0.0019024933333333,0.0045823486666666,0.009304769
0.0068257353333333,0.0149515023333333,0.003559503,0.001845335,0.0043393636666666,0.0023568456666666,0.0076167556666666,0.0152669346666667,0.0003326483333333,0.002995677,0.017093623
2.66666666666667e-05,1.66666666666667e-05,0.002155236,3.01283333333333e-05,0.001280002,5.29906666666667e-05,0.0040729566666666,7.63273333333333e-05,0.0005441366666666,0.0029336736666666,8.48316666666667e-05
0.001860885,0.004231468,0.0010091666666666,0.000808145,0.0029334086666666,0.0010635686666666,0.0028193716666666,0.0021680233333333,0.000452758,0.0007472586666666,0.0030560866666666
0.013402,0.0174615213333333,0.0062300266666666,0.0038218946666666,0.007594657,0.0034497076666666,0.007258034,0.025394759,0.0007591706666666,0.0057406566666666,0.0476801966666667
