0.003730544,0.0027612423333333,3.846e-06,0.0039766566666666,0.0031411756666666,0.0008341186666666,6.66666666666667e-06,0.001656449,5.13646666666667e-05,0.0001062563333333,0.0110703836666667
0.004372876,0.0228830953333333,0.004522126,0.0176427186666667,0.0099611606666666,0.001709335,1.83573333333333e-05,0.0035152453333333,3.33333333333333e-06,0.000262642,0.0047857933333333
0.0008570253333333,0.0089780346666666,0.001342783,0.0045803196666666,0.0050262256666666,0.0016060123333333,0.0,0.0019002153333333,0.0012902926666666,0.00027471,0.004500095
0.0076050593333333,0.000209188,0.0,0.01371877,0.0,1.38e-05,6.66666666666667e-06,0.0007165066666666,3.33333333333333e-06,1e-05,0.0120169603333333
0.0029061956666666,0.0210569156666667,0.0009030906666666,0.0044128026666666,0.0053539316666666,0.001268613,0.0,0.004474539,3.13796666666667e-05,0.000175344,0.0052783416666666
0.0007300726666666,0.0037181006666666,0.0004840123333333,0.002315056,0.0015821333333333,0.0006629746666666,3.33333333333333e-06,0.0015599803333333,4.26e-06,1.93446666666667e-05,0.0014483953333333
0.0069318576666666,0.0020457183333333,0.00325316,0.0252553203333333,0.0001181183333333,0.0001060786666666,0.002217731,0.0076276046666666,0.0012245766666666,0.0028682306666666,0.0112392933333333
0.0063505433333333,0.0101981843333333,0.0043125336666666,0.01319991,0.0079557786666666,0.0020078596666666,3.0507e-05,0.0322511713333333,6.66666666666667e-06,0.0008448673333333,0.0136505943333333
4.58896666666667e-05,6.24146666666667e-05,0.0005025543333333,0.0006266553333333,0.0,2.18403333333333e-05,0.0047270113333333,0.0002879143333333,0.0017161916666666,0.0052570563333333,0.000195232
0.001428783,0.0003795023333333,0.000455643,0.0055781126666666,1.02276666666667e-05,0.0005514456666666,0.0025583946666666,0.001619352,0.0002122266666666,0.000424431,0.0015368376666666
0.016313264,0.0137472263333333,0.0005863676666666,0.032977261,0.0084863463333333,0.0022758176666666,3.9076e-05,0.0221254113333333,0.0,0.0005456506666666,0.0536466666666667
