0.0051598456666666,0.0017738796666666,0.0006976016666666,0.0002394166666666,0.0018064753333333,0.0019180383333333,0.0025049096666666,0.0014676516666666,5.14913333333333e-05,0.0008344436666666,0.0053805786666666
0.0018384636666666,0.0222508583333333,0.001104708,0.0011164236666666,0.0084148956666666,0.002373662,0.0060373416666666,0.002052126,0.000536963,0.0021383256666666,0.0031643556666666
0.0005947476666666,0.005548088,0.001404741,0.0018837593333333,0.0014103126666666,0.0030010396666666,0.001800497,0.0010481023333333,0.001357685,0.0018493026666666,0.0028754896666666
0.0002179166666666,0.0021402346666666,0.000199769,0.0015067256666666,0.001234035,0.0012218563333333,0.0003078243333333,0.0006482363333333,7.42133333333333e-06,0.000367715,0.00176255
0.00062835,0.0084955716666666,0.0006781953333333,0.0001802376666666,0.0023351726666666,0.0006251256666666,0.0009929886666666,0.002000364,0.00027217,0.0024515786666666,0.0040333766666666
0.000400856,0.004005334,0.001213558,0.00039162,0.0024228406666666,0.001272804,0.0006510873333333,0.0022200123333333,0.0002614326666666,0.000656078,0.0011031153333333
0.0007833343333333,0.0135633136666667,0.0008854936666666,0.0009505363333333,0.0016617486666666,0.0002990853333333,0.0011575226666666,0.0038854686666666,0.002262705,0.0052322283333333,0.0045750796666666
0.001931285,0.0041430823333333,0.001389836,0.000875809,0.0027947086666666,0.0015749266666666,0.008182535,0.017516035,0.0005635606666666,0.0030596763333333,0.0073767673333333
7.119e-06,3.33333333333333e-06,0.0008658676666666,0.0,3.73666666666667e-05,0.0,0.001221977,5.523e-06,0.0008729546666666,0.0025654136666666,1.8188e-05
0.0024673846666666,0.0038735836666666,0.0003546663333333,0.0009703166666666,0.0042735536666666,0.0005297303333333,0.0310943496666667,0.0016469923333333,0.0002101823333333,0.0022150283333333,0.003233689
0.0078553856666666,0.0084422696666666,0.0069940313333333,0.0060037043333333,0.0043135776666666,0.003034016,0.0124808673333333,0.016918253,0.0006698543333333,0.0042802156666666,0.04081647
