0.0042051546666666,0.0004263616666666,0.0003339363333333,0.0001206373333333,0.003162883,0.0001119663333333,0.000921545,0.000801622,1.16666666666667e-05,0.0013050976666666,0.0047851736666666
0.0009367386666666,0.0071729406666666,0.0012525873333333,0.0007383753333333,0.0086008046666666,0.0004513463333333,0.0039351676666666,0.0008998806666666,3.96046666666667e-05,0.000816016,0.001566572
0.0006115083333333,0.007811328,0.0018156123333333,0.0022574976666666,0.0052660373333333,0.003680032,0.003397633,0.0027156356666666,0.0022995663333333,0.0019742973333333,0.0038613183333333
7.3964e-05,0.0017104416666666,0.000166854,0.0018806406666666,0.0004417756666666,7.26786666666667e-05,0.0004448146666666,0.000716915,0.0,0.0003410683333333,8.6271e-05
0.001454628,0.009472001,0.00215187,0.002090748,0.0012748623333333,0.0004913176666666,0.001396557,0.0022125563333333,0.000944832,0.0010754336666666,0.001440414
0.0001237036666666,0.0016495213333333,0.001319896,0.0003064423333333,0.001519307,0.0014007336666666,0.000632952,0.000458359,0.0002553376666666,0.001214066,0.0006503503333333
0.000864731,0.0146712746666667,0.0006646823333333,0.000153171,0.0018273636666666,0.0003866543333333,0.00180768,0.004654942,0.0022409223333333,0.0044805796666666,0.004171594
0.0020824326666666,0.0013216856666666,0.0027673946666666,0.0006321536666666,0.0019851646666666,0.00060776,0.0098693736666666,0.012237529,0.000107822,0.002721881,0.0054360493333333
1.0409e-05,3.33333333333333e-06,0.001103304,4.17866666666667e-06,3.20526666666667e-05,3.33333333333333e-06,0.0037098956666666,4.53946666666667e-05,0.000657921,0.0032115323333333,0.0
0.0009323953333333,0.0027967213333333,0.0015492146666666,0.000122241,0.000628186,0.000120741,0.002054346,0.0010777556666666,0.0003423403333333,0.000939742,0.001202511
0.011459916,0.0050599136666666,0.00593277,0.001086273,0.0074554823333333,0.0014327746666666,0.0087191943333333,0.0160306546666667,0.0007834343333333,0.0039530083333333,0.05261502
