0.0041597243333333,0.0017710906666666,0.0004135186666666,0.0053462373333333,0.0033257303333333,0.0022963346666666,0.002374909,0.0016037873333333,0.0003244083333333,0.000709918,0.0073290363333333
0.0042498143333333,0.0092596753333333,0.0021288696666666,0.0016794753333333,0.0039307276666666,0.002984783,0.0058497863333333,0.0011973096666666,0.0005290143333333,0.000801613,0.0034641383333333
0.0013616806666666,0.009757505,0.0017400206666666,0.002378197,0.0049210943333333,0.002824541,0.00163824,0.0014910686666666,0.004319082,0.002866013,0.00591125
0.0007551386666666,0.001968447,0.0001465006666666,0.0018682163333333,0.000273051,0.0005929906666666,0.0010056346666666,0.0007570673333333,2.68003333333333e-05,0.0002776023333333,0.001363144
0.0032523773333333,0.015185018,0.0007876973333333,0.0004646893333333,0.001886718,0.001401066,0.004044262,0.0038764566666666,0.0002162053333333,0.000550936,0.0064347886666666
0.0010026113333333,0.0029970796666666,0.0026161473333333,0.0009263323333333,0.0021494883333333,0.0012766153333333,0.0007305516666666,0.0004370386666666,0.0002608366666666,0.000462903,0.0014838176666666
0.0028070606666666,0.0166593773333333,0.0012460303333333,0.0024646566666666,0.004571506,0.0024814143333333,0.0411758233333333,0.005349362,0.0017166266666666,0.003654491,0.0055114873333333
0.0051934326666666,0.0034224543333333,0.0057851766666666,0.0022488396666666,0.0031980516666666,0.002049191,0.0086776033333333,0.0155932316666667,0.00052204,0.002885239,0.0124323846666667
4.4808e-05,2.02886666666667e-05,0.0013996673333333,2.57626666666667e-05,6.06053333333333e-05,0.000111195,0.004520138,4.93413333333333e-05,0.0007003886666666,0.0030592863333333,3.41063333333333e-05
0.0015799406666666,0.0021589503333333,0.0005522573333333,0.0003194863333333,0.0009767893333333,0.0007275606666666,0.0035241863333333,0.0019435113333333,0.0008653166666666,0.0006307773333333,0.0018261006666666
0.0119254523333333,0.0101351223333333,0.01070517,0.0026530673333333,0.0139845716666667,0.0041399693333333,0.0101955426666667,0.0208106586666667,0.0009186563333333,0.0061611616666666,0.0429674066666667
