0.0032525306666666,0.0055301176666666,0.0025586893333333,0.000502319,0.0035843546666666,0.000800504,0.0013092268333333,0.002445793,0.0003070491666666,0.0006554853333333,0.012096022
0.0052418346666666,0.017453067,0.0035457603333333,0.0026612673333333,0.0132576253333333,0.0040656923333333,0.006000428,0.003113693,0.001072772,0.0020112726666666,0.004771622
0.0012242856666666,0.008426876,0.0009960653333333,0.002123611,0.0064834846666666,0.001434242,0.001920121,0.002270385,0.0019114233333333,0.0028674653333333,0.0072317306666666
0.000999412,0.0039626883333333,0.0004743586666666,0.003491126,0.0023120356666666,0.00057406,0.0122405216666667,0.000975931,0.00021113,0.0006552706666666,0.000745277
0.0046029623333333,0.0235006893333333,0.0036548263333333,0.003129695,0.0050472843333333,0.002551795,0.0026060656666666,0.0036954463333333,0.001158325,0.0026320533333333,0.0048860846666666
0.000583512,0.005331727,0.0010365493333333,0.000552393,0.0024688943333333,0.0012836286666666,0.0006890016666666,0.0015394866666666,0.000433178,0.0006790566666666,0.001053335
0.003048855,0.01961966,0.0022665363333333,0.0064967826666666,0.0069217063333333,0.0015976423333333,0.0021691096666666,0.0079062273333333,0.0015395956666666,0.0032679033333333,0.0087465663333333
0.006981027,0.0095358823333333,0.00584262,0.0033247066666666,0.0079909676666666,0.0045452626666666,0.008983711,0.0325024716666667,0.0022580243333333,0.004969633,0.0175280536666667
0.000228383,0.0007334116666666,0.0022130703333333,0.0001356256666666,0.0003156183333333,0.000202513,0.0049848306666666,0.0003432446666666,0.0021581693333333,0.006233571,0.000178637
0.002524185,0.007542807,0.00132261,0.0008903483333333,0.002705865,0.0011139393333333,0.0064015406666666,0.0025199873333333,0.001686611,0.0006266473333333,0.0031991693333333
0.0153803936666667,0.014784425,0.0100445943333333,0.004731403,0.0096236556666666,0.0040904503333333,0.0131325116666667,0.03095876,0.001746974,0.0079198033333333,0.04029266
