0.0007367393333333,0.0022641086666666,0.000843747,0.000868953,0.0015679923333333,0.000606513,0.0011095925,0.0013441433333333,0.0001527435,0.0003230173333333,0.0087013586666666
0.0014820103333333,0.0073818036666666,0.0010020273333333,0.0009954356666666,0.0026021886666666,0.0009797156666666,0.0039144476666666,0.0004425356666666,0.0002880146666666,0.0009752256666666,0.001390569
0.0007576186666666,0.0097481183333333,0.0019951153333333,0.001792847,0.0032891853333333,0.001931839,0.003722289,0.002723024,0.0013013166666666,0.0053275723333333,0.0073990663333333
0.0004503486666666,0.0054468046666666,0.0002216556666666,0.001114246,0.000782913,0.000370688,0.0107570513333333,0.0008634856666666,0.000246387,0.000403045,0.0003830056666666
0.0058575303333333,0.0184654073333333,0.0019158606666666,0.0011994006666666,0.0036022046666666,0.0012514313333333,0.0111378006666667,0.0043143216666666,0.000574836,0.0013326866666666,0.002903817
0.00043528,0.004285056,0.0009933876666666,0.000709505,0.001416497,0.0010724943333333,0.0006808583333333,0.0006587336666666,0.000334166,0.0004406816666666,0.0014012113333333
0.0010330673333333,0.0131426556666667,0.003849002,0.000885864,0.0040736603333333,0.000674617,0.0018218366666666,0.0051737966666666,0.0011178623333333,0.0029606363333333,0.0058963046666666
0.0038545063333333,0.009813772,0.0034075726666666,0.0031210773333333,0.0044284796666666,0.002152413,0.008271041,0.016805291,0.0007965236666666,0.0030584376666666,0.0137739006666667
8.78896666666667e-05,0.0006256033333333,0.0003347176666666,0.000111262,0.000259328,0.0001340636666666,0.0040602703333333,0.0002954433333333,0.001672792,0.0083642376666666,7.38803333333333e-05
0.0005469066666666,0.0083050906666666,0.0005001516666666,0.0007080546666666,0.0012077786666666,0.0005519073333333,0.0051330503333333,0.0018507156666666,0.0006797823333333,0.0006207236666666,0.001388334
0.017119646,0.0123493233333333,0.0042197623333333,0.0027189233333333,0.004043347,0.001919701,0.0098382206666666,0.0153309856666667,0.000685484,0.0056201603333333,0.0460307133333333
