0.0026113133333333,0.0017126476666666,0.0006118063333333,0.0003331826666666,0.0023486073333333,0.0006045863333333,0.0019369461666666,0.0028074963333333,5.18378333333333e-05,0.0005654236666666,0.012364631
0.0014780803333333,0.0077588286666666,0.0032922063333333,0.0022934513333333,0.004794706,0.001803673,0.007031194,0.003944439,0.0004384606666666,0.0026083053333333,0.0033655663333333
0.000668103,0.0060644753333333,0.002708001,0.0036737833333333,0.003323499,0.002536499,0.002195184,0.0023475026666666,0.0012975156666666,0.0017571073333333,0.0076555753333333
0.000201421,0.001520897,0.0004030736666666,0.001203962,0.0007025826666666,0.0007622903333333,0.0011400506666666,0.000512764,0.0001036743333333,0.000186337,0.000950299
0.0012538186666666,0.0096271136666666,0.001876991,0.0004888886666666,0.0035992566666666,0.0019479023333333,0.0036702646666666,0.0017163943333333,0.0010878693333333,0.001937682,0.0020825
0.0003958383333333,0.003388917,0.002483796,0.000226991,0.0012814123333333,0.001308312,0.001600313,0.0005896,0.000306013,0.0005212536666666,0.0015278363333333
0.0054291763333333,0.0188375603333333,0.001935258,0.001778879,0.006234794,0.0016548406666666,0.003457679,0.0065077226666666,0.002409368,0.0042771333333333,0.011149919
0.004547932,0.004756056,0.0034101846666666,0.0017058193333333,0.004761871,0.0018363886666666,0.0102628033333333,0.014029878,0.0013148566666666,0.004120569,0.0125597523333333
4.00846666666667e-05,0.0003367543333333,0.0005508483333333,3.94963333333333e-05,0.000459775,6.38586666666667e-05,0.005450748,0.0002446853333333,0.001771647,0.0069362506666666,8.94153333333333e-05
0.0010530553333333,0.005773599,0.0003583586666666,0.000510892,0.0012975323333333,0.0008309113333333,0.0038582863333333,0.002187689,0.0030199793333333,0.0007089986666666,0.0014571106666666
0.0162978686666667,0.006941439,0.0066721826666666,0.0029786176666666,0.004663517,0.0024819456666666,0.016923752,0.0163779886666667,0.0012738966666666,0.005923907,0.0271751743333333
