0.003244257,0.0018848453333333,0.0006454613333333,0.0015745916666666,0.0021618023333333,0.000539799,0.002430948,0.0015018043333333,1.51373333333333e-05,0.0010122466666666,0.002810334
0.0020244823333333,0.0055245423333333,0.001682512,0.000856414,0.005044516,0.0012640043333333,0.004611845,0.001018098,0.000166649,0.0009761773333333,0.0022392556666666
0.0032686966666666,0.0074620286666666,0.001766542,0.0031811596666666,0.0040529556666666,0.003752568,0.0035916773333333,0.000790575,0.0022773413333333,0.003374989,0.005173691
0.001540626,0.0013643306666666,0.0002677013333333,0.0019419726666666,0.0001091503333333,0.0001179366666666,0.0004208553333333,0.000348122,0.0,0.0010946526666666,0.0003864816666666
0.0020635396666666,0.005193841,0.0009314323333333,0.0002222463333333,0.002518193,0.0003814613333333,0.0024927056666666,0.0021278583333333,8.37643333333333e-05,0.0021474083333333,0.0008498323333333
0.000284996,0.001504108,0.0007443523333333,0.0005185733333333,0.0018162513333333,0.0016792316666666,0.000731954,0.0003422286666666,0.000482271,0.00088734,0.0017393526666666
0.0020098866666666,0.0053598483333333,0.0016438506666666,0.000570389,0.0020234786666666,0.0005515353333333,0.0022369163333333,0.0031971043333333,0.0027119863333333,0.0036697483333333,0.008708491
0.0017695793333333,0.002468982,0.0037571413333333,0.0012737133333333,0.0019564543333333,0.0005090753333333,0.0084749376666666,0.0108467646666667,0.000497709,0.0041493033333333,0.006288765
0.0001279396666666,0.0,0.0011792516666666,3.33333333333333e-06,2.47073333333333e-05,3.33333333333333e-06,0.0054909653333333,4.94776666666667e-05,0.00155136,0.005788046,6.66666666666667e-06
0.0012466223333333,0.003163563,0.0005385456666666,0.0002646043333333,0.0008759586666666,0.0002139443333333,0.001760081,0.0018824156666666,0.0005771426666666,0.0026305806666666,0.005774909
0.0141338896666667,0.0195353763333333,0.007196708,0.006693767,0.0068979753333333,0.0010545516666666,0.018657074,0.019830415,0.0004332613333333,0.006577831,0.02264948
