0.0066063486666666,0.0013595503333333,0.0012344786666666,0.0008670503333333,0.0028548146666666,0.0004318696666666,0.0025269308333333,0.0009160196666666,7.42258333333333e-05,0.0020059383333333,0.0057916456666666
0.0037540326666666,0.0070921303333333,0.000967345,0.0023603983333333,0.006156013,0.0016219046666666,0.006279116,0.0022216026666666,0.000355441,0.003597937,0.0043841316666666
0.0009511676666666,0.0052886273333333,0.001371614,0.00320034,0.0012894286666666,0.0024394943333333,0.00210388,0.0011584036666666,0.00175301,0.0032755276666666,0.003036493
0.0002673923333333,0.0016608616666666,0.0003462476666666,0.0019988806666666,0.0004678926666666,0.0012393023333333,0.0013340773333333,0.0005283263333333,9.90066666666667e-06,0.001109182,0.000513043
0.0012457853333333,0.008628636,0.000999202,0.000512994,0.001124833,0.0004589716666666,0.00142994,0.000613033,0.000221096,0.0038994956666666,0.003272276
0.0010915796666666,0.0017834846666666,0.000824216,0.0009601886666666,0.0026887186666666,0.003727983,0.0009742746666666,0.0003699026666666,0.000433615,0.0021230346666666,0.002178086
0.0019822443333333,0.0079251253333333,0.003098769,0.001183904,0.002906738,0.001788193,0.003383045,0.0043044723333333,0.0026748713333333,0.0094831633333333,0.008793775
0.0026504496666666,0.0025943286666666,0.0016782383333333,0.0020164906666666,0.002182029,0.0013132626666666,0.0082184666666666,0.0131149613333333,0.000320869,0.003725058,0.0066661086666666
6.6219e-05,3.33333333333333e-06,0.0011900203333333,0.0,5.426e-05,0.0,0.0019014323333333,1.06496666666667e-05,0.002219784,0.0028299333333333,0.0
0.0031360076666666,0.0046383053333333,0.002529235,0.0017236393333333,0.0033188716666666,0.0026596203333333,0.005078255,0.0015097046666666,0.0007611226666666,0.004796658,0.0049647503333333
0.0116030586666667,0.0098907863333333,0.006474223,0.0022636696666666,0.0069854443333333,0.0027973926666666,0.010495056,0.019555394,0.0010680956666666,0.0055589523333333,0.0296791126666667
