0.0034154273333333,0.0007953406666666,0.0005570176666666,0.0010380736666666,0.0013720156666666,9.9697e-05,0.0012850338333333,0.0002975196666666,0.0001773155,0.0005501886666666,0.0042789003333333
0.0011372,0.0104047936666667,0.001043811,0.002607351,0.0034155676666666,0.000582639,0.003930842,0.0008521226666666,5.38476666666667e-05,0.0007388646666666,0.0018071376666666
0.0005955693333333,0.0064706103333333,0.0010663653333333,0.0016214656666666,0.0036477553333333,0.0022947673333333,0.001296319,0.004377591,0.000831075,0.0016266523333333,0.0042270316666666
0.0010042563333333,0.0017862303333333,7.91936666666667e-05,0.001065156,0.0001183376666666,7.3932e-05,0.0004392013333333,0.000379548,0.0,0.000260009,0.0007442616666666
0.0010926913333333,0.0077704093333333,0.000794707,0.003356997,0.000761501,0.0008823856666666,0.0012553016666666,0.000872387,6.03986666666667e-05,0.002313925,0.0015435803333333
0.0001709703333333,0.001586727,0.001043803,0.0002336833333333,0.0017916716666666,0.0013562606666666,0.0003432903333333,0.0003129823333333,0.0002576546666666,0.0005949966666666,0.001111918
0.0013170023333333,0.012639063,0.0021526376666666,0.0002977636666666,0.0019184383333333,0.0002416506666666,0.002231209,0.0039355043333333,0.0019044353333333,0.003398268,0.0041535153333333
0.0011279306666666,0.003159967,0.002853874,0.0009860913333333,0.0016127096666666,0.000512921,0.0083015233333333,0.0107657576666667,0.0001107116666666,0.0032685126666666,0.0046339896666666
6.66666666666667e-06,8.5e-06,0.0002969753333333,4.94133333333333e-06,4.71823333333333e-05,0.0,0.003488552,6.44786666666667e-05,0.0004872673333333,0.0028680476666666,6.66666666666667e-06
0.0010872176666666,0.0051297453333333,0.0004239086666666,0.000121633,0.0008673146666666,0.0002239063333333,0.0027719146666666,0.0019853863333333,0.0005523233333333,0.0005948923333333,0.000673836
0.0094619046666666,0.0076961526666666,0.006840768,0.0031859836666666,0.0049641766666666,0.0010513093333333,0.0072532253333333,0.0183640103333333,0.0004575126666666,0.0046402956666666,0.0399053066666667
