0.0026728043333333,0.0024733106666666,6.66666666666667e-06,0.0052051436666666,0.003446811,0.0005773366666666,3.4099e-05,0.0010098366666666,3.33333333333333e-06,4.18863333333333e-05,0.005266974
0.0042247833333333,0.0052723896666666,0.002935543,0.0156578716666667,0.005370077,0.0023957776666666,6.66666666666667e-06,0.0093562583333333,0.0,0.0002703383333333,0.0046128773333333
0.0007796806666666,0.0042625593333333,0.001257386,0.006835883,0.0035713303333333,0.002288963,0.0,0.004830166,0.0014306673333333,4.11323333333333e-05,0.0058857963333333
0.002601885,1.712e-05,3.33333333333333e-06,0.0176316513333333,2.3521e-05,0.0,0.0,0.0013464736666666,0.0,1.41636666666667e-05,0.0079725433333333
0.0021581313333333,0.0138762836666667,0.0016169706666666,0.0136478373333333,0.0036039966666666,0.0026333656666666,1.2204e-05,0.011040047,6.66666666666667e-06,0.000437571,0.0048439753333333
0.0008560946666666,0.0025863143333333,0.000867722,0.001703468,0.0019298546666666,0.001029016,0.0,0.0019872963333333,0.0,6.66666666666667e-06,0.0022926396666666
0.0019083076666666,0.00061361,0.0011086893333333,0.009620191,0.0002400976666666,4.30366666666667e-05,0.002572594,0.0091264483333333,0.0012067193333333,0.0023935916666666,0.0060612166666666
0.0030139516666666,0.0120623963333333,0.004307242,0.0146330853333333,0.006814667,0.002230809,9.2065e-05,0.0247781686666667,2.64506666666667e-05,0.000752018,0.0143845413333333
6.3755e-05,3.33333333333333e-06,0.0001383553333333,0.000948885,7.495e-06,7.924e-05,0.0054425493333333,0.0016007176666666,0.001562988,0.0072002503333333,0.0002002773333333
0.001211171,0.0004176113333333,0.0007199536666666,0.003047212,4.91996666666667e-05,0.0004078463333333,0.0034824176666666,0.0053002066666666,0.000606193,0.0006705753333333,0.0036734126666666
0.0152975896666667,0.014648671,0.0001860806666666,0.0381048933333333,0.003146557,0.0023564943333333,1.66666666666667e-05,0.017577386,2.2543e-05,0.0011524356666666,0.032121603
