0.0059734566666666,0.001920298,0.0006090723333333,0.0007402553333333,0.002349989,0.0004636066666666,0.0017820531666666,0.0009035966666666,9.78631666666667e-05,0.001625702,0.0033667606666666
0.0028647006666666,0.0111989893333333,0.0031170723333333,0.0018285936666666,0.0040759616666666,0.001192415,0.0092122743333333,0.0014251036666666,0.0008780583333333,0.0016888243333333,0.0058710383333333
0.0016294446666666,0.0092149936666666,0.0026988256666666,0.0025713476666666,0.0041723496666666,0.0041593043333333,0.0031101196666666,0.0018549306666666,0.0019755556666666,0.0032526446666666,0.0055963726666666
0.0015693386666666,0.0011661193333333,0.0002918133333333,0.0018440546666666,0.000256349,0.0007789963333333,0.0008989606666666,0.0008973543333333,3.33333333333333e-06,0.0005787676666666,0.0007780336666666
0.0023005253333333,0.0071177976666666,0.0020376983333333,0.0010404063333333,0.005513364,0.0030831076666666,0.0024759773333333,0.0044841236666666,0.0002449573333333,0.0011671003333333,0.001365366
0.0003870626666666,0.0023585396666666,0.001856788,0.0005874616666666,0.0017218633333333,0.00160094,0.0008757326666666,0.000466227,0.000395669,0.0006633506666666,0.0026869143333333
0.0032882346666666,0.0099926776666666,0.0046277516666666,0.001267781,0.0032704576666666,0.000742604,0.0021850393333333,0.0056189276666666,0.004939761,0.004076647,0.007300509
0.0052094503333333,0.001446516,0.0045272143333333,0.0018223316666666,0.003511866,0.0018387636666666,0.0114464576666667,0.012719621,0.0010065733333333,0.001586282,0.0162317883333333
1.33333333333333e-05,0.00043912,0.0018045503333333,4.91466666666667e-06,0.0003041116666666,6.66666666666667e-06,0.004848375,8.554e-05,0.0016567396666666,0.0043635046666666,0.0001031903333333
0.0015127836666666,0.0016225023333333,0.0006594563333333,0.0010547953333333,0.0008450466666666,0.000415254,0.0039919766666666,0.0013095416666666,0.00121658,0.002683092,0.0016728516666666
0.0142188436666667,0.0104414243333333,0.0110026863333333,0.0035158703333333,0.0092974266666666,0.0035761976666666,0.0094092216666666,0.0198377253333333,0.0004409483333333,0.0053377853333333,0.0331473053333333
