0.008124218,0.0006841833333333,0.000485378,0.000179639,0.002485615,0.000112944,0.0011372176666666,0.0005472846666666,6.3439e-05,0.0003369913333333,0.004906882
0.0007880413333333,0.010710984,0.000532575,0.0010118553333333,0.005910414,0.0006414076666666,0.0038622226666666,0.005062503,0.000514984,0.000668317,0.0027358633333333
0.0002025096666666,0.0078663963333333,0.000367327,0.0020147166666666,0.0034361856666666,0.001242801,0.001064861,0.0014984856666666,0.0006058576666666,0.001307278,0.0047115196666666
0.0012904693333333,0.0009709166666666,0.0001816153333333,0.0017191513333333,6.48266666666667e-05,0.0004277646666666,0.000656219,0.000519749,0.0,8.06493333333333e-05,0.0002670013333333
0.001902984,0.0083584676666666,0.0006629596666666,0.002876308,0.0040470513333333,0.0011269963333333,0.0015895136666666,0.00294032,0.0009980726666666,0.0005876393333333,0.0044273326666666
0.0001654036666666,0.0020375816666666,0.0008324803333333,0.0002869583333333,0.0046845226666666,0.000518894,0.000391403,0.000555417,0.000244806,0.0004797216666666,0.0037843226666666
0.0040480683333333,0.0113366146666667,0.000718024,0.0012955453333333,0.0015752916666666,0.0003004853333333,0.0020912193333333,0.006207091,0.0030518163333333,0.0023631846666666,0.0022694473333333
0.002518752,0.0025666246666666,0.0035697693333333,0.0015235096666666,0.0028702336666666,0.0003679423333333,0.0087963423333333,0.0121421723333333,0.0001614226666666,0.001923692,0.010543529
3.33333333333333e-06,5.88613333333333e-05,0.0001707583333333,0.0,0.0011611226666666,0.0,0.00390668,4.40746666666667e-05,0.000945325,0.0044619286666666,0.000124976
0.0009476333333333,0.0064104446666666,0.000207789,0.0001054483333333,0.0005044533333333,0.0003751173333333,0.0012741643333333,0.0012305903333333,0.0002221206666666,0.0001107023333333,0.0011096466666666
0.0099713423333333,0.0053933646666666,0.0061879923333333,0.002269803,0.0060669483333333,0.0024804323333333,0.006159861,0.015554028,0.000615168,0.0032926316666666,0.0343417033333333
