0.0027075966666666,0.0012290993333333,0.0003579793333333,0.0007017223333333,0.001337072,6.07063333333333e-05,0.0014487663333333,0.0002847686666666,4.0114e-05,0.0004887576666666,0.003547432
0.00098899,0.0037037666666666,0.0002112843333333,0.001685481,0.0026073443333333,0.0007613863333333,0.0040672556666666,0.000831733,2.52696666666667e-05,0.000492873,0.0009124793333333
0.000164566,0.0044903793333333,0.0003591136666666,0.001860791,0.0037064673333333,0.0012748793333333,0.001670981,0.00245486,0.0014239483333333,0.000616586,0.0048378293333333
0.000361146,0.0010786873333333,0.000125533,0.0016514476666666,0.0003920966666666,0.0001043203333333,0.0003859833333333,0.001516581,6.91266666666667e-05,0.0002295643333333,0.0001573513333333
0.0006381083333333,0.0049960383333333,0.0008730163333333,0.0028195786666666,0.001758962,0.0004395256666666,0.002063919,0.002857804,4.70963333333333e-05,0.0013520866666666,0.0013531726666666
0.0002558516666666,0.0049072366666666,0.0013907246666666,0.0005630526666666,0.001692719,0.0006408923333333,0.000410474,0.0004919336666666,0.0002597063333333,0.000519604,0.0008181266666666
0.0017054853333333,0.006203636,0.0028998366666666,0.0017516903333333,0.0015730973333333,0.0010766763333333,0.0013398046666666,0.0043099376666666,0.0026322226666666,0.0024172976666666,0.0019356493333333
0.0025644083333333,0.0034590896666666,0.0039683623333333,0.0011573083333333,0.00242022,0.001272155,0.0078797793333333,0.010998929,0.000251844,0.002474149,0.0073291026666666
1e-05,6.66666666666667e-06,0.001089453,3.33333333333333e-06,0.000154264,3.33333333333333e-06,0.004411932,3.98346666666667e-05,0.0012746993333333,0.0044515713333333,0.0
0.001139256,0.003963742,0.000222643,0.000236182,0.000505194,0.000337656,0.0015538166666666,0.0007422496666666,0.0002282493333333,0.0001341003333333,0.001174876
0.016047656,0.0074844496666666,0.0043847146666666,0.0016419646666666,0.0034429163333333,0.0012508336666666,0.0044595476666666,0.01531688,8.42363333333333e-05,0.0038302346666666,0.022664874
