0.002528158,0.0013466643333333,0.000487142,0.0001179956666666,0.001524759,0.000560176,0.0014007913333333,0.0005557076666666,2.89076666666667e-05,0.000543143,0.002725816
0.0015895603333333,0.0073208083333333,0.0016263243333333,0.001362822,0.0033827373333333,0.001292923,0.009254658,0.0069290783333333,0.0002842583333333,0.001276532,0.0016571746666666
0.000301862,0.0055402573333333,0.001003002,0.0018713916666666,0.003943528,0.0017840196666666,0.0019726173333333,0.0028629413333333,0.0008757023333333,0.0011696683333333,0.0042930343333333
0.0005609663333333,0.0013578706666666,0.0001100686666666,0.0010218243333333,0.0009857393333333,0.0002136733333333,0.0008368616666666,0.0003718433333333,3.59333333333333e-06,0.0004166026666666,0.0005160683333333
0.0043965133333333,0.005925536,0.0008784243333333,0.000453789,0.000493756,0.0009502706666666,0.0046920283333333,0.0043501596666666,0.000124533,0.0012874803333333,0.00171428
0.0001183816666666,0.0025827243333333,0.0007292963333333,0.000468412,0.0019326156666666,0.000668705,0.001046582,0.0006363023333333,8.40366666666667e-06,0.0005559286666666,0.0026371313333333
0.0017865446666666,0.0114036616666667,0.001416462,0.001055793,0.003539899,0.00061275,0.0018913786666666,0.0110077306666667,0.0014342693333333,0.006361749,0.011464857
0.0024651036666666,0.0070988476666666,0.0028804303333333,0.0013053953333333,0.0066350433333333,0.001108543,0.0107343196666667,0.0226393596666667,0.0006694073333333,0.0050430073333333,0.0096548546666666
0.0013474986666666,4.15273333333333e-05,0.0007613346666666,1.90046666666667e-05,0.0007133786666666,0.0,0.0046084923333333,0.000154029,0.001279655,0.0042238463333333,3.03293333333333e-05
0.0009824323333333,0.00174335,0.0002580616666666,0.0004034993333333,0.0011748953333333,0.000480879,0.003746484,0.0011945463333333,0.0003792003333333,0.000193471,0.0006628846666666
0.008701742,0.0070870696666666,0.0040296943333333,0.003464668,0.004140492,0.0017677813333333,0.0143696156666667,0.0142251073333333,0.000158534,0.005573428,0.0186408743333333
