0.0019490636666666,0.002440351,0.0006089313333333,0.0002196976666666,0.001466639,5.7616e-05,0.0012533758333333,0.000436949,4.16748333333333e-05,0.0003271693333333,0.0044105083333333
0.0039031966666666,0.0124428706666667,0.0033980993333333,0.0009801253333333,0.004551518,0.0016400103333333,0.006215178,0.0019185306666666,7.1663e-05,0.001285569,0.0032313926666666
0.0019774343333333,0.0070040226666666,0.001381493,0.0025706493333333,0.004711967,0.0015735886666666,0.0012761966666666,0.002950775,0.0012453453333333,0.001899819,0.0045819546666666
0.0008265986666666,0.003370749,0.000390091,0.000970059,0.0005518343333333,9.73033333333333e-05,0.0004971836666666,0.0012459416666666,0.0,0.0003995983333333,0.0003104153333333
0.0019853866666666,0.0073502723333333,0.0012601753333333,0.0005287936666666,0.0038564803333333,0.0003592123333333,0.0016381153333333,0.0035679843333333,2.28546666666667e-05,0.0009619106666666,0.004525868
8.3311e-05,0.002464858,0.0005080563333333,0.0003422063333333,0.001324398,0.000992623,0.0004912163333333,0.0003727623333333,4.23916666666667e-05,0.000221992,0.000920727
0.0013558216666666,0.013531896,0.0041415283333333,0.003558028,0.0026799336666666,0.000717107,0.0017169733333333,0.009589535,0.0011257573333333,0.003455872,0.0121521786666667
0.002177149,0.0071079213333333,0.0041890556666666,0.0013827873333333,0.006626115,0.0010006356666666,0.006913414,0.0222593956666667,0.0004309633333333,0.0029750923333333,0.014111035
0.0,0.0001412673333333,0.0016519356666666,2.01546666666667e-05,0.000121668,1.1137e-05,0.005391113,0.0033755953333333,0.001370349,0.0046480973333333,3.2962e-05
0.0008250503333333,0.0025799753333333,0.0006876333333333,0.000401533,0.000653941,0.000259274,0.0019724023333333,0.0013039383333333,0.0004347723333333,0.0004747506666666,0.0010123626666666
0.0133859636666667,0.0110194693333333,0.0050613526666666,0.001084404,0.008708773,0.001448534,0.0136808643333333,0.0229692456666667,5.98306666666667e-05,0.0032679493333333,0.0341572366666667
