0.0060574043333333,0.0005318063333333,0.000634542,0.00161365,0.0013351526666666,0.0001127166666666,0.004389902,0.0005196683333333,6.66666666666667e-06,0.0003262733333333,0.0025284493333333
0.001702481,0.0073238766666666,0.0006089226666666,0.0007707653333333,0.0025268346666666,0.0006178343333333,0.006072019,0.0010039533333333,0.0004195433333333,0.0003304286666666,0.0035994576666666
0.000555518,0.005103483,0.0014679756666666,0.0037427736666666,0.0034099136666666,0.0023194816666666,0.0018775996666666,0.002020592,0.0023190463333333,0.002291444,0.005799952
0.0007738023333333,0.0006536293333333,0.0001303896666666,0.0019250123333333,0.0005868733333333,9.24626666666667e-05,0.0002404173333333,0.0015850323333333,6.67113333333333e-05,0.000148226,0.0013458943333333
0.000707433,0.004082835,0.0018034413333333,0.0028171606666666,0.0011941696666666,0.001433077,0.001801713,0.0008984083333333,0.0001922326666666,0.001380447,0.001399177
0.0004480186666666,0.0013386606666666,0.001073875,0.0005327013333333,0.0013711436666666,0.0001605313333333,0.0012738376666666,0.0006514236666666,0.0003271706666666,0.0004426276666666,0.0011853893333333
0.0032293593333333,0.008578833,0.0007943833333333,0.0015699233333333,0.001117797,0.000771339,0.0021115546666666,0.0057284896666666,0.0032147126666666,0.0022149126666666,0.001900796
0.003464919,0.002549191,0.0025905046666666,0.0020429863333333,0.002240075,0.000784375,0.0076398923333333,0.007453344,0.0002353266666666,0.001951542,0.0052198326666666
0.0,0.0,0.0003011436666666,3.33333333333333e-06,1.8785e-05,0.0,0.0050277916666666,2.6692e-05,0.0010093016666666,0.004631604,0.0
0.0008523206666666,0.0048507,0.0004868446666666,0.000232516,0.001413869,0.0001820823333333,0.0013851063333333,0.0020746776666666,0.0003053323333333,0.0005808446666666,0.0068308456666666
0.0079868936666666,0.007652598,0.0057283666666666,0.001624179,0.0052943576666666,0.0034900226666666,0.006727892,0.0181597406666667,0.000340472,0.0061690956666666,0.0225851273333333
