0.0035549773333333,0.0023667403333333,0.0005067996666666,0.0004416726666666,0.0020335866666666,0.000503824,0.0021000961666666,0.0008316133333333,9.98185e-05,0.0010587833333333,0.0051328023333333
0.002352207,0.0149276036666667,0.0018932863333333,0.001301164,0.0047095883333333,0.0024345953333333,0.0096077143333333,0.00148687,0.0004482023333333,0.0007820503333333,0.00459627
0.0009286626666666,0.017014573,0.003881719,0.0031036923333333,0.0035718566666666,0.0046096546666666,0.0042695773333333,0.0018591606666666,0.0026143596666666,0.002267414,0.0050994333333333
0.000555876,0.001510336,0.0002581203333333,0.0016261433333333,0.002128852,0.0003059856666666,0.0014499466666666,0.0004907196666666,0.000115981,0.000221636,0.0028108863333333
0.0023599303333333,0.015943468,0.0022622143333333,0.000543041,0.0071271506666666,0.001660678,0.0064450283333333,0.002828752,0.000249692,0.0030355243333333,0.0043764653333333
0.0009597813333333,0.0030110873333333,0.0016956473333333,0.0007848406666666,0.0021517313333333,0.0008781906666666,0.0011927086666666,0.0010082853333333,0.0001242343333333,0.0004983326666666,0.001152947
0.0049049896666666,0.0162919233333333,0.0020458043333333,0.004027337,0.0067120573333333,0.0012812936666666,0.0020123283333333,0.00677577,0.0023882456666666,0.005408021,0.0119456136666667
0.006625661,0.0047033433333333,0.005177572,0.0019740806666666,0.0068793666666666,0.0018471233333333,0.0140327483333333,0.0119856223333333,0.0002527093333333,0.003430559,0.0105668016666667
0.0012700826666666,0.0002344276666666,0.0007432036666666,1.19526666666667e-05,4.86726666666667e-05,6.66666666666667e-06,0.005048295,8.49616666666667e-05,0.0009258676666666,0.0048147306666666,3.74136666666667e-05
0.0017756056666666,0.0022014533333333,0.001291795,0.0005891106666666,0.0018016456666666,0.0008299966666666,0.0049855943333333,0.0009045763333333,0.0015937496666666,0.0001998033333333,0.001886116
0.0165530396666667,0.0106416016666667,0.0093932436666666,0.004817735,0.011130098,0.0035885006666666,0.0196615526666667,0.0223117616666667,0.0020201286666666,0.004191208,0.0253295643333333
