0.0032687903333333,0.0035797526666666,0.0006409363333333,0.000304466,0.0016441476666666,8.26006666666667e-05,0.0731797966666667,0.0007784886666666,1.80291666666667e-05,0.0009112043333333,0.0049680723333333
0.001203687,0.0103430726666667,0.0017295593333333,0.0007233803333333,0.00491389,0.000448805,0.008909358,0.0028715443333333,3.95666666666667e-05,0.0011697813333333,0.00129667
0.001994662,0.0066588563333333,0.000512207,0.002098437,0.003072061,0.001523549,0.0009970396666666,0.0011567186666666,0.0005016963333333,0.0004224363333333,0.0044003903333333
0.000272257,0.001337194,5.0488e-05,0.0002298123333333,0.0007903363333333,0.0001555493333333,0.001092384,0.000369398,0.0,0.000208659,0.0002866623333333
0.001453656,0.010988181,0.0011693373333333,0.0002529673333333,0.009481982,0.0005254283333333,0.0082969253333333,0.0029088033333333,6.6224e-05,0.0013484013333333,0.0023613803333333
0.0001594723333333,0.002017539,0.0007870933333333,0.0006134596666666,0.001510478,0.000875577,0.0011307356666666,0.0002095303333333,3.8011e-05,0.0010095923333333,0.000922328
0.0030579553333333,0.013763905,0.0019336396666666,0.0005843046666666,0.003866435,0.000970498,0.0023098803333333,0.006321776,0.0013896723333333,0.0053883833333333,0.0107945733333333
0.0026564366666666,0.0064599526666666,0.0029125026666666,0.000845427,0.0026790846666666,0.0011989003333333,0.0114566366666667,0.012789365,0.0001090963333333,0.0033152366666666,0.0070072586666666
0.0003976,8.4782e-05,0.0013639836666666,3.33333333333333e-06,0.0002711256666666,3.33333333333333e-06,0.0058982206666666,2.15213333333333e-05,0.0004823363333333,0.003084837,3.33333333333333e-06
0.0010260613333333,0.0036078066666666,0.0004393953333333,0.000159233,0.0007052506666666,0.000420208,0.0031602826666666,0.0009277173333333,0.00075832,0.0001742526666666,0.0006499386666666
0.012033894,0.0078462113333333,0.0061624483333333,0.0027630066666666,0.003376035,0.0016854266666666,0.018848616,0.0145872963333333,0.000107708,0.004725803,0.0277508916666667
