0.0037941983333333,0.0011780173333333,0.0003320643333333,0.0001804486666666,0.0018113356666666,0.000242027,0.0030072045,0.000751951,5.82885e-05,0.0010856003333333,0.0058564566666666
0.0024080693333333,0.01158061,0.0015803453333333,0.0006991693333333,0.0056164886666666,0.0009461566666666,0.0042688213333333,0.0018814463333333,0.0003309056666666,0.0022930706666666,0.0015197583333333
0.0002811576666666,0.003893694,0.0009771576666666,0.001076919,0.003562427,0.0012670326666666,0.0060982746666666,0.000646561,0.0010603073333333,0.0015570626666666,0.002115864
0.0009059603333333,0.0020056043333333,0.000100886,0.0025595643333333,0.0002215683333333,0.000540675,0.0006382856666666,0.0003128163333333,2.33823333333333e-05,0.0003885293333333,0.0003275093333333
0.001367682,0.0099234836666666,0.000724346,9.61606666666667e-05,0.006929518,0.0012017466666666,0.0074452593333333,0.0012005046666666,6.84453333333333e-05,0.0033228256666666,0.002176963
0.000749756,0.0026513833333333,0.000796947,0.0016339153333333,0.0020060376666666,0.0010343613333333,0.0006817893333333,0.0003826613333333,0.000290085,0.000755117,0.001282818
0.000772054,0.014088628,0.0016343933333333,0.0004862246666666,0.0011714973333333,0.000298294,0.001121215,0.0057401713333333,0.0022996676666666,0.0064108876666666,0.0059182856666666
0.0040327513333333,0.0041420383333333,0.001357025,0.0003979066666666,0.0016953696666666,0.00049016,0.0064894353333333,0.0112870146666667,6.99303333333333e-05,0.0037365066666666,0.005625665
4.5697e-05,1.352e-05,0.0001800116666666,3.33333333333333e-06,4.48996666666667e-05,0.0,0.0008082693333333,5.39466666666667e-06,0.0010252113333333,0.0017764643333333,8.66233333333333e-06
0.0021600426666666,0.004821484,0.0002580456666666,0.0004822833333333,0.002010112,0.0008931773333333,0.004060366,0.0017917683333333,0.0001788913333333,0.0016999746666666,0.0031778766666666
0.0108543273333333,0.0070164083333333,0.0083904796666666,0.002629523,0.0041100623333333,0.0033950533333333,0.00802516,0.0125804203333333,0.000155871,0.004998711,0.0349790633333333
