0.0033729363333333,0.0003263246666666,0.000690593,0.0002118083333333,0.0026981933333333,0.0001548513333333,0.0016462661666666,0.000583256,3.17281666666667e-05,0.0004616983333333,0.0033031013333333
0.000515127,0.0053364753333333,0.0016632163333333,0.0005056526666666,0.003588034,0.0016743693333333,0.0040328346666666,0.0002658913333333,7.18713333333333e-05,0.0008872346666666,0.0016021043333333
0.0003043303333333,0.0077254373333333,0.0007770466666666,0.0013733923333333,0.003217642,0.0019076563333333,0.0005022153333333,0.0012759426666666,0.0005927926666666,0.0008367593333333,0.003384041
0.000293926,0.000890899,0.0001676196666666,0.0011675,0.0003633283333333,0.000373789,0.0007302083333333,0.000648008,3.8858e-05,0.0001090846666666,0.000374089
0.0013640786666666,0.0035624156666666,0.0009284886666666,0.000876685,0.0010657733333333,0.0007180883333333,0.0019625096666666,0.0017711193333333,5.59246666666667e-05,0.0010780976666666,0.003020452
0.000131744,0.0011193833333333,0.0009551013333333,0.0004009736666666,0.000987662,0.000350953,0.0009334266666666,0.0005831736666666,0.0002415773333333,0.0007359646666666,0.001013558
0.0008436516666666,0.0058411143333333,0.0020704663333333,0.0003047953333333,0.0015829186666666,0.0009627013333333,0.0017681853333333,0.0030668763333333,0.001078717,0.0028790466666666,0.0098814413333333
0.0013132023333333,0.001101451,0.0040896076666666,0.0009747696666666,0.0024858073333333,0.0008387803333333,0.007517535,0.0059148186666666,0.000169303,0.0016102263333333,0.0045647723333333
1.09343333333333e-05,0.0,0.0004336993333333,4.71733333333333e-06,2.47116666666667e-05,3.33333333333333e-06,0.0037907383333333,1.56213333333333e-05,0.0003028456666666,0.002423329,6.66666666666667e-06
0.0007354766666666,0.001673221,0.0003965513333333,0.0001795583333333,0.0005713606666666,9.27566666666667e-05,0.0040444226666666,0.0006562643333333,0.0002345856666666,0.0004829823333333,0.0009764826666666
0.0055522543333333,0.0063278016666666,0.005712328,0.00167039,0.0054516246666666,0.0020736203333333,0.0130054733333333,0.0124512176666667,0.00128364,0.0034276946666666,0.020668197
