0.002522896,0.0018343446666666,0.0006527583333333,0.0001606496666666,0.0033317556666666,0.0007184106666666,0.0020502466666666,0.001088076,7.82706666666667e-05,0.000658845,0.0173078456666667
0.0007566483333333,0.0059649456666666,0.0018594493333333,0.0006902973333333,0.002171194,0.0006136316666666,0.002999239,0.0009975623333333,0.0003504463333333,0.0008356303333333,0.002067783
0.000876443,0.0100937306666667,0.0029633506666666,0.001444674,0.00347979,0.0027664473333333,0.0010391863333333,0.0021181113333333,0.0012672183333333,0.0011637286666666,0.0071051396666666
0.000343847,0.0058197686666666,0.0005332,0.0003242946666666,0.0009773066666666,0.00023095,0.0011552263333333,0.000960834,0.000152811,0.0002971823333333,0.0010650953333333
0.0031845853333333,0.018194653,0.002367419,0.0004863113333333,0.00237627,0.0013408943333333,0.0026694543333333,0.0038258506666666,0.0004879516666666,0.0021137176666666,0.0046196756666666
0.0005618516666666,0.0059917173333333,0.0009342923333333,0.0004718873333333,0.0012224613333333,0.000894881,0.0005557813333333,0.001032126,0.0002915016666666,0.001076718,0.0012332023333333
0.0026242636666666,0.0191810733333333,0.0010606173333333,0.0007213356666666,0.004601354,0.001419026,0.0025109713333333,0.0067629586666666,0.0023506143333333,0.003463787,0.0077842383333333
0.003895963,0.0080034276666666,0.0039096926666666,0.0035042326666666,0.0061254716666666,0.00183249,0.0086039876666666,0.0174473973333333,0.0011478903333333,0.002524331,0.009574106
3.93173333333333e-05,0.0006045516666666,0.000246075,4.1908e-05,0.0001159496666666,5.65296666666667e-05,0.0044026076666666,0.0002006896666666,0.001345243,0.007055901,0.0001984983333333
0.0011085243333333,0.0096656346666666,0.000909603,0.000288415,0.000828069,0.000440548,0.002980941,0.002109552,0.00036523,0.0017046553333333,0.000836221
0.014493796,0.009879916,0.005940355,0.0023435693333333,0.0076954216666666,0.001286591,0.0074150493333333,0.0221125986666667,0.001586794,0.0040219583333333,0.04539343
