0.0036831113333333,0.0046738613333333,5.895e-05,0.006629689,0.0030425613333333,0.0006825413333333,0.0,0.003403922,3.33333333333333e-06,6.5063e-05,0.007084155
0.0056523816666666,0.016184575,0.0141412833333333,0.006327605,0.0068207536666666,0.0050764233333333,6.7695e-05,0.0112638233333333,0.0,0.0005346113333333,0.0081364786666666
0.0014107773333333,0.0013121823333333,0.0068477223333333,0.0057563246666666,0.0061247516666666,0.002413662,3.33333333333333e-06,8.39996666666667e-05,0.0203935116666667,1.12216666666667e-05,0.0030542366666666
0.0059726416666666,3.08106666666667e-05,0.000165503,0.0205457933333333,0.0,0.0,6.66666666666667e-06,0.0011823963333333,0.0,6.66666666666667e-06,0.014937473
0.001660083,0.0134637683333333,0.0078631393333333,0.0031329283333333,0.0017811026666666,0.0017277136666666,9.98666666666667e-06,0.0089165466666666,0.0,4.01733333333333e-05,0.0033876443333333
0.0016096303333333,0.0042260133333333,0.003363764,0.0010612093333333,0.002296461,0.0015867853333333,3.33333333333333e-06,0.001587512,0.0,2.68953333333333e-05,0.0020825653333333
0.0036418463333333,0.0003207303333333,8.8478e-05,0.0025052783333333,0.0,1.0604e-05,0.0033897786666666,0.0004349973333333,0.03617865,0.0034715763333333,0.011408086
0.0098626556666666,0.0123864893333333,0.0196592613333333,0.0097854166666666,0.0076559606666666,0.0041756903333333,1.808e-05,0.033289085,3.33333333333333e-06,0.0005684496666666,0.0177378443333333
0.0001172533333333,3.33333333333333e-06,3.33333333333333e-06,8.48516666666667e-05,0.0,1.86393333333333e-05,0.000466731,5.6956e-05,0.0085676106666666,0.0061153323333333,7.21163333333333e-05
0.0018484886666666,0.000180932,6.20266666666667e-06,0.00097135,6.89233333333333e-06,0.0002881086666666,0.0022633753333333,6.80263333333333e-05,0.012582015,0.0013891633333333,0.0016710516666666
0.0129107796666667,0.0147924113333333,0.0001806566666666,0.0324683753333333,0.0056326836666666,0.0031522056666666,7.00433333333333e-06,0.0204849583333333,0.0,0.000409463,0.0299451446666667
