0.001689573,0.0023160753333333,0.0005674896666666,0.0001580346666666,0.00084291,0.0003189676666666,0.0008154253333333,0.000930626,0.0003813243333333,0.0006314946666666,0.0146276806666667
0.000750099,0.0053906446666666,0.000452801,0.0003728736666666,0.0009106536666666,0.0007924133333333,0.0017547483333333,0.0007300123333333,0.0003578333333333,0.001386297,0.00171708
0.0009110446666666,0.0087027356666666,0.0003710463333333,0.0013549033333333,0.0032759196666666,0.0008781616666666,0.0006152076666666,0.001799416,0.0008334956666666,0.0039470596666666,0.0050832176666666
0.0006397643333333,0.0061835323333333,0.0001166933333333,0.0002703763333333,0.0005994876666666,0.0001897936666666,0.0012891393333333,0.0003928236666666,0.0001258303333333,0.0005486393333333,0.0007014646666666
0.0043620213333333,0.012805584,0.0014560803333333,0.0018175503333333,0.003688201,0.0028175263333333,0.0030481133333333,0.0023938986666666,0.00016788,0.0011569756666666,0.0033035636666666
0.0011808176666666,0.004161615,0.0009706596666666,0.0004900243333333,0.001061134,0.0008158093333333,0.000620687,0.000866825,0.0001348503333333,0.0003096276666666,0.001180887
0.002673214,0.0124924346666667,0.0005375253333333,0.0005636436666666,0.003073777,0.0002768506666666,0.0013579316666666,0.0055396313333333,0.000750572,0.0032257463333333,0.0055553096666666
0.002799726,0.008458601,0.003293046,0.001703777,0.0032840073333333,0.00200409,0.0063003346666666,0.0171048006666667,0.0006463503333333,0.003752265,0.010560804
3.8801e-05,0.000314238,0.000493636,7.4617e-05,9.87256666666667e-05,0.0001081473333333,0.0036619203333333,0.0013078356666666,0.0017519606666666,0.0074154216666666,6.06996666666667e-05
0.001384022,0.0093532716666666,0.0002426303333333,0.0002598703333333,0.0009774303333333,0.0002824593333333,0.0041947606666666,0.0019401363333333,0.0006054426666666,0.0001059803333333,0.0015134623333333
0.012726335,0.0100590876666667,0.0040303573333333,0.002069536,0.002984839,0.0011281523333333,0.011501395,0.0173807233333333,0.0001687,0.0044511643333333,0.0368120566666667
