0.002587029,0.000726754,0.0003269356666666,0.0002082376666666,0.0015681853333333,6.02436666666667e-05,0.0019861713333333,0.0002585303333333,0.000495493,0.0006443086666666,0.005866945
0.0008592163333333,0.0073088296666666,0.0032091436666666,0.000494185,0.003151188,0.0020659636666666,0.0047000566666666,0.001334302,1.93746666666667e-05,0.0009138663333333,0.0015275536666666
0.0004005803333333,0.009449308,0.000272651,0.001348221,0.0032117503333333,0.0013861903333333,0.0012097283333333,0.0012678606666666,0.0008499893333333,0.0005304646666666,0.006687951
0.000819678,0.002231946,9.40353333333333e-05,0.001588471,0.0001390793333333,0.000134796,0.0009954063333333,0.0002329753333333,0.0,0.0001730393333333,0.00052053
0.001877718,0.00911133,0.0009411073333333,0.0001728653333333,0.0011578666666666,0.0003050966666666,0.0021449446666666,0.0013943213333333,0.0005526976666666,0.001529775,0.002001169
0.000316175,0.002598796,0.0010622376666666,0.0002458843333333,0.001066091,0.0002444436666666,0.00050104,0.0001264026666666,0.0001778913333333,0.000508366,0.0007413476666666
0.0035826703333333,0.0186657786666667,0.0023768953333333,0.001790191,0.0021236763333333,0.0003087993333333,0.003026911,0.0029797186666666,0.000978673,0.0035756863333333,0.0080495403333333
0.002232544,0.0017965793333333,0.0027115773333333,0.0012954566666666,0.0026913183333333,0.0007762256666666,0.0071758743333333,0.0119198696666667,0.0001752263333333,0.002209613,0.0038348173333333
1.33333333333333e-05,0.0,0.0005791386666666,6.66666666666667e-06,2.9942e-05,3.33333333333333e-06,0.004569702,1.5704e-05,0.000659915,0.0041026093333333,7.244e-06
0.0007017053333333,0.002922168,0.0003564353333333,0.0001424783333333,0.0006324483333333,0.000197318,0.002673252,0.0004747366666666,0.001038032,0.0001913683333333,0.0015533326666666
0.008893238,0.0032160836666666,0.00501867,0.004121856,0.005211562,0.0010174553333333,0.0116911316666667,0.0137915696666667,0.0001119133333333,0.004050063,0.0330230186666667
