0.0039699763333333,0.001695212,0.0011245146666666,0.004269026,0.0018429843333333,0.000167779,0.0035368646666666,0.002151767,4.28573333333333e-05,0.0006026286666666,0.004481198
0.0030246293333333,0.0121732493333333,0.0094625513333333,0.0008936193333333,0.0062172846666666,0.0006932003333333,0.0116141883333333,0.0020904653333333,0.0005820906666666,0.0010192576666666,0.005467015
0.001875726,0.0053451943333333,0.0017733383333333,0.002581393,0.0031165853333333,0.0035029786666666,0.0030394036666666,0.004535553,0.0022628733333333,0.0050722813333333,0.0043897766666666
0.0012894336666666,0.002561565,0.0001571036666666,0.001104064,0.0002415883333333,0.000249919,0.0010556593333333,0.0005793453333333,1.64176666666667e-05,0.0003362123333333,0.0008200926666666
0.001783475,0.007512366,0.0010946863333333,0.0003077436666666,0.0014985693333333,0.000318674,0.0046210996666666,0.0040160313333333,0.000345873,0.001705805,0.002184273
0.0003128793333333,0.0030713153333333,0.001489997,0.0008657526666666,0.001586334,0.000700416,0.001272635,0.0009848993333333,0.0001419816666666,0.00029098,0.0012190216666666
0.0063141476666666,0.020080042,0.0033387773333333,0.0022468873333333,0.006088194,0.0012940133333333,0.00127823,0.0153501813333333,0.0030265193333333,0.0096155073333333,0.0127304233333333
0.0040866406666666,0.006677715,0.00374837,0.0019573663333333,0.004842023,0.001810573,0.014057651,0.0226187053333333,0.000660544,0.0044567203333333,0.0103947906666667
3.25913333333333e-05,0.0001759266666666,0.0037498186666666,4.3396e-05,4.65516666666667e-05,0.00053568,0.0068926523333333,7.07263333333333e-05,0.001498759,0.0052539123333333,0.0001054793333333
0.0018986913333333,0.0022595866666666,0.0006262673333333,0.0007130636666666,0.0019612173333333,0.0003757456666666,0.0082679706666666,0.002057611,0.0005068773333333,0.0008490486666666,0.0011495316666666
0.0149426483333333,0.011220502,0.0095553486666666,0.005443349,0.0044122403333333,0.003772944,0.0177836926666667,0.016162313,0.0006322343333333,0.0057508143333333,0.0297537013333333
