0.0045860273333333,0.0011747023333333,0.0011514866666666,0.002418802,0.001594561,0.0001387826666666,0.0030655476666666,0.001220627,7.53446666666667e-05,0.0007033476666666,0.004470949
0.0027263663333333,0.0101148383333333,0.003934639,0.0006543473333333,0.0037650363333333,0.0012000793333333,0.0101454916666667,0.0035238546666666,9.2661e-05,0.0006634173333333,0.0040942636666666
0.0009470526666666,0.0054145466666666,0.0014390253333333,0.001478484,0.0054782013333333,0.001452979,0.003305241,0.00259846,0.0004893663333333,0.001153432,0.0065172706666666
0.0010731043333333,0.0013649066666666,0.0001478173333333,0.0012403913333333,0.000104426,0.0002509616666666,0.00047062,0.0004596133333333,0.0,0.0001763366666666,0.0011289316666666
0.0024809286666666,0.011671791,0.0037345656666666,0.0004729816666666,0.008505693,0.0008351993333333,0.0069897176666666,0.0018985943333333,0.000390872,0.0019622816666666,0.002520883
0.0003170276666666,0.0020646026666666,0.0026393363333333,0.001223621,0.002672945,0.000569786,0.0009284756666666,0.0002044446666666,0.0003054073333333,0.000552948,0.0022270983333333
0.0020906056666666,0.0153165563333333,0.0058748566666666,0.0008052983333333,0.0053426896666666,0.0010371083333333,0.001554348,0.0081900666666666,0.0023196373333333,0.005778203,0.0081498536666666
0.0049169306666666,0.0054889703333333,0.0037167576666666,0.00155891,0.0036782833333333,0.0016870463333333,0.0076712906666666,0.0089798216666666,0.0001800586666666,0.0033846596666666,0.0114772406666667
0.0002806506666666,0.0001494563333333,0.002886244,4.84933333333333e-06,4.2885e-05,1.37e-05,0.0060688496666666,5.22406666666667e-05,0.0017447186666666,0.0041803533333333,2.93093333333333e-05
0.0013740646666666,0.0019957163333333,0.001222224,0.000386454,0.0010819983333333,0.000297668,0.0053831666666666,0.001201679,0.0014902223333333,0.0004446863333333,0.00187878
0.0119096496666667,0.0058306643333333,0.006112957,0.001445535,0.0057073293333333,0.001939927,0.0102983583333333,0.014362544,0.0008716613333333,0.0092935063333333,0.0228984723333333
