0.0029190116666666,0.003393479,0.000715398,0.000643333,0.0012554906666666,0.000215613,0.0008077783333333,0.0005706166666666,0.000551544,0.0001431573333333,0.0035800106666666
0.0009159896666666,0.003330221,0.0041709393333333,0.0001487876666666,0.002285869,0.0006420206666666,0.0036082323333333,0.001190668,0.0031417333333333,0.000368464,0.001910134
0.0002014626666666,0.0046511433333333,0.0002056466666666,0.0015222326666666,0.0031463376666666,0.0012590923333333,0.0016923283333333,0.0014550856666666,0.0011389106666666,0.0003673753333333,0.0034172223333333
0.0003290493333333,0.0006207933333333,0.0001135443333333,0.0018143013333333,0.0001180033333333,0.000409114,0.0006317153333333,0.0001501366666666,2.3032e-05,5.8058e-05,0.0009029126666666
0.0012938193333333,0.0058242106666666,0.0009238673333333,0.0001307266666666,0.0021245486666666,0.000268603,0.0013264706666666,0.003040147,0.0005327256666666,0.0004613286666666,0.0022298746666666
0.0001609203333333,0.0013402413333333,0.0009664813333333,0.0004198063333333,0.0017594716666666,0.0006189296666666,0.0006848136666666,0.0002818333333333,0.000513353,0.0003882296666666,0.0009889886666666
0.0009033263333333,0.0080016933333333,0.0007290416666666,0.0005783126666666,0.0056766156666666,0.000416437,0.0180607686666667,0.0023988626666666,0.0023378116666666,0.0019214173333333,0.0018380953333333
0.0017764226666666,0.0025874976666666,0.0036782503333333,0.0008472933333333,0.0042829523333333,0.0008380043333333,0.0033725716666666,0.0055818446666666,0.0024239876666666,0.0013805766666666,0.0110006463333333
0.0,6.66666666666667e-06,0.0001237266666666,6.032e-06,2.14736666666667e-05,8.608e-06,0.0010978933333333,2.7216e-05,0.0045435103333333,0.0012295976666666,2.54963333333333e-05
0.0001005183333333,0.000219393,1.3031e-05,2.20956666666667e-05,6.08923333333333e-05,2.64526666666667e-05,0.0001412786666666,0.000231027,0.000245723,0.000428153,4.85946666666667e-05
0.0143394536666667,0.0095177843333333,0.006259433,0.004281287,0.0050249906666666,0.0004477796666666,0.0087083946666666,0.0175823193333333,0.0016697633333333,0.0014372453333333,0.0242544763333333
