0.004304026,0.0011158006666666,0.000495094,0.00433071,0.0025411203333333,0.0013627533333333,0.0019411418333333,0.0004530023333333,5.68935e-05,0.0015859466666666,0.003970289
0.0032441303333333,0.0084167836666666,0.003192811,0.001369611,0.004573081,0.00177178,0.011414767,0.001872551,0.0005133583333333,0.0025660933333333,0.0033655946666666
0.0007863173333333,0.0055445116666666,0.0018009403333333,0.0031490666666666,0.0018439196666666,0.002839043,0.003455187,0.0006994973333333,0.0022601973333333,0.003674228,0.0037664163333333
0.0016444976666666,0.0012883556666666,0.0003858353333333,0.0018980946666666,0.00082018,0.000501983,0.0075305443333333,0.0003613006666666,3.33333333333333e-06,0.001003266,0.001072019
0.0015583863333333,0.0061415036666666,0.0007337556666666,0.000883072,0.0025343233333333,0.0017971003333333,0.0013795146666666,0.0014164713333333,8.69063333333333e-05,0.0025417293333333,0.0022008106666666
0.000575044,0.0028888576666666,0.0013674783333333,0.000712546,0.003226361,0.001538344,0.0009089053333333,0.0004311783333333,0.0003219786666666,0.001164726,0.0031862926666666
0.004620194,0.0062253146666666,0.0031882593333333,0.0011993623333333,0.0021774986666666,0.0014372566666666,0.0014863106666666,0.0034953666666666,0.0015335986666666,0.0050715896666666,0.0074388916666666
0.003802655,0.0059064806666666,0.001823967,0.0006948046666666,0.0034777543333333,0.001427098,0.0074441546666666,0.016117851,0.0002419223333333,0.001651095,0.0112603736666667
3.33333333333333e-06,6.66666666666667e-06,0.002200598,3.33333333333333e-06,3.31346666666667e-05,0.0,0.001556734,2.10776666666667e-05,0.0008035313333333,0.0032377223333333,3.33333333333333e-06
0.0021798036666666,0.004587419,0.001474489,0.001255762,0.00255703,0.0029285736666666,0.0016930816666666,0.0014202903333333,0.00046433,0.003182738,0.0026503226666666
0.0099935463333333,0.0070359773333333,0.0108796576666667,0.0026819873333333,0.0077676803333333,0.002489945,0.007420362,0.0134739923333333,0.0005588243333333,0.0069078913333333,0.026218021
