0.0063963866666666,0.0024134973333333,0.0008680883333333,0.0005650986666666,0.0026675866666666,0.0007448396666666,0.0022888783333333,0.0015577926666666,0.000247758,0.0020224533333333,0.0052652083333333
0.0034948446666666,0.0194917936666667,0.0019789346666666,0.0022374953333333,0.006735053,0.0027224006666666,0.0066780973333333,0.002056722,0.0011103436666666,0.0034202333333333,0.0048808886666666
0.0006780416666666,0.0032432006666666,0.000531131,0.0015757046666666,0.00127857,0.0016449913333333,0.0009166373333333,0.001163803,0.0008759473333333,0.0079753146666666,0.0026613
0.000343002,0.014490166,0.0002437463333333,0.001833602,0.0005700046666666,0.0010938333333333,0.000691876,0.000326134,6.66666666666667e-06,0.0008978973333333,0.002571293
0.0018806246666666,0.008997708,0.0009888036666666,0.0007552876666666,0.0014836886666666,0.001221993,0.0023775966666666,0.0013713326666666,0.000203336,0.0035481196666666,0.002184607
0.0011946443333333,0.0033170936666666,0.0012387086666666,0.0006728936666666,0.0014115623333333,0.0012746383333333,0.0011651833333333,0.000765714,0.000291869,0.0015147956666666,0.0017974116666666
0.002061613,0.014565715,0.0041415966666666,0.0021000076666666,0.0055563663333333,0.001457167,0.00262721,0.004556354,0.0024626553333333,0.009377354,0.0085655126666666
0.004084595,0.0038687213333333,0.002802205,0.00121647,0.003339278,0.002716784,0.00678798,0.03920155,0.0006669666666666,0.0039719473333333,0.0124055233333333
0.00014066,6.66666666666667e-06,0.0001180126666666,3.33333333333333e-06,7.66633333333333e-05,0.0,0.001011482,1.18763333333333e-05,0.000931643,0.0026030676666666,1e-05
0.0042745806666666,0.0069259686666666,0.0031026036666666,0.0015656383333333,0.0047640406666666,0.0032217216666666,0.006848769,0.0014019733333333,0.000756667,0.00528099,0.005705194
0.0152347066666667,0.0125929146666667,0.006827003,0.0027427556666666,0.0100101653333333,0.0030906093333333,0.010167523,0.027440554,0.0012780456666666,0.0061574613333333,0.136465013333333
