0.0038759833333333,0.0018133946666666,0.0005583616666666,0.000808717,0.001317025,0.0002497963333333,0.001738653,0.0015235103333333,6.86433333333333e-06,0.000606913,0.0044601576666666
0.00265883,0.0069824816666666,0.0015961896666666,0.000636838,0.0039918996666666,0.0003107753333333,0.007342555,0.0051885286666666,0.0001569816666666,0.0022237873333333,0.0029807746666666
0.0008657403333333,0.0055888903333333,0.000489349,0.0015742396666666,0.0028229196666666,0.000954384,0.0009777256666666,0.0013787753333333,0.0004758153333333,0.001454053,0.0035418986666666
0.0005007563333333,0.001077792,0.0001013746666666,0.0009571903333333,0.0002252323333333,0.000420934,0.0009492563333333,0.0004175746666666,0.0,0.0002014506666666,0.000141359
0.001431804,0.0081171793333333,0.0015651743333333,0.0003462653333333,0.0030799396666666,0.0006162926666666,0.0062961303333333,0.0025946653333333,0.0001017933333333,0.002076384,0.0012185343333333
0.0003156256666666,0.0025209813333333,0.0014368653333333,0.0003272426666666,0.0010737916666666,0.000567416,0.000948292,0.0001415246666666,0.0,0.0002203783333333,0.0009266116666666
0.0027806326666666,0.015048322,0.001156085,0.001328442,0.0038185016666666,0.000414779,0.0027762583333333,0.0069494143333333,0.001496806,0.0067754653333333,0.0115528913333333
0.0041970923333333,0.0075973743333333,0.0030632623333333,0.0019648246666666,0.003147176,0.0010878383333333,0.014061589,0.00979999,0.000270942,0.0037645213333333,0.0083201273333333
1.78333333333333e-05,0.0001486923333333,0.0002580296666666,4.704e-06,0.0003409673333333,0.0,0.003857522,5.444e-05,0.0008761533333333,0.002323713,0.0
0.0014712673333333,0.0024355926666666,0.0003946986666666,0.0002010883333333,0.0006811736666666,0.0001105906666666,0.003918886,0.0011112596666666,0.000914185,0.000165398,0.0010149043333333
0.010783656,0.0105278276666667,0.0052207943333333,0.0009249396666666,0.002828249,0.0005556626666666,0.017051922,0.0139746363333333,6.80413333333333e-05,0.007907084,0.0243482773333333
