0.000430359,0.0022706923333333,0.0005337133333333,0.0002851873333333,0.0010803116666666,0.0004210866666666,0.001596806,0.0016615086666666,3.38376666666667e-05,0.0004259966666666,0.0039627793333333
0.0007575526666666,0.0030560423333333,0.0012960626666666,0.000944138,0.0014740943333333,0.0009951583333333,0.0032506506666666,0.000502922,0.0001203403333333,0.0004395273333333,0.001626485
0.001136761,0.0074311233333333,0.002993949,0.0023842036666666,0.004423996,0.0027590376666666,0.004459353,0.0033519066666666,0.0010803296666666,0.0018498046666666,0.0067240926666666
0.00035106,0.0040161376666666,0.0003368296666666,0.0004763076666666,0.0009453533333333,0.000778418,0.009887716,0.001567206,9.78703333333333e-05,0.000212781,0.0005079956666666
0.001212253,0.007141332,0.00216436,0.000833206,0.0030890553333333,0.002327842,0.0020639883333333,0.0023999993333333,0.000266382,0.0009525626666666,0.0016239153333333
0.0003282083333333,0.002706034,0.000979481,0.0004235533333333,0.0010053443333333,0.0014401423333333,0.0010702336666666,0.0009404986666666,0.000122644,0.000481228,0.0015638006666666
0.0014345503333333,0.007039635,0.001000674,0.000718283,0.001970077,0.0008800826666666,0.001555939,0.0053300793333333,0.0010781123333333,0.0027699526666666,0.0080110793333333
0.0035822203333333,0.0062738216666666,0.0041805443333333,0.0026618603333333,0.0064820096666666,0.002117964,0.0061211026666666,0.0137899713333333,0.0007626126666666,0.002206132,0.0069510543333333
3.02103333333333e-05,0.000230259,0.0012625903333333,0.000136275,0.0002291206666666,6.49726666666667e-05,0.0043500346666666,0.0002480603333333,0.0017783233333333,0.0086918023333333,7.96666666666667e-05
0.000963801,0.0056938616666666,0.0003876823333333,0.000652619,0.0024380533333333,0.0004157166666666,0.0033013026666666,0.0023418233333333,0.0012341393333333,0.0007281506666666,0.0010741013333333
0.016618514,0.009779684,0.006847327,0.0008180693333333,0.0053959426666666,0.0013899903333333,0.0082335803333333,0.0150410733333333,0.000327825,0.002364344,0.03085303
