0.0038895593333333,0.0016920763333333,0.0001866043333333,0.000764502,0.001311611,0.0001167723333333,0.000558796,0.0008156483333333,0.0001918456666666,0.0001754706666666,0.0092405183333333
0.002822366,0.019710941,0.0017146016666666,0.0007507116666666,0.0032524073333333,0.00066343,0.0078349423333333,0.0022755733333333,0.0001873963333333,0.001046633,0.004437414
0.000842507,0.0089933686666666,0.000462711,0.001597102,0.0060209756666666,0.0010957203333333,0.001877097,0.002677238,0.000622823,0.00054244,0.0074552853333333
0.000184759,0.0085275923333333,0.0002958546666666,0.000421921,0.0003636936666666,0.0003293246666666,0.000683837,0.000580722,0.0,0.000317056,0.0006244433333333
0.0014992733333333,0.0123639423333333,0.002469467,0.0007442356666666,0.0012732686666666,0.00034973,0.002257866,0.002455071,0.0001560093333333,0.0011158306666666,0.002758162
0.0003404473333333,0.002598746,0.000384607,0.000344193,0.0006067496666666,0.0006040623333333,0.00051987,0.0005176483333333,1e-05,0.0001481176666666,0.0011865746666666
0.002811134,0.018457862,0.0039752763333333,0.0014418576666666,0.002843128,0.001310911,0.001895981,0.0100823286666667,0.0016868596666666,0.0034267976666666,0.0167117043333333
0.0042891873333333,0.0092844603333333,0.003702189,0.0013780936666666,0.0035833656666666,0.0009203553333333,0.008612644,0.0239119193333333,0.000534028,0.003706613,0.0132058606666667
1.712e-05,0.0001692356666666,0.0002525343333333,5.36166666666667e-05,0.0011563656666666,1.33333333333333e-05,0.0042436006666666,6.85423333333333e-05,0.003327586,0.004497163,0.0002607656666666
0.0010715583333333,0.0034391946666666,0.0002613843333333,0.000161959,0.0007725283333333,0.000128908,0.0035017983333333,0.0028462696666666,0.0001872313333333,0.000138517,0.0043696643333333
0.009873795,0.0074370513333333,0.007431396,0.004191243,0.0095151683333333,0.0027604876666666,0.0141235566666667,0.0127015166666667,0.0001318633333333,0.0039355623333333,0.0378674466666667
