0.0024045263333333,0.000566998,0.00071284,2.17446666666667e-05,0.0019585253333333,3.82243333333333e-05,0.0017512693333333,0.0007254163333333,5.21266666666667e-06,0.0010867306666666,0.0064208743333333
0.000659592,0.012296266,0.0015403436666666,0.000593065,0.0024022553333333,0.000540105,0.007811362,0.0017344596666666,9.21003333333333e-05,0.0015970503333333,0.005223238
0.0007314466666666,0.006321186,0.0021625776666666,0.001225288,0.0009399776666666,0.0012168596666666,0.001065559,0.002100993,0.0006068556666666,0.0013016793333333,0.0016958036666666
3.43073333333333e-05,0.00140793,0.000161775,0.0002008166666666,4.37076666666667e-05,0.0002121533333333,0.0005852316666666,0.0002785873333333,0.0,0.0005947766666666,0.000200742
0.0009691986666666,0.00912318,0.0006025983333333,0.0003492626666666,0.0013896063333333,0.000289414,0.0076339073333333,0.004353556,8.5793e-05,0.000893516,0.0015997843333333
0.0001381673333333,0.0024426993333333,0.0027317836666666,0.000327654,0.0006251536666666,0.000601817,0.0013442253333333,0.0003059776666666,0.0,0.000134008,0.001315682
0.0016707,0.0187660523333333,0.0009238763333333,0.0004443876666666,0.003534328,0.0005897243333333,0.0023064433333333,0.007275592,0.0008488646666666,0.005723624,0.0140729203333333
0.0018883133333333,0.00495265,0.00370594,0.0011245786666666,0.0028116113333333,0.0006117413333333,0.0125348816666667,0.0133254276666667,0.000331425,0.0037590806666666,0.0074920883333333
3.33333333333333e-06,0.0002293336666666,0.000572427,4.57333333333333e-06,2.15966666666667e-05,3.33333333333333e-06,0.001665834,2.95043333333333e-05,0.0006294193333333,0.0009861053333333,2.1838e-05
0.0009508913333333,0.0044867773333333,0.0003244653333333,0.0003119146666666,0.000734154,0.000708549,0.0043315123333333,0.0011834346666666,0.00028175,0.0012581323333333,0.000754002
0.0067121626666666,0.0064400853333333,0.0043689343333333,0.0038265176666666,0.0029539193333333,0.0010463863333333,0.018318415,0.0237623233333333,0.0002388726666666,0.003774107,0.0284512756666667
