0.0039136306666666,0.0006295016666666,0.0009141796666666,0.0052702426666666,0.002755736,0.0001739596666666,0.0017944778333333,0.000459664,2.89331666666667e-05,0.0011654876666666,0.003289928
0.0015275903333333,0.00950036,0.0044687383333333,0.0009592553333333,0.0032264676666666,0.0006512863333333,0.0055340316666666,0.0010196976666666,0.000466229,0.002647106,0.0040968513333333
0.0004652033333333,0.0091322806666666,0.0012991603333333,0.002655007,0.0046586003333333,0.0039284203333333,0.003377214,0.001370216,0.0014898826666666,0.005309352,0.005572354
0.000522352,0.0014959203333333,0.000336539,0.0014593456666666,0.000197797,0.0001665093333333,0.0010271146666666,0.0005495303333333,3.33333333333333e-06,0.0001219896666666,0.0004407776666666
0.0014759783333333,0.0097417073333333,0.0020126913333333,0.000159589,0.000387118,0.0008041416666666,0.0028598056666666,0.0029435583333333,0.000267122,0.0011366833333333,0.0042090053333333
0.0003142156666666,0.002644414,0.001320264,0.000726703,0.0015106196666666,0.0011952193333333,0.000900494,0.000170131,0.000295325,0.0009219276666666,0.0019768976666666
0.0017870783333333,0.010896111,0.003449521,0.0037267266666666,0.0022384223333333,0.0008273913333333,0.0021460093333333,0.0041209416666666,0.002120385,0.0038687276666666,0.0137289516666667
0.0023943716666666,0.0014591873333333,0.0036091903333333,0.0008314473333333,0.0043223526666666,0.000661669,0.0068168343333333,0.0107256533333333,0.000616796,0.003547727,0.0071793163333333
8.49976666666667e-05,1.62443333333333e-05,0.002933495,8.432e-06,3.58553333333333e-05,6.66666666666667e-06,0.0058060193333333,1.50426666666667e-05,0.001542889,0.0050230156666666,1e-05
0.0007912196666666,0.0022387036666666,0.0005674783333333,0.000215031,0.000425641,0.0004165646666666,0.004754956,0.001289104,0.000567792,0.0011069263333333,0.0012825866666666
0.013101033,0.0081007073333333,0.0100493783333333,0.0034181656666666,0.0065520876666666,0.0034495113333333,0.0169629206666667,0.015144939,0.0005598926666666,0.0047827013333333,0.02651713
