0.0033599026666666,0.005083697,6.34796666666667e-05,0.0087342683333333,0.0041693426666666,0.0010189273333333,3.33333333333333e-06,0.0027520723333333,8.11673333333333e-05,5.13573333333333e-05,0.0096631693333333
0.0053269643333333,0.0201585966666667,0.0043671846666666,0.0170473283333333,0.007862089,0.003168815,0.0003255666666666,0.0071233496666666,3.15643333333333e-05,0.0001125626666666,0.0134167073333333
0.0020046006666666,0.0076720566666666,0.0041980136666666,0.0153491526666667,0.0061406183333333,0.0025396896666666,1.11473333333333e-05,0.003063197,0.004541834,9.07776666666667e-05,0.007215398
0.011603792,0.000166683,6.66666666666667e-06,0.0227084046666667,3.33333333333333e-06,1.08333333333333e-05,3.33333333333333e-06,0.001126493,0.0,2.32316666666667e-05,0.017697997
0.00278629,0.0188759586666667,0.003065893,0.0115101863333333,0.0046738683333333,0.0027304193333333,1.4116e-05,0.0131735366666667,0.0001331033333333,0.00213962,0.006622325
0.000893448,0.0037156553333333,0.00308465,0.0031082896666666,0.0018597916666666,0.0016779953333333,0.0,0.0016867306666666,7.84366666666667e-06,7.97383333333333e-05,0.002201867
0.0077018833333333,0.001461588,0.0045403793333333,0.1371726,8.4035e-05,7.49643333333333e-05,0.001858978,0.0128181556666667,0.0016865553333333,0.002552237,0.0148340966666667
0.0077956993333333,0.0138973626666667,0.0047869906666666,0.0243056343333333,0.0095694583333333,0.0031056273333333,1.44136666666667e-05,0.0344684133333333,4.27876666666667e-05,0.0007315416666666,0.020618902
0.0001510006666666,1e-05,0.0043260916666666,0.0018274646666666,0.0,5.3717e-05,0.0045060976666666,0.0004734403333333,0.0020856246666666,0.007023302,0.0002793316666666
0.001559888,0.000336287,0.0010552803333333,0.008473806,5.69506666666667e-05,0.000636391,0.0040310133333333,0.001699138,0.0019999973333333,0.0009768986666666,0.0016329756666666
0.017450433,0.019167457,0.0010478173333333,0.0386866833333333,0.007619746,0.0049639173333333,3.33333333333333e-06,0.0292793876666667,4.4231e-05,0.0006979706666666,0.0340619466666667
