0.0056134903333333,1.86666666666667e-05,0.0,1.75813333333333e-05,0.004237113,0.0,0.0,2.4032e-05,0.0,3.89366666666667e-06,0.023615757
0.0036838276666666,0.0165267986666667,0.0,0.0001151686666666,0.0093015523333333,0.0024197786666666,1.16373333333333e-05,0.0056438376666666,6.66666666666667e-06,9.58466666666667e-06,0.0323080883333333
0.00133075,0.010451844,0.0016480306666666,0.006428772,0.006784014,0.002757734,0.0,0.002760458,0.002294598,1.66666666666667e-05,0.0086457886666666
0.0039801426666666,0.0001946756666666,3.33333333333333e-06,0.023921365,3.33333333333333e-06,0.0,0.0,1.8502e-05,0.0,4.01733333333333e-06,0.0087470126666666
0.003317763,0.019236294,0.003030929,4.78476666666667e-05,0.0053104823333333,0.0037121363333333,3.33333333333333e-06,0.0112451836666667,2.88753333333333e-05,0.0,0.0178359826666667
0.0007656293333333,0.0041643206666666,0.0020726426666666,0.0026331986666666,0.0038779206666666,0.0014351303333333,3.691e-06,0.0011596533333333,0.0,3.33333333333333e-06,0.002545446
0.0030909996666666,0.0010957493333333,0.0013738313333333,0.0163996616666667,0.0,9.53833333333333e-06,0.0020092913333333,0.0086101233333333,0.0014075903333333,0.0034463826666666,0.0054090476666666
3.0766e-05,0.0001048773333333,0.0,0.0002302936666666,0.0,1.74226666666667e-05,0.0001107446666666,0.031599111,5.366e-06,6.59976666666667e-05,0.0946820266666667
0.0016657376666666,0.0001640676666666,0.0022908046666666,0.0049772676666666,1.25876666666667e-05,0.0008364723333333,0.0015060733333333,0.0053507673333333,0.0046998983333333,0.0073013376666666,0.002458631
0.001294539,0.0001661996666666,0.0011603783333333,0.007707179,3.33333333333333e-06,0.00064249,0.0033649306666666,0.003387229,0.0020573563333333,0.000686559,0.0017158086666666
2.30923333333333e-05,0.0002448513333333,0.0,0.0021157486666666,0.0,1.22206666666667e-05,7.80633333333333e-06,0.0001621086666666,3.33333333333333e-06,1.56846666666667e-05,0.128176776666667
