0.0035702226666666,0.0006262923333333,0.0007728393333333,0.000678327,0.0008517726666666,0.0015469666666666,0.001258769,0.0002826693333333,1.01446666666667e-05,0.0007430913333333,0.002753737
0.0013642053333333,0.0094883426666666,0.0012414046666666,0.0023585346666666,0.0018649126666666,0.0012558586666666,0.0043765086666666,0.0014181123333333,5.81763333333333e-05,0.0006454063333333,0.001798179
0.000538365,0.0044699736666666,0.0008515566666666,0.0017811886666666,0.0035223556666666,0.0031160783333333,0.001375663,0.0018702696666666,0.00159547,0.0018520133333333,0.0061844606666666
0.001145781,0.000830815,0.0002683453333333,0.0016486823333333,8.7903e-05,0.000111841,0.0005497613333333,0.000616651,0.0,7.79006666666667e-05,0.0013461106666666
0.000963286,0.0027700393333333,0.0016263703333333,0.0029918506666666,0.002401516,0.0003465396666666,0.0010843253333333,0.00329269,1.19826666666667e-05,0.0012991036666666,0.0014478876666666
0.000240437,0.001452653,0.0010363323333333,0.0001223093333333,0.0015647656666666,0.0014247226666666,0.0003788363333333,0.00039139,0.0003236883333333,0.0003972926666666,0.00127495
0.001275898,0.005128182,0.0016075393333333,0.0009628536666666,0.0024119586666666,0.0004740386666666,0.002110118,0.0028982626666666,0.0022283003333333,0.0041467106666666,0.0037959663333333
0.0016290516666666,0.0030334143333333,0.0028245003333333,0.0012051836666666,0.002191918,0.0008394596666666,0.0078443963333333,0.009885381,0.0001733576666666,0.0028306696666666,0.0067331513333333
3.33333333333333e-06,0.0,0.0009671206666666,0.0,2.8621e-05,3.33333333333333e-06,0.0047736586666666,4.29066666666667e-05,0.0007803836666666,0.0040203113333333,3.33333333333333e-06
0.0011578083333333,0.0040656576666666,0.00027141,0.0001100093333333,0.0015115656666666,0.0003656246666666,0.0022759883333333,0.0021924096666666,0.0003883463333333,0.000732281,0.001105241
0.0104870486666667,0.0079498636666666,0.0060212483333333,0.0027541873333333,0.004870511,0.0013948206666666,0.0061264503333333,0.0220545376666667,0.00028041,0.0058701723333333,0.023539611
