0.0047723946666666,0.000583642,0.0007040903333333,0.0003932376666666,0.0009301283333333,9.756e-05,0.0014684891666666,0.000559207,6.01838333333333e-05,0.0003178976666666,0.003668587
0.0032289206666666,0.0056548826666666,0.0018746833333333,0.0005348123333333,0.0040035086666666,0.000644391,0.0055612646666666,0.0004304483333333,1.99523333333333e-05,0.0009709473333333,0.0031100446666666
0.000305499,0.0062703716666666,0.0003198273333333,0.0018774596666666,0.002640292,0.001670196,0.00077571,0.001117533,0.000838932,0.001022186,0.0037088843333333
0.0014913766666666,0.000965865,0.0003669133333333,0.0002483,7.34906666666667e-05,0.0002459473333333,0.0009507333333333,0.0003446403333333,0.0,0.000111136,8.18283333333333e-05
0.001436449,0.0056260763333333,0.0005385716666666,8.45413333333333e-05,0.0033983936666666,0.000210697,0.0037119283333333,0.0036713096666666,2.4735e-05,0.0004111806666666,0.0013065386666666
0.000132966,0.0018227863333333,0.000961033,0.000616345,0.0014459923333333,0.0007553963333333,0.000798753,0.0002017946666666,0.0001014436666666,8.32626666666667e-05,0.001425671
0.0034200276666666,0.0092305213333333,0.001019153,0.0013726853333333,0.002757104,0.0008222726666666,0.00250317,0.0083713363333333,0.0010663903333333,0.002173394,0.0124704796666667
0.003460086,0.0033091403333333,0.002973707,0.0017251316666666,0.002860186,0.0010295863333333,0.009751203,0.0137932983333333,0.0001345436666666,0.0014371186666666,0.004207044
2.33346666666667e-05,2.8453e-05,2.2733e-05,3.824e-06,0.0001215496666666,0.0,0.00432567,2.95723333333333e-05,0.0010382636666666,0.0031610773333333,0.001113899
0.001077352,0.001417544,0.0003996213333333,0.000307738,0.0006472843333333,0.000191453,0.0038971173333333,0.0008836033333333,0.000337418,0.0001766026666666,0.0007929653333333
0.0102261943333333,0.0049727383333333,0.007265946,0.001045528,0.0042751956666666,0.0013507656666666,0.0112988433333333,0.012439016,0.0006232043333333,0.0014082296666666,0.0119280373333333
