0.004491058,0.0054243363333333,0.0005726196666666,0.001547773,0.0030007913333333,0.000967534,0.0017282045,0.0036863463333333,9.85708333333333e-05,0.0027503616666666,0.008902199
0.0042507553333333,0.0162023356666667,0.0036094756666666,0.0027552386666666,0.008451748,0.0028406233333333,0.0185961103333333,0.0028353136666666,0.0007178093333333,0.005438192,0.0091312493333333
0.0020831916666666,0.0115757306666667,0.0019129563333333,0.0023027536666666,0.002129536,0.0038333313333333,0.001834117,0.0016538316666666,0.0028028753333333,0.0027613216666666,0.004443945
0.0003544796666666,0.002469369,0.0002964706666666,0.002470925,0.001159615,0.0013372903333333,0.000427654,0.0005873636666666,2.07736666666667e-05,0.0018669146666666,0.0018113833333333
0.0013894216666666,0.012543279,0.0008721526666666,0.0007193806666666,0.0047697986666666,0.0020218503333333,0.0021058766666666,0.0042502963333333,0.0001136656666666,0.0046056206666666,0.0045930173333333
0.0006155893333333,0.0049145996666666,0.0015974103333333,0.0006531116666666,0.006291632,0.0017170773333333,0.000485405,0.0012222753333333,0.0003032846666666,0.0020178223333333,0.0022570066666666
0.0031815836666666,0.016137475,0.000915925,0.001359181,0.0048101333333333,0.0012556633333333,0.0009140796666666,0.005877638,0.0020804723333333,0.006618803,0.0146801786666667
0.005799437,0.0060372703333333,0.002774984,0.0022583853333333,0.0065838236666666,0.0031518546666666,0.007561823,0.0248927696666667,0.0008629013333333,0.0046068666666666,0.0139147983333333
0.0004570346666666,1e-05,0.009153333,1.89876666666667e-05,7.59966666666667e-05,0.0,0.0015344913333333,8.19933333333333e-06,0.0011238546666666,0.0037912543333333,2.10456666666667e-05
0.0142337906666667,0.032344164,0.013562966,0.0087992116666666,0.028733947,0.018608742,0.0022793123333333,0.0067900053333333,0.0042085,0.003625053,0.0245270873333333
0.0137620486666667,0.01148951,0.0069916783333333,0.005860486,0.0080910236666666,0.0034662963333333,0.014082186,0.0311643893333333,0.000420168,0.007851269,0.05534528
