0.005346514,0.0013954696666666,0.0010024403333333,0.0035190073333333,0.0016444916666666,0.0001119553333333,0.003762334,0.0025000093333333,5.07866666666667e-05,0.0007274153333333,0.005293261
0.0022059133333333,0.0110695696666667,0.002047501,0.0012467483333333,0.00603904,0.0011251393333333,0.0130206276666667,0.0022123933333333,0.0006993963333333,0.0012812686666666,0.009794058
0.002903512,0.0051477356666666,0.0005158976666666,0.00112872,0.0033473483333333,0.0013202293333333,0.002664604,0.0037228513333333,0.0008689206666666,0.0028635793333333,0.0039786556666666
0.0024259776666666,0.0022751103333333,0.0001513343333333,0.0011071793333333,0.0002070336666666,0.0003459513333333,0.000960233,0.0007732933333333,0.0,0.0004760273333333,0.0004104696666666
0.0019094283333333,0.0085112866666666,0.0010138386666666,0.0003516736666666,0.00186815,0.000429125,0.0036754816666666,0.005641552,0.0002287296666666,0.001727629,0.0015638386666666
0.0004195763333333,0.0032079733333333,0.0010423236666666,0.001817184,0.0009068486666666,0.0002971746666666,0.0011918956666666,0.0008340166666666,6.58866666666667e-05,0.0002191723333333,0.00111776
0.003662019,0.0224764863333333,0.003308106,0.00334701,0.0063945673333333,0.002726604,0.001747675,0.0155910853333333,0.003730357,0.00998681,0.012727772
0.0053583116666666,0.0094509533333333,0.004049002,0.0022193176666666,0.0061448863333333,0.002680262,0.0130517276666667,0.01992404,0.0007379533333333,0.0048156686666666,0.0104304416666667
3.33333333333333e-06,4.79496666666667e-05,0.0039416276666666,1.81573333333333e-05,0.000614502,5.33836666666667e-05,0.0076487753333333,0.000102519,0.001763285,0.0045507433333333,3.75766666666667e-05
0.0012019233333333,0.002800122,0.0006760646666666,0.0004431423333333,0.001053315,0.000356761,0.008347518,0.00172175,0.000479766,0.000257455,0.001094674
0.0132360673333333,0.0086711066666666,0.006410827,0.0038294836666666,0.0053955813333333,0.003648529,0.0195596466666667,0.0124253006666667,0.0012161383333333,0.0063370193333333,0.0226834426666667
