0.0055012703333333,0.0026288436666666,0.0006519106666666,0.0004159986666666,0.0027771583333333,0.00077564,0.0026683516666666,0.0013600273333333,8.965e-05,0.0014325286666666,0.0039384176666666
0.002738778,0.0228341466666667,0.0019561313333333,0.0027378486666666,0.0097976426666666,0.0039839243333333,0.004498331,0.002813749,0.0008892213333333,0.003813779,0.004481237
0.0008166616666666,0.0037032413333333,0.0010321666666666,0.0019748126666666,0.0017879883333333,0.0026798,0.0018878983333333,0.0017975183333333,0.0010548546666666,0.0018845966666666,0.004700497
0.0011129403333333,0.0019150063333333,0.0002583966666666,0.002597729,0.0012166196666666,0.001269105,0.0004707506666666,0.0004691396666666,9.43733333333333e-06,0.0006926736666666,0.002540899
0.001930798,0.00742142,0.0005919333333333,0.0008104246666666,0.0051121416666666,0.001142872,0.0015598656666666,0.0034361483333333,0.0003468113333333,0.002980615,0.003937943
0.0020659683333333,0.0033300236666666,0.000883063,0.0005615026666666,0.0023661233333333,0.0014527123333333,0.00122385,0.0010080706666666,0.0002919406666666,0.0012902476666666,0.0020743483333333
0.0011264293333333,0.007887944,0.0010106686666666,0.0009496943333333,0.0016776893333333,0.0008877403333333,0.0017709416666666,0.004344527,0.0019417293333333,0.0076765773333333,0.0060864666666666
0.0039120566666666,0.004360636,0.0017940943333333,0.0016415533333333,0.0061705326666666,0.0020833486666666,0.0072104416666666,0.0207603436666667,0.00060336,0.004389054,0.018761869
3.33333333333333e-06,9.34566666666667e-06,0.002529174,0.0,5.30813333333333e-05,0.0001374193333333,0.001288253,1.59396666666667e-05,0.0008630173333333,0.0030340356666666,6.66666666666667e-06
0.0033350126666666,0.0060502313333333,0.0019858896666666,0.0011227976666666,0.0058099473333333,0.0036397336666666,0.008137082,0.002429384,0.0003841683333333,0.0035489796666666,0.0052972013333333
0.0097140203333333,0.008936352,0.0066772163333333,0.0054776366666666,0.0063852836666666,0.0033661336666666,0.0115452463333333,0.0218686036666667,0.000568126,0.005627329,0.0262887886666667
