0.0037770526666666,0.0015993016666666,0.000816585,0.005069609,0.0027041703333333,0.0006123476666666,0.0024224381666666,0.0006934426666666,3.62991666666667e-05,0.000536688,0.0036164733333333
0.0012123066666666,0.003262687,0.0015922206666666,0.000989844,0.004498576,0.0011427396666666,0.0102370706666667,0.012947273,0.0001342756666666,0.0009753513333333,0.0034455826666666
0.001032109,0.0045753843333333,0.001307184,0.0028269433333333,0.0030803853333333,0.0019572856666666,0.003771298,0.0069239073333333,0.001446539,0.001673236,0.0045121683333333
0.002822041,0.0005994173333333,0.000235652,0.0009539306666666,7.582e-05,0.000102792,0.0007568576666666,0.000266298,9.86566666666667e-06,0.000593743,0.000752298
0.0028133356666666,0.007468414,0.0011331343333333,0.0002581713333333,0.001484904,0.000471719,0.0058419993333333,0.007990718,0.0004454853333333,0.0010644766666666,0.0031959163333333
0.0004506616666666,0.0017051866666666,0.002405877,0.0003571356666666,0.001365106,0.0007393093333333,0.0014836576666666,0.0017771886666666,0.000227454,0.0003222216666666,0.0011098326666666
0.0045860483333333,0.0149891963333333,0.003970869,0.0008921556666666,0.0064522316666666,0.001245895,0.0020598013333333,0.0222083393333333,0.0018824903333333,0.0109648453333333,0.0127235536666667
0.0036788876666666,0.0062853206666666,0.004098838,0.0016080156666666,0.0059571736666666,0.001808401,0.015904854,0.021540624,0.000495241,0.005202555,0.007625113
9.198e-06,9.9029e-05,0.002343394,3.33333333333333e-06,4.06816666666667e-05,6.66666666666667e-06,0.0086670396666666,0.0001162923333333,0.00269008,0.00564147,1.42206666666667e-05
0.001801503,0.001467235,0.000817087,0.0003333483333333,0.0011906273333333,0.0005055453333333,0.0085448123333333,0.00402896,0.0004386296666666,0.0030088513333333,0.0012101886666666
0.016072238,0.0114027226666667,0.005461936,0.0035066896666666,0.0061432063333333,0.0017994833333333,0.0172789606666667,0.0163438516666667,0.0007493746666666,0.0036449326666666,0.023201951
