0.003297965,0.0004075093333333,0.000632332,0.0001469756666666,0.0016956526666666,8.02983333333333e-05,0.0017207028333333,0.0003275916666666,3.58916666666667e-06,0.0004121996666666,0.003874569
0.001468063,0.0046646123333333,0.000963544,0.0005720986666666,0.001906582,0.0003374756666666,0.004813293,0.001275064,0.000144675,0.0009914973333333,0.005487869
0.0002000633333333,0.0060715216666666,0.0012987966666666,0.0018892716666666,0.0030383163333333,0.0016318056666666,0.001651645,0.0015850013333333,0.0007658993333333,0.001156596,0.0035074886666666
0.0012238166666666,0.0004734803333333,0.0001075596666666,0.001502425,0.0008072373333333,0.0001179826666666,0.000432462,0.0002096396666666,0.0,0.0011175266666666,0.0013830083333333
0.0036925703333333,0.0055559983333333,0.000712459,0.0030754303333333,0.000411126,0.0012637253333333,0.001596775,0.0021944243333333,3.47783333333333e-05,0.001121617,0.0009007383333333
0.000169774,0.0015383046666666,0.000891158,0.00035003,0.001243781,0.0006777616666666,0.000935815,0.0004208333333333,0.0002891173333333,0.000432977,0.000742146
0.0009894896666666,0.0077910626666666,0.0012320223333333,0.0011944536666666,0.0014012636666666,0.0003019286666666,0.00250828,0.003899111,0.0016118626666666,0.0028148716666666,0.0017718246666666
0.001405925,0.001496505,0.0028626036666666,0.0016116423333333,0.002102332,0.0004940023333333,0.007986271,0.0146739733333333,0.00027297,0.0029236353333333,0.0059313113333333
7.50346666666667e-05,6.66666666666667e-06,0.0002760013333333,5.45333333333333e-06,2.71016666666667e-05,0.0,0.0038590783333333,0.0010916413333333,0.0009580863333333,0.00347523,3.33333333333333e-06
0.0008450193333333,0.00135675,0.000161136,0.0001499713333333,0.000977453,0.000295888,0.002292465,0.0013976713333333,0.0002364173333333,0.0005203586666666,0.0008141586666666
0.0113410623333333,0.005223701,0.0060205886666666,0.0035459933333333,0.005878746,0.0030726703333333,0.0091924353333333,0.0121896293333333,0.000177968,0.005718283,0.0237075173333333
