0.0055323196666666,0.0024207516666666,0.0004124853333333,0.0041814726666666,0.002118261,0.000550464,0.0021653535,0.0008661853333333,0.0002453155,0.0006632236666666,0.0088066816666666
0.0027273916666666,0.007036049,0.001107803,0.001314206,0.0065351116666666,0.0019654583333333,0.0051125176666666,0.0011137383333333,0.0001169086666666,0.0007419046666666,0.005086431
0.001184147,0.009413214,0.002605645,0.0019631056666666,0.002047372,0.0034028,0.0014584683333333,0.0019686386666666,0.0027284363333333,0.0023656296666666,0.0060971413333333
0.000728417,0.002880848,0.0001958886666666,0.0013222183333333,0.0003500776666666,0.000616017,0.0010641536666666,0.0006779466666666,1.9737e-05,0.0002254566666666,0.0014091416666666
0.0035633053333333,0.012404966,0.001172108,0.000604176,0.0026041706666666,0.001340596,0.0035065466666666,0.0039720893333333,0.00018585,0.0016099753333333,0.0069788673333333
0.0006424203333333,0.004144032,0.0040021946666666,0.0008652683333333,0.0021850966666666,0.0008387413333333,0.0007157333333333,0.000689782,0.000261027,0.0003998223333333,0.0013038293333333
0.0023694826666666,0.0152639006666667,0.0018886266666666,0.001676176,0.004910835,0.0019972363333333,0.0449546966666667,0.0046021063333333,0.0019466456666666,0.0036994813333333,0.0065787053333333
0.0055466856666666,0.0032813163333333,0.0051137206666666,0.000998766,0.0044433306666666,0.002433402,0.007886511,0.0161056493333333,0.000255241,0.0027878226666666,0.0125641266666667
1.33333333333333e-05,1.75746666666667e-05,0.0006221063333333,9.856e-06,6.1306e-05,0.0,0.003724436,4.82986666666667e-05,0.00082119,0.0031582143333333,2.42386666666667e-05
0.0016782483333333,0.002695201,0.0006640146666666,0.000343197,0.0013323803333333,0.0007726443333333,0.0035279373333333,0.0019934996666666,0.0010529386666666,0.0007611363333333,0.00195165
0.0133670373333333,0.010340641,0.010290678,0.001907683,0.010959905,0.003810966,0.0086489873333333,0.0237204943333333,0.0004383496666666,0.0068341363333333,0.03687119
