0.0062793313333333,0.0030129276666666,0.0010002803333333,0.000961226,0.0021022876666666,0.0006436813333333,0.0029047223333333,0.0010146326666666,0.0001829873333333,0.0006420193333333,0.0070634563333333
0.0034000576666666,0.016446488,0.0016927513333333,0.0015583943333333,0.0067323603333333,0.001661655,0.0080708153333333,0.000963652,0.000137897,0.0011998906666666,0.0052752793333333
0.0026076193333333,0.0054877086666666,0.002769582,0.0056595036666666,0.003825372,0.0024271996666666,0.002910977,0.0020245886666666,0.0016553266666666,0.002555438,0.0043426296666666
0.0004400436666666,0.0027736596666666,0.0004436946666666,0.0010664373333333,0.000872351,0.000286735,0.0010455283333333,0.0008124543333333,5.37436666666667e-05,0.0005107186666666,0.000404546
0.0021055603333333,0.008632771,0.0014693556666666,0.001640717,0.0050966853333333,0.0010134313333333,0.0069975333333333,0.0031646136666666,0.0002032183333333,0.0021203966666666,0.0040868376666666
0.0025846996666666,0.0046854036666666,0.001563663,0.002510628,0.0023141626666666,0.0010491543333333,0.0016252193333333,0.0005718756666666,6.7262e-05,0.000358739,0.001461351
0.0042336106666666,0.0132046916666667,0.002519935,0.0027943503333333,0.007944089,0.0016322816666666,0.001704924,0.010112596,0.001582997,0.005389575,0.0143645776666667
0.0080630686666666,0.0066998496666666,0.0165342396666667,0.0024548126666666,0.005342405,0.00349397,0.0124700386666667,0.0135660926666667,0.0007921323333333,0.0032886986666666,0.010471984
7.59e-06,0.0003778246666666,0.0017983703333333,0.00010383,0.0001247823333333,4.2369e-05,0.006740982,0.0001159543333333,0.0012582516666666,0.004334358,1e-05
0.0022960286666666,0.002314513,0.0008202726666666,0.0009247756666666,0.001695638,0.0009877723333333,0.004523312,0.0013942823333333,0.0009479203333333,0.0008245433333333,0.0023683386666666
0.011733238,0.0117815013333333,0.0108732163333333,0.0044438656666666,0.012458493,0.005142514,0.0150971316666667,0.0182475823333333,0.0007478026666666,0.0057389626666666,0.0429874366666667
