0.0034502316666666,0.0020233436666666,0.0006061313333333,0.0002247026666666,0.0017702753333333,0.0003379726666666,0.0018406901666666,0.001763611,1.15225e-05,0.0005363453333333,0.004019031
0.0016841216666666,0.0083803883333333,0.001385285,0.0008135366666666,0.004058764,0.0008235706666666,0.00639264,0.0014605236666666,7.6895e-05,0.0026027886666666,0.0016197686666666
0.001324735,0.007900782,0.0012620603333333,0.0032786766666666,0.003302131,0.0021305356666666,0.0025545056666666,0.0024542923333333,0.0007182203333333,0.0032300136666666,0.0078933146666666
0.0006901343333333,0.0011267963333333,0.0002156223333333,0.0021249853333333,0.000153944,0.0002303043333333,0.0008347593333333,0.0002553336666666,6.66666666666667e-06,0.000206072,0.0004199546666666
0.0025581286666666,0.0042208846666666,0.0008918103333333,0.0001349806666666,0.0028282573333333,0.0009114166666666,0.002790644,0.0019700863333333,0.0001968686666666,0.001660981,0.000991744
0.000300511,0.0013441933333333,0.0007209303333333,0.0006053606666666,0.001827139,0.0012313646666666,0.000691955,0.000545074,0.000416371,0.0004692643333333,0.001397929
0.002380934,0.0050547483333333,0.0016050583333333,0.0016361793333333,0.001612129,0.0003102906666666,0.0029066793333333,0.004429687,0.0031864483333333,0.0045858936666666,0.0103463176666667
0.002665135,0.002626851,0.003100403,0.001332985,0.0014213273333333,0.000965203,0.009886587,0.009395702,0.0004772916666666,0.003572824,0.005818661
0.0001271383333333,0.0,0.0033951506666666,0.0,6.53573333333333e-05,5.228e-06,0.005321195,5.879e-06,0.0015779536666666,0.0058254616666666,7.27773333333333e-05
0.0011762936666666,0.0019000923333333,0.0002415086666666,0.000200925,0.0009484536666666,0.000284683,0.0017731606666666,0.001085695,0.0007565566666666,0.0021806926666666,0.0006566876666666
0.0089592616666666,0.0064871026666666,0.0065391293333333,0.004876803,0.0048334446666666,0.0022477923333333,0.0136767843333333,0.0202414993333333,0.000184165,0.006287987,0.0282598693333333
