0.00903831,0.0039378806666666,0.000480473,0.000544672,0.003633539,0.001469263,0.0027702181666666,0.0019332296666666,0.0001871881666666,0.0026597256666666,0.0127159393333333
0.0032966586666666,0.0185570663333333,0.0018359263333333,0.003690115,0.009585673,0.0019550036666666,0.0057891263333333,0.002421158,0.0006706526666666,0.0038607556666666,0.0056566346666666
0.0011675766666666,0.0061180026666666,0.001486859,0.0018427373333333,0.001472479,0.0028489266666666,0.008351917,0.0028003083333333,0.002576771,0.0038967543333333,0.003342186
0.000896304,0.0019140406666666,0.0008199516666666,0.001598099,0.0006568766666666,0.000949386,0.0008194916666666,0.0008061696666666,7.62e-06,0.001869605,0.0008892503333333
0.0023558353333333,0.0109290606666667,0.001024957,0.0006993466666666,0.003544429,0.0009074113333333,0.001302721,0.0036570886666666,0.000264995,0.0041859613333333,0.004041818
0.001100922,0.0026591623333333,0.001077655,0.0006343433333333,0.0022430876666666,0.001581447,0.0006302703333333,0.0007040296666666,0.0003345483333333,0.001938762,0.0018662096666666
0.0032185843333333,0.015807953,0.0028031423333333,0.001263272,0.0036990883333333,0.0020592383333333,0.0014172383333333,0.0047611266666666,0.002153805,0.0077384466666666,0.0083589296666666
0.0071343996666666,0.0058457706666666,0.0018158113333333,0.0024451256666666,0.0046215753333333,0.0020030306666666,0.008823412,0.0162321763333333,0.0004868026666666,0.003332791,0.018335116
3.33333333333333e-06,4.38296666666667e-05,0.0002925126666666,1.40266666666667e-05,0.000273945,4.58596666666667e-05,0.0017892306666666,6.66833333333333e-06,0.0012958953333333,0.002753953,8.42493333333333e-05
0.0093591636666666,0.014316501,0.0044912616666666,0.0052644783333333,0.0115024576666667,0.007976512,0.0026563893333333,0.0042477453333333,0.0018028663333333,0.0030243306666666,0.0120918096666667
0.0121935096666667,0.0159826233333333,0.008117269,0.003177025,0.0084887233333333,0.0050261493333333,0.009301433,0.0265327343333333,0.000418802,0.0063061453333333,0.0417850066666667
