0.0077493686666666,0.0011749093333333,0.0005511523333333,0.0001153756666666,0.001368211,0.0001538483333333,0.0016421125,0.000507765,0.0009348618333333,0.0003658586666666,0.0052575386666666
0.0005220056666666,0.006054288,0.0004899483333333,0.0003651533333333,0.0052581533333333,0.0010145276666666,0.0041330953333333,0.002124811,0.0004268553333333,0.000425725,0.0017765413333333
0.0002774056666666,0.009918084,8.88796666666667e-05,0.0013744436666666,0.0030140423333333,0.000777914,0.0005639746666666,0.0049367706666666,0.000601653,0.000246079,0.0043391066666666
0.0006548786666666,0.0017932513333333,6.14386666666667e-05,0.0013780126666666,0.000169048,8.22523333333333e-05,0.001457328,0.0003175396666666,6.69166666666667e-06,0.0001319633333333,0.0002951906666666
0.0024060096666666,0.0054582853333333,0.0015515423333333,0.0035339106666666,0.0020511313333333,0.0001470686666666,0.001170369,0.0022591816666666,2.60063333333333e-05,0.0010985986666666,0.0012705353333333
0.0002432873333333,0.002555892,0.0009873893333333,0.0002287056666666,0.001542386,0.000365006,0.0007989966666666,0.0002746126666666,0.0001962333333333,0.000462674,0.0020333293333333
0.002453158,0.257179296666667,0.0008688323333333,0.0004211033333333,0.0016274606666666,0.0002168273333333,0.0027803603333333,0.007004889,0.0011681296666666,0.0044052976666666,0.0029632276666666
0.003332669,0.0015352876666666,0.003629437,0.000530561,0.002209337,0.0009866163333333,0.0082763476666666,0.010275033,8.55816666666667e-05,0.002028863,0.0059728676666666
3.33333333333333e-06,6.66666666666667e-06,0.000943531,4.6e-06,4.11493333333333e-05,0.0,0.0035851576666666,3.3444e-05,0.0005123666666666,0.003134983,0.0
0.000994115,0.005222479,7.95333333333333e-05,0.0001334536666666,0.0003423693333333,0.000169931,0.0018281223333333,0.001481071,0.00025536,0.0001092223333333,0.0007674096666666
0.0131751893333333,0.0054672836666666,0.0051139786666666,0.0035322446666666,0.0053361606666666,0.0012388506666666,0.0072182663333333,0.0170216293333333,0.0002210056666666,0.005609483,0.0337421166666667
