0.004694459,0.0025556856666666,0.0007314753333333,0.000488583,0.0026828676666666,0.0006216346666666,0.0015162813333333,0.0020155543333333,0.0001043036666666,0.0007030643333333,0.010888759
0.002480479,0.019937366,0.0029387483333333,0.0040535283333333,0.0093586366666666,0.004301039,0.0066083463333333,0.0037127576666666,0.0004630016666666,0.0009147763333333,0.009215337
0.0010157196666666,0.0102535993333333,0.0012353443333333,0.001292761,0.00448564,0.0036443393333333,0.0006689496666666,0.0025708426666666,0.0013077323333333,0.0015771553333333,0.0058038506666666
0.0004689086666666,0.0038014193333333,0.0008888523333333,0.0008124883333333,0.0009143386666666,0.0006918583333333,0.0025782043333333,0.0007125243333333,0.0001403436666666,0.0008154736666666,0.001228677
0.0064099786666666,0.0247048833333333,0.002518514,0.001963594,0.0062978146666666,0.002569364,0.0039744636666666,0.0064450413333333,0.0001424536666666,0.0019005236666666,0.0060605593333333
0.0008665473333333,0.004911694,0.0012325556666666,0.0005775543333333,0.002200785,0.0014087,0.001269725,0.0011787733333333,9.65456666666667e-05,0.0002461396666666,0.0012040796666666
0.0028874513333333,0.0214743566666667,0.0026625873333333,0.0023150776666666,0.0044222256666666,0.0026791823333333,0.001304892,0.0121294456666667,0.0020999133333333,0.0037359123333333,0.0143889483333333
0.0043790686666666,0.009320557,0.0044150916666666,0.0016859103333333,0.0078491116666666,0.0030209313333333,0.0081400116666666,0.03693822,0.0008574403333333,0.0033220186666666,0.0279033406666667
8.32656666666667e-05,0.0008710503333333,0.000689747,0.0001423006666666,0.0006839583333333,3.33123333333333e-05,0.0054294656666666,0.000128584,0.0019768633333333,0.0069867646666666,0.0001778193333333
0.0017239303333333,0.0048173836666666,0.0007189496666666,0.0004237166666666,0.0012329346666666,0.000691255,0.0068536436666666,0.0015803476666666,0.000665244,0.000427608,0.0017071603333333
0.019733865,0.0167278266666667,0.006282041,0.0042345023333333,0.0096344113333333,0.003636412,0.0139612336666667,0.03678177,0.00046324,0.0042578286666666,0.0558699533333333
