0.0043493326666666,0.000235727,6.43066666666667e-06,0.0016782043333333,0.0032287966666666,1.05366666666667e-05,0.0017718973333333,5.96746666666667e-05,0.000136927,2.91893333333333e-05,0.0272000623333333
0.002467505,0.0192608016666667,8.51073333333333e-05,0.0035426726666666,0.0087621413333333,0.002676237,0.008692062,0.00311457,0.0003247446666666,4.31546666666667e-05,0.0138196033333333
0.0009789483333333,0.0084605186666666,0.001942719,0.0033728306666666,0.0039448976666666,0.002736478,0.0032114566666666,0.002336545,0.0020619736666666,0.0015389163333333,0.0063195126666666
0.000571341,0.004480218,0.0004177386666666,0.001189427,0.0018663633333333,0.0006901156666666,0.000997557,5.0052e-05,3.08793333333333e-05,1.09376666666667e-05,0.0023818103333333
0.002776521,0.0149191336666667,0.0020843423333333,0.001196485,0.0066918253333333,0.002569558,0.008048505,0.008328767,0.00087403,0.000375641,0.0055701153333333
0.0005749546666666,0.0035384453333333,0.0016653766666666,0.0005711523333333,0.0014120453333333,0.000932382,0.0007855763333333,0.0010068523333333,0.000291645,0.000105171,0.0017249163333333
0.002980414,0.018235578,0.0027741086666666,0.002520269,0.0058025293333333,0.0020443366666666,0.0031052636666666,0.0117567816666667,0.002207737,0.003886854,0.017734928
0.0054305766666666,0.0014470613333333,0.0001809213333333,0.0028683186666666,0.0002044496666666,6.67133333333333e-05,0.0142939173333333,0.0311943,0.0019674803333333,6.32706666666667e-05,0.04329078
0.0012519316666666,0.0009621256666666,0.0007496203333333,1.965e-05,0.00124784,0.0002921846666666,0.006125556,0.0003327766666666,0.001758899,0.0054178596666666,8.32566666666667e-05
0.0027199573333333,0.0036309103333333,0.0006733436666666,0.0007154636666666,0.0019337056666666,0.0011160816666666,0.0048677033333333,0.0017491413333333,0.0015656743333333,0.001515354,0.003052297
0.018136634,0.0013072913333333,0.000111142,0.0042891026666666,0.0002159153333333,8.7652e-05,0.0237520373333333,0.0007587483333333,0.000963734,0.0001481713333333,0.107968666666667
