0.005922267,0.002118437,0.0004020216666666,0.0018979816666666,0.001869662,0.0001190666666666,0.0010964496666666,0.00118074,0.0006928753333333,0.0002790036666666,0.0027321556666666
0.0020194443333333,0.008340308,0.001045714,0.0012941856666666,0.0041582993333333,0.0020201096666666,0.0004616013333333,0.0009910446666666,0.0028228696666666,0.0004270633333333,0.0025158556666666
0.0003293586666666,0.0042086926666666,0.00028135,0.0024649606666666,0.003064653,0.0011367126666666,6.33676666666667e-05,0.002612419,0.0031659036666666,0.0005059976666666,0.004024906
0.0005276803333333,0.0012541706666666,0.0003217446666666,0.0020053153333333,0.000219829,0.0001284326666666,0.000319855,0.0002883896666666,3.33333333333333e-06,7.82946666666667e-05,0.000624801
0.000419482,0.0064182686666666,0.000710685,0.000156122,0.0084346813333333,0.000224577,0.0003769403333333,0.001436774,0.000963536,0.000666764,0.004184034
0.000313062,0.0016316146666666,0.0005138743333333,0.0005555256666666,0.001478958,0.0006769886666666,5.93726666666667e-05,0.0003728066666666,0.0009545266666666,0.0004367643333333,0.0008041723333333
0.004512165,0.005925258,0.0008707613333333,0.0005296743333333,0.0030677596666666,0.0002715323333333,0.0018020216666666,0.0067222036666666,0.0029755843333333,0.0027270463333333,0.0101772846666667
0.0018052816666666,0.002904647,0.0030369586666666,0.0019708236666666,0.002525524,0.0017467143333333,0.0011374036666666,0.0084170486666666,0.0073895446666666,0.0034055713333333,0.0063328606666666
0.0,1e-05,0.0001244043333333,0.0,1.76593333333333e-05,0.0,5.38946666666667e-05,3.33333333333333e-06,0.0044086356666666,0.003965028,0.0
0.0010271373333333,0.0014635696666666,0.0003300436666666,0.000520037,0.000647571,0.0002209476666666,0.0004213506666666,0.0021580686666666,0.0024309186666666,0.0001399176666666,0.000550763
0.0113681786666667,0.0074945936666666,0.0028825033333333,0.0030281876666666,0.0042297316666666,0.003960944,0.0084894826666666,0.0155043716666667,0.0044936013333333,0.003096742,0.0203036993333333
