0.0046336936666666,1e-05,0.0,8.67356666666667e-05,0.0073198426666666,0.0,0.0,2.3958e-05,4.97433333333333e-05,0.0,0.0298366353333333
0.005407918,0.020453428,1.26866666666667e-05,7.44866666666667e-05,0.0101932863333333,0.002211434,4.45596666666667e-05,0.0060217956666666,3.33333333333333e-06,3.33333333333333e-06,0.0248784513333333
0.001404029,0.010619029,0.001895437,0.0066865156666666,0.0067004573333333,0.0033358936666666,0.0,0.003047106,0.003907258,0.0003161013333333,0.0057060546666666
0.005650564,0.0003149423333333,1e-05,0.0215416313333333,2.0443e-05,2.64746666666667e-05,6.03466666666667e-06,1.30663333333333e-05,0.0,0.0,0.016311925
0.0028076883333333,0.0224350646666667,0.0023533106666666,0.000259666,0.004284444,0.0033866416666666,1e-05,0.0092705993333333,4.20313333333333e-05,3.33333333333333e-06,0.0243180976666667
0.0025061243333333,0.0046048593333333,0.0011339146666666,0.002185926,0.003306471,0.0014253536666666,0.0,0.0016257873333333,1.15936666666667e-05,3.656e-06,0.0019557033333333
0.0041930496666666,0.001161361,0.0013676383333333,0.026989549,5.78686666666667e-05,0.000129882,0.0013035186666666,0.012083929,0.0020358913333333,0.0038304963333333,0.0133417973333333
0.000532103,2.31093333333333e-05,5.70266666666667e-06,0.0004110206666666,1.51093333333333e-05,4.58566666666667e-06,4.93066666666667e-05,0.03040329,5.74253333333333e-05,1.2392e-05,0.0781261233333333
0.0002266406666666,3.79456666666667e-05,0.0015325166666666,0.002839175,6.85233333333333e-06,0.0001246643333333,0.000512382,0.0005894133333333,0.0060395313333333,0.0059629886666666,0.0005356763333333
0.002318171,0.000387089,0.0013694396666666,0.0090789766666666,5.20786666666667e-05,0.0007002373333333,0.0023415363333333,0.0021478266666666,0.0020340906666666,0.0007247976666666,0.00278324
0.0002078733333333,0.0002632896666666,3.33333333333333e-06,0.0005130036666666,1e-05,1.36973333333333e-05,2.4153e-05,0.000288177,3.4312e-05,1.33333333333333e-05,0.16162022
