0.0038028923333333,0.002833659,0.0,0.0063598423333333,0.003754174,0.0008425056666666,0.0,0.0021393656666666,6.66666666666667e-06,8.5131e-05,0.005463814
0.003860406,0.0129847966666667,0.0039656933333333,0.0150365986666667,0.007625045,0.0019860796666666,6.66666666666667e-06,0.005295411,3.33333333333333e-06,0.0001240346666666,0.0061420526666666
0.0016238933333333,0.007925139,0.000644131,0.00459963,0.0037210843333333,0.0010181036666666,0.0,0.0022399433333333,0.0007022366666666,1.33333333333333e-05,0.0048877306666666
0.005785114,0.00016936,3.33333333333333e-06,0.0186806923333333,3.33333333333333e-06,0.0,0.0,0.0009217896666666,0.0,2.57263333333333e-05,0.015014826
0.0035222556666666,0.0190529333333333,0.001741812,0.011309411,0.004991621,0.001629654,3.33333333333333e-06,0.010817169,1.65413333333333e-05,9.48103333333333e-05,0.005368303
0.000886066,0.0045402853333333,0.000849113,0.0027274283333333,0.001501796,0.0005505376666666,1.282e-05,0.001701409,0.0,1.1897e-05,0.002452928
0.004610289,0.001011694,0.0026672673333333,0.027594892,0.0002947503333333,3.21266666666667e-05,0.0027829263333333,0.0114085956666667,0.001437517,0.0026639773333333,0.0139994836666667
0.0064591216666666,0.0128480243333333,0.0058234626666666,0.0186855146666667,0.0076983333333333,0.003302247,8.41853333333333e-05,0.0265575696666667,1e-05,0.0004461566666666,0.020394699
4.54216666666667e-05,4.70706666666667e-05,0.0002968553333333,0.0007746083333333,3.33333333333333e-06,0.000101574,0.00752354,0.0002152293333333,0.0015279473333333,0.005664464,9.8326e-05
0.0014081483333333,0.000202598,0.0011922606666666,0.0054569823333333,3.33333333333333e-06,0.0007061593333333,0.0031763673333333,0.001338756,0.0004503416666666,0.0002567766666666,0.0020582633333333
0.0104333583333333,0.0139142006666667,0.0001478763333333,0.030704726,0.0062161943333333,0.0020938083333333,7.85133333333333e-06,0.019619837,1e-05,0.000655353,0.0252879466666667
