0.0065863216666666,0.0014221506666666,0.0004857416666666,0.0047977223333333,0.001534746,0.0003475836666666,0.0021669343333333,0.0006716476666666,0.000398361,0.000398833,0.0083397733333333
0.0024729036666666,0.014750125,0.0033781316666666,0.0017233673333333,0.0026862093333333,0.0011790923333333,0.007909579,0.002208961,0.0002714086666666,0.0013800933333333,0.004669069
0.0006551186666666,0.0086182416666666,0.001983897,0.0028437013333333,0.006062279,0.002983523,0.0012262103333333,0.002813128,0.001625173,0.001355666,0.0055586396666666
0.0002962513333333,0.0024755973333333,0.000314523,0.0012825073333333,0.000667202,0.000266132,0.0010910646666666,0.001130361,0.0,0.00023695,0.0013201633333333
0.0015982093333333,0.007011416,0.0016152073333333,0.0003373526666666,0.0032903483333333,0.000636837,0.0040013146666666,0.004152752,0.000102855,0.0012939446666666,0.0028334616666666
0.0001520636666666,0.002172616,0.0022952973333333,0.0005869706666666,0.0023836826666666,0.0011591163333333,0.0007555563333333,0.0003956066666666,2.83773333333333e-05,0.000173438,0.0017924236666666
0.0015675163333333,0.0123008323333333,0.0053428213333333,0.002095941,0.0039075116666666,0.0023962696666666,0.0011104336666666,0.0094868373333333,0.001236291,0.0048521236666666,0.0148464646666667
0.001911102,0.0079325943333333,0.0041929296666666,0.0020875373333333,0.0052047756666666,0.0013785726666666,0.0102912293333333,0.0218685136666667,0.000814205,0.002153596,0.01911021
1.8069e-05,0.0001413563333333,0.000271447,2.52346666666667e-05,0.0001016363333333,6.66666666666667e-06,0.0047740516666666,0.0096972433333333,0.001767465,0.00729468,5.0053e-05
0.0010471043333333,0.0015572853333333,0.000604746,0.0009006893333333,0.0009185356666666,0.0004088103333333,0.00205768,0.0010543993333333,0.000586867,0.0007412023333333,0.0011571243333333
0.0098999633333333,0.0104096973333333,0.0071611143333333,0.0023952716666666,0.0044164343333333,0.0031727223333333,0.0158809546666667,0.022317517,0.0006133953333333,0.0028691616666666,0.0288254753333333
