0.0054677416666666,0.003458899,0.0004366883333333,0.0017113113333333,0.0019717013333333,0.0009168083333333,0.001984944,0.001400473,0.000406902,0.000892817,0.004825979
0.0034227526666666,0.0160303663333333,0.0043535726666666,0.0014020416666666,0.007297152,0.014003653,0.0090597033333333,0.00166597,0.0005750603333333,0.0008404913333333,0.004728488
0.0007218166666666,0.0081751113333333,0.002701257,0.004740312,0.0058463433333333,0.0024798933333333,0.006652133,0.0021713473333333,0.001403367,0.0019388043333333,0.006396531
0.0008040293333333,0.0021035586666666,0.0004350136666666,0.000910072,0.0006988383333333,0.0002182413333333,0.0010824416666666,0.0020916703333333,4.2779e-05,0.00017857,0.0008737743333333
0.0024842963333333,0.015140744,0.002482168,0.0014825823333333,0.006637353,0.0017913773333333,0.0080514426666666,0.0045341276666666,0.0005580026666666,0.004243828,0.004997852
0.000775037,0.006300817,0.0025881403333333,0.000764169,0.0029929473333333,0.0012634613333333,0.0014698696666666,0.0011162253333333,0.0004241313333333,0.0006531356666666,0.002174296
0.004088228,0.022125964,0.002579748,0.002468265,0.0074129996666666,0.0012823966666666,0.002254977,0.0073129103333333,0.002691137,0.0051806503333333,0.0158086566666667
0.0080989973333333,0.0246977676666667,0.0054812623333333,0.0026291503333333,0.0058181336666666,0.0019215886666666,0.011400251,0.0150642056666667,0.0005720733333333,0.0045178306666666,0.011675469
4.6837e-05,0.000193816,0.000545597,3.26143333333333e-05,0.0002384556666666,3.11483333333333e-05,0.005734261,0.000402355,0.000955972,0.004328046,3.79796666666667e-05
0.0025497963333333,0.003206308,0.0008929106666666,0.000828277,0.0015979696666666,0.000746885,0.032195018,0.0028462296666666,0.0009778196666666,0.001189853,0.002692088
0.0146643833333333,0.0167959326666667,0.0090331333333333,0.0059337066666666,0.0079997016666666,0.002944647,0.013834668,0.0236487653333333,0.0009814436666666,0.0068938516666666,0.0312930306666667
