0.005853424,0.0014623566666666,0.0008783863333333,0.0052992016666666,0.000930393,0.0004654023333333,0.0014542665,0.001774101,6.15788333333333e-05,0.000475535,0.005865195
0.0011920253333333,0.006551217,0.0004170106666666,0.0011338813333333,0.0027561866666666,0.0014661226666666,0.003454156,0.0023365486666666,0.000113099,0.0013346583333333,0.0035996536666666
0.0004313773333333,0.005255309,0.0010484383333333,0.0022666873333333,0.0050631373333333,0.0031237106666666,0.0017382696666666,0.0022124113333333,0.001686889,0.0017011366666666,0.005722796
0.0014596863333333,0.0013302993333333,0.0002441453333333,0.0017611433333333,0.0002949186666666,0.000151698,0.0005193423333333,0.0004915996666666,0.0,0.0003475983333333,0.0007583006666666
0.0008179863333333,0.0055191713333333,0.00130038,0.0032701676666666,0.00119805,0.000397835,0.0012916803333333,0.002075993,0.0001961316666666,0.003099,0.0009741173333333
0.0002695836666666,0.001840057,0.0011071203333333,0.0003092636666666,0.0019039366666666,0.0017534656666666,0.0004892666666666,0.000516068,0.0003185003333333,0.0004730306666666,0.0009043586666666
0.0027968423333333,0.0059181763333333,0.0018629336666666,0.0029888546666666,0.002366345,0.000336055,0.0018605693333333,0.005090622,0.0029812943333333,0.0034787343333333,0.0052704953333333
0.0030916416666666,0.0047409116666666,0.0035848613333333,0.001802678,0.0025632113333333,0.0011892716666666,0.0080707143333333,0.0162227903333333,0.0011212486666666,0.003796939,0.0081830716666666
7.53573333333333e-05,6.66666666666667e-06,0.000409567,3.83733333333333e-06,0.0010508273333333,1.60006666666667e-05,0.0042597013333333,4.0291e-05,0.0018079876666666,0.0057377083333333,0.0
0.001081543,0.0066939903333333,0.000599298,0.0006090356666666,0.001104265,0.0004817343333333,0.002086937,0.001877669,0.0004455126666666,0.0007895846666666,0.004337351
0.0158480633333333,0.0062832116666666,0.0090449153333333,0.0023549276666666,0.0085560593333333,0.0022199533333333,0.007282428,0.019541888,0.000677747,0.0064921553333333,0.0318796766666667
