0.00425959,0.0026774626666666,0.0009388186666666,0.00577151,0.0041221983333333,0.0005470653333333,0.00257625,0.002484046,0.000263458,0.0021346963333333,0.0051072433333333
0.0077631323333333,0.0195848516666667,0.0040050286666666,0.0025805856666666,0.01005435,0.0028116263333333,0.0221990543333333,0.0045167683333333,0.0001891666666666,0.0043423346666666,0.010419616
0.0013754453333333,0.0041631953333333,0.0018326773333333,0.0021831316666666,0.0026865543333333,0.0027483223333333,0.005692257,0.0013430383333333,8.87063333333333e-05,0.0037303256666666,0.0048969113333333
0.0007719756666666,0.0034851826666666,0.0004041353333333,0.002002071,0.0012233863333333,0.0011341313333333,0.000677722,0.001144644,1.86333333333333e-05,0.0015953776666666,0.0036957903333333
0.00246503,0.0066934653333333,0.003048821,0.0004356803333333,0.0029183206666666,0.0013261713333333,0.002973067,0.0039748013333333,0.000277642,0.0031857603333333,0.0038623623333333
0.0008442663333333,0.0025334263333333,0.0018723483333333,0.0004076223333333,0.003162232,0.00130104,0.0010005393333333,0.0016490283333333,3.3917e-05,0.00158917,0.0025362736666666
0.0040217163333333,0.0235965503333333,0.003303909,0.000935956,0.003126506,0.0012997873333333,0.0013062496666666,0.0056593626666666,0.0027746206666666,0.008610594,0.0101603173333333
0.0060683053333333,0.005103872,0.0051956256666666,0.0021525796666666,0.0065133903333333,0.0025930173333333,0.010278393,0.027742889,0.000240937,0.0037167546666666,0.0213349783333333
3.33333333333333e-06,9.55536666666667e-05,0.003904974,6.66666666666667e-06,7.70623333333333e-05,3.33333333333333e-06,0.0027487716666666,1.50293333333333e-05,1.09136666666667e-05,0.003029791,2.26166666666667e-05
0.0072566886666666,0.0181566916666667,0.0063430476666666,0.0053253936666666,0.0109921893333333,0.0068587,0.004377709,0.0038656836666666,0.0015448593333333,0.0058923216666666,0.0127380293333333
0.013116463,0.0123283556666667,0.010209511,0.00260865,0.0074668943333333,0.0031838406666666,0.0145871786666667,0.025834904,0.000168472,0.0067757376666666,0.0267174446666667
