0.006973465,0.0020214493333333,0.0005304813333333,0.0006529333333333,0.0013997706666666,0.0003541106666666,0.120628756666667,0.001333532,0.0005259975,0.000399809,0.004633793
0.0010887123333333,0.00459332,0.0029787803333333,0.0008655446666666,0.0030166773333333,0.0008395233333333,0.0036694616666666,0.0014213126666666,0.0044400406666666,0.0008629876666666,0.0014292493333333
0.002351155,0.005617908,0.001791206,0.0026566186666666,0.0030040123333333,0.0039741703333333,0.0022142366666666,0.0022113923333333,0.0022090906666666,0.0040482903333333,0.004457023
0.0005827753333333,0.0011304226666666,0.0002314153333333,0.0018134273333333,0.0003172826666666,0.000224044,0.001680185,0.0002126573333333,1.4386e-05,0.0002659703333333,0.000393311
0.001491385,0.0083507656666666,0.000862327,0.0002003723333333,0.001356413,0.0005158123333333,0.0021707526666666,0.0022359706666666,0.000608066,0.0011618403333333,0.0036570443333333
0.0003499673333333,0.0025585513333333,0.00114677,0.0010119406666666,0.001688856,0.0010750686666666,0.0004558843333333,0.0002397143333333,0.0006618126666666,0.0012057773333333,0.0008008816666666
0.003345265,0.009890232,0.0030813806666666,0.0024970256666666,0.0034932476666666,0.000674067,0.00539668,0.0073978636666666,0.0025006986666666,0.0043865453333333,0.0027857156666666
0.00276858,0.0031350206666666,0.0027759983333333,0.0011056893333333,0.0025513053333333,0.0015953446666666,0.005152725,0.01002528,0.0025213676666666,0.0025767323333333,0.0067784826666666
1.43466666666667e-05,0.000102962,0.0011976246666666,9.64e-06,4.25106666666667e-05,0.0,0.000646844,2.23413333333333e-05,0.004847916,0.0042138856666666,1.33333333333333e-05
0.0010350673333333,0.0017263936666666,0.000420633,0.0005273403333333,0.0014122296666666,0.0005967233333333,0.0018746996666666,0.0028613153333333,0.0028076473333333,0.0029714423333333,0.001496246
0.0152853176666667,0.012592262,0.009635243,0.004759379,0.0070975513333333,0.00283273,0.0054465856666666,0.017226098,0.0029563626666666,0.0037968503333333,0.0254398876666667
