0.0043001456666666,0.0005558086666666,0.0005227006666666,0.0046885913333333,0.001607984,0.000358881,0.0045189446666666,0.0003098613333333,2.50781666666667e-05,0.000391076,0.002750431
0.001633333,0.0048597566666666,0.0016266073333333,0.0011253056666666,0.004436868,0.0010991713333333,0.0069008976666666,0.0011545193333333,0.000179789,0.0006639306666666,0.0023965413333333
0.0018789043333333,0.0054779393333333,0.001424389,0.0023583693333333,0.0032110436666666,0.0020640043333333,0.0011902376666666,0.002332175,0.0010207606666666,0.001695612,0.0033147806666666
0.0009537526666666,0.001216244,0.000199905,0.0011419916666666,0.000182552,0.000137929,0.0012028273333333,0.0001435263333333,0.0,6.3156e-05,0.0006452536666666
0.0026941706666666,0.0078511653333333,0.000473639,0.000479338,0.0034558083333333,0.0011074176666666,0.0053850936666666,0.0020658993333333,8.63533333333333e-05,0.0048952803333333,0.0011896473333333
0.0002713966666666,0.0015832886666666,0.0011585293333333,0.0005710216666666,0.0020342483333333,0.002020442,0.000783524,0.000188002,0.0,0.0005838353333333,0.0010032636666666
0.0033911946666666,0.011149119,0.0011489443333333,0.0009322403333333,0.005411662,0.0007923656666666,0.0022702266666666,0.0060977636666666,0.0022110283333333,0.0036823463333333,0.010892971
0.002864238,0.0036342466666666,0.0031190923333333,0.0021463436666666,0.0029300883333333,0.000591505,0.0120164096666667,0.0193604616666667,0.0001403333333333,0.001702921,0.008615672
6.00673333333333e-05,8.45156666666667e-05,0.0007565026666666,1.05426666666667e-05,3.60706666666667e-05,0.0,0.0041331963333333,6.37783333333333e-05,0.001007573,0.0027027023333333,1.3523e-05
0.0009903146666666,0.002064316,0.000327409,0.000754529,0.001078156,0.0004020426666666,0.0025052473333333,0.0018308606666666,0.001556843,0.0005127293333333,0.0015880946666666
0.009395957,0.007444839,0.0053215323333333,0.0019143693333333,0.005559142,0.0014996966666666,0.014150932,0.0093285423333333,0.00043095,0.004030899,0.0240571903333333
