0.0027647143333333,0.0013571556666666,0.0004810463333333,0.0025601773333333,0.004220483,0.0001341013333333,0.001505605,0.0012509863333333,3.15103333333333e-05,0.0005297153333333,0.0060022266666666
0.0006826086666666,0.0163039653333333,0.003437813,0.000643323,0.002185762,0.0007322653333333,0.0064041193333333,0.0010011723333333,3.42833333333333e-05,0.0009891366666666,0.0023933673333333
0.000311617,0.0085562973333333,0.001074309,0.0020252406666666,0.0036547483333333,0.0022024253333333,0.002480688,0.003049518,0.001776497,0.0016590156666666,0.0041031346666666
0.0014387543333333,0.002732211,0.0001340716666666,0.0003805723333333,0.0001800166666666,0.0002778203333333,0.0005294436666666,0.0002907166666666,3.33333333333333e-06,0.0002022663333333,0.0004406266666666
0.0014730096666666,0.0064255536666666,0.0013007313333333,0.0002189596666666,0.0040600756666666,0.0024945283333333,0.003922315,0.002292568,6.88716666666667e-05,0.0022279233333333,0.0014545466666666
0.0001495843333333,0.0029298433333333,0.0016593206666666,0.0010819583333333,0.0014443746666666,0.000876326,0.0005297943333333,0.0001636703333333,0.000504207,0.000620363,0.001595935
0.0029781766666666,0.0154516126666667,0.0014875376666666,0.0010109916666666,0.001714968,0.000328398,0.0024024416666666,0.003560121,0.0008590003333333,0.0042446413333333,0.0040327296666666
0.001630982,0.005408146,0.0032020683333333,0.0003772273333333,0.001573275,0.0006850386666666,0.0107557866666667,0.013421742,0.0001564556666666,0.0036996016666666,0.0072247616666666
2.6484e-05,1.78413333333333e-05,0.00307021,4.008e-06,0.0011519203333333,1.33333333333333e-05,0.003619354,6.0708e-05,0.0006336236666666,0.0062377136666666,7.30533333333333e-06
0.000830909,0.0041801003333333,0.000297462,0.0002125726666666,0.0007126556666666,0.0005277846666666,0.001972218,0.0009193073333333,0.0002331536666666,0.0003933263333333,0.000938769
0.0200244633333333,0.0091670423333333,0.0068773386666666,0.0013035896666666,0.005115911,0.0018910626666666,0.0084019306666666,0.0151227176666667,0.0002999636666666,0.0053543853333333,0.033037414
