0.003470489,0.0005912106666666,0.0007472633333333,4.70043333333333e-05,0.001387698,5.5748e-05,0.0016240333333333,0.0003261873333333,8.33333333333333e-06,0.0005928466666666,0.00508575
0.0007376216666666,0.0033327953333333,0.000762659,0.000606937,0.002890264,0.0021668316666666,0.0043830013333333,0.0012544203333333,3.33693333333333e-05,0.0002551003333333,0.0028146883333333
0.0002209826666666,0.005795809,0.0006843423333333,0.0015569226666666,0.0032902133333333,0.0017828166666666,0.0011205673333333,0.001686459,0.000688284,0.0009733023333333,0.0042281026666666
0.0001847493333333,0.0007337366666666,0.0001346843333333,0.001920144,0.0001246383333333,6.9291e-05,0.001115994,0.000209931,1.2728e-05,0.00029281,0.000199877
0.000840048,0.002884697,0.0006276346666666,0.0028214016666666,0.0022560023333333,0.0012707633333333,0.0014213763333333,0.0011801056666666,1.517e-05,0.00284372,0.0007526383333333
0.00011084,0.0005534463333333,0.0019260376666666,0.000468152,0.001310646,0.0009419563333333,0.0002009773333333,0.0001307043333333,0.000271912,0.0011825676666666,0.0012961293333333
0.0011373423333333,0.0065895086666666,0.000636091,0.000392505,0.0015324153333333,0.0009616803333333,0.00184255,0.0035700776666666,0.001148608,0.002158713,0.001542121
0.002378744,0.0019397426666666,0.0034818593333333,0.0014849443333333,0.0018637453333333,0.0002966626666666,0.0099593013333333,0.0080699863333333,0.0001790823333333,0.0014716546666666,0.0038533156666666
3.33333333333333e-06,3.33333333333333e-06,3.27406666666667e-05,3.33333333333333e-06,0.000308845,3.33333333333333e-06,0.0034645613333333,5.70226666666667e-05,0.000478446,0.00317146,6.66666666666667e-06
0.001087569,0.0040070083333333,0.0002335323333333,0.0002739856666666,0.0010628416666666,0.0002705563333333,0.002241699,0.001515976,0.0002768563333333,0.0006027096666666,0.000367437
0.0081153956666666,0.0040567313333333,0.006404543,0.001273537,0.0056675556666666,0.001033263,0.0054345026666666,0.0114025436666667,0.0012655856666666,0.0040107866666666,0.0210118893333333
