0.0067897136666666,0.0017066066666666,0.0005830473333333,0.000139247,0.0014278676666666,6.487e-05,0.0016249198333333,0.000662604,2.70528333333333e-05,0.0006485436666666,0.0037427113333333
0.001940257,0.0088453283333333,0.0012348686666666,0.0061028696666666,0.0053496396666666,0.002358476,0.005026044,0.001296104,0.000152702,0.0015287306666666,0.004134944
0.0003945536666666,0.0092585063333333,0.000968768,0.002385384,0.0028482106666666,0.001618863,0.0016218796666666,0.0022710336666666,0.0011040343333333,0.0024960006666666,0.0055891926666666
7.24126666666667e-05,0.0015476973333333,0.0002164263333333,0.002157437,0.000109909,9.03666666666667e-05,0.0005793886666666,0.00028933,0.0003147403333333,0.0001106186666666,0.0011347983333333
0.0005740586666666,0.0073303786666666,0.0007300176666666,0.0004349063333333,0.0005744613333333,0.000595433,0.0035372843333333,0.0011780486666666,5.80733333333333e-06,0.0020913466666666,0.0026160356666666
0.0002650983333333,0.0014523006666666,0.0006436743333333,0.0005395563333333,0.0014439066666666,0.001102538,0.0009473076666666,0.0003003366666666,0.0002856923333333,0.0004801363333333,0.0010583903333333
0.0008208563333333,0.014817614,0.001399049,0.0007060983333333,0.0014397746666666,0.0004386053333333,0.0021395086666666,0.003604685,0.0027762986666666,0.0044398373333333,0.0050003603333333
0.0016215096666666,0.005142387,0.002684914,0.0014553833333333,0.0043903923333333,0.001596268,0.0079553486666666,0.007746581,0.0001142383333333,0.003502942,0.003881285
0.0,3.33333333333333e-06,7.7887e-05,0.0,4.72433333333333e-05,0.0,0.0038400083333333,6.64866666666667e-05,0.0009943123333333,0.004507938,1.33333333333333e-05
0.000713073,0.0019988926666666,0.0004148273333333,0.0002239803333333,0.0002648523333333,0.0006278493333333,0.0024287326666666,0.0008765336666666,0.0011391246666666,0.0004231633333333,0.0005573856666666
0.0092244516666666,0.0085571666666666,0.0069599186666666,0.001909709,0.0031493226666666,0.0023969403333333,0.0129662,0.014409109,0.00039226,0.0059716766666666,0.0278417706666667
