0.0031137593333333,0.003637931,3.27093333333333e-05,0.0050676446666666,0.0018067506666666,0.0002513986666666,0.0,0.0007613126666666,0.0,5.0279e-05,0.004911632
0.001991571,0.0093911446666666,0.003880245,0.0156003956666667,0.0042323206666666,0.0021163493333333,2.9488e-05,0.0043376416666666,8.49963333333333e-05,0.0001194833333333,0.003695619
0.000613392,0.006044018,0.000918756,0.0046816823333333,0.0074997626666666,0.001742172,4.53066666666667e-06,0.0020303253333333,0.0008139146666666,5.35043333333333e-05,0.0039838493333333
0.0028840953333333,9.82963333333333e-05,6.66666666666667e-06,0.012629951,0.0,3.33333333333333e-06,0.0,0.0003887423333333,4.875e-06,3.44903333333333e-05,0.0106876633333333
0.0011875653333333,0.0144666796666667,0.0008153906666666,0.0113272593333333,0.0027747686666666,0.002657464,6.3264e-05,0.0046531026666666,1e-05,0.000261744,0.003799313
0.000516212,0.0030617396666666,0.0009474546666666,0.0023310736666666,0.0008954303333333,0.0007855106666666,3.33333333333333e-06,0.0008643156666666,0.0,7.62486666666667e-05,0.0015060013333333
0.0023451973333333,0.0012352773333333,0.0029951713333333,0.0118654286666667,2.89893333333333e-05,3.43913333333333e-05,0.0020972806666666,0.00683476,0.0010119543333333,0.0038329653333333,0.00962666
0.0046492793333333,0.0076353446666666,0.004611341,0.0160043253333333,0.0040365523333333,0.00232681,6.0427e-05,0.0181953393333333,4.296e-06,0.0008531893333333,0.0102961513333333
2.38003333333333e-05,6.66666666666667e-06,0.0006146403333333,0.000669583,3.33333333333333e-06,0.000186422,0.004325641,0.0007929203333333,0.0011251853333333,0.0064558876666666,3.9682e-05
0.001186998,0.0002616393333333,0.000189243,0.004255958,7.8928e-05,0.0007123076666666,0.0031378453333333,0.0009136856666666,0.0004535813333333,0.000345082,0.001071839
0.014493819,0.0086028233333333,0.0014768706666666,0.0285319896666667,0.004730405,0.0032648526666666,2.6406e-05,0.015540575,2.61753333333333e-05,0.0018359853333333,0.03990174
