0.0015287006666666,0.0029636933333333,0.0005161936666666,0.0015163386666666,0.001744933,0.001776989,0.0023897116666666,0.0015112993333333,0.0001639426666666,0.0006245493333333,0.0086796386666666
0.0043611,0.015776005,0.0037467546666666,0.0015041333333333,0.010710752,0.001676288,0.009120172,0.0029974783333333,0.0004057303333333,0.0017971703333333,0.0067690986666666
0.001426231,0.0070063203333333,0.0011861083333333,0.0034874573333333,0.0054439493333333,0.001865261,0.006036719,0.004096264,0.001631554,0.001590289,0.0062802993333333
0.000575204,0.006387321,0.000487169,0.0012087013333333,0.0011049736666666,0.0005508013333333,0.002496626,0.000876107,2.49856666666667e-05,0.0002973066666666,0.000941998
0.002368597,0.0150571813333333,0.0021380816666666,0.0017710916666666,0.0052852326666666,0.0011232853333333,0.0048246633333333,0.0062511013333333,0.0005166076666666,0.0014653663333333,0.0056119233333333
0.0003344456666666,0.0034097676666666,0.000987664,0.000570764,0.0014068536666666,0.001083253,0.0012173513333333,0.0006847176666666,5.27013333333333e-05,0.0004543813333333,0.0037974596666666
0.0051304413333333,0.0213309046666667,0.0030401113333333,0.0019864056666666,0.0120853173333333,0.002298922,0.00134889,0.0124839466666667,0.0024918716666666,0.006741041,0.0162672503333333
0.0080941833333333,0.010047717,0.0049619373333333,0.0025717016666666,0.0105315496666667,0.002361918,0.012709827,0.0361178533333333,0.0016542106666666,0.0041049713333333,0.015911304
0.0001485966666666,0.0003394316666666,0.0012525356666666,7.6534e-05,0.0004327533333333,3.50616666666667e-05,0.005301013,0.0044117096666666,0.003384901,0.005764459,0.0001157293333333
0.0014718556666666,0.0036724333333333,0.0012649833333333,0.0007725513333333,0.0019051423333333,0.0014444863333333,0.0048926926666666,0.002172967,0.000614271,0.000374421,0.0049766456666666
0.0198637903333333,0.016193019,0.008964323,0.002004762,0.0156902986666667,0.005669571,0.0159252766666667,0.0238899416666667,0.00091408,0.004834822,0.0347993633333333
