0.0033279076666666,0.0008504273333333,0.001591073,0.0009246996666666,0.001633092,0.0004326033333333,0.0013766218333333,0.0006098963333333,1.88411666666667e-05,0.001877579,0.0042182846666666
0.0054521103333333,0.00605523,0.0007361566666666,0.0014643046666666,0.0040459536666666,0.0009226146666666,0.003870565,0.0018768656666666,0.0003075746666666,0.0008220866666666,0.0031229823333333
0.000429692,0.0072348713333333,0.0008513893333333,0.002994018,0.0040695313333333,0.0026402136666666,0.0010323313333333,0.002287693,0.001075169,0.0021905413333333,0.0057528413333333
0.0011292273333333,0.0017647623333333,0.0001318916666666,0.0018075283333333,0.000458356,0.0001187796666666,0.001176959,0.0005328403333333,6.66666666666667e-06,0.0002426636666666,0.0003287886666666
0.0012959036666666,0.006205875,0.0013149596666666,0.0030648693333333,0.000846056,0.0006409606666666,0.001759299,0.0031848296666666,0.00014745,0.0038717786666666,0.00138541
0.000504151,0.003106432,0.00107936,0.0002156663333333,0.0022090396666666,0.0020687966666666,0.0002267056666666,0.0006962793333333,0.000401009,0.000409164,0.001002289
0.0028821553333333,0.00568028,0.0013607956666666,0.0007166613333333,0.0027515783333333,0.0002459716666666,0.0017166133333333,0.005339646,0.003265233,0.003454385,0.0053888106666666
0.002816436,0.003893245,0.003389084,0.001542757,0.002654624,0.001454886,0.0072163913333333,0.010937338,0.0002873553333333,0.0030824853333333,0.008167394
7.85096666666667e-05,3.98533333333333e-05,0.0003837456666666,3.48266666666667e-06,3.14553333333333e-05,0.0,0.0040022903333333,4.07253333333333e-05,0.0011429643333333,0.004727209,4.45566666666667e-06
0.0013125923333333,0.00447488,0.0019693673333333,0.0011323613333333,0.0009467043333333,0.000389952,0.0020917093333333,0.0017155983333333,0.0016272216666666,0.000662607,0.00133665
0.0091587003333333,0.009654121,0.0078049146666666,0.005984957,0.0087249546666666,0.0017388623333333,0.0086174473333333,0.0228842793333333,0.0003922293333333,0.006987581,0.0309328066666667
