0.0089861356666666,0.0010004863333333,0.0004199893333333,0.000259149,0.0028777256666666,0.0004044613333333,0.0021138418333333,0.000474551,8.10128333333333e-05,0.0006885716666666,0.004368185
0.0009057436666666,0.006977229,0.0015766676666666,0.000688118,0.0076974423333333,0.000739378,0.008666789,0.0027532656666666,0.0003156123333333,0.001095318,0.0032449333333333
0.0015080603333333,0.0052123353333333,0.0020299306666666,0.0025205063333333,0.0036086946666666,0.0020953783333333,0.0016851176666666,0.0010111,0.0030829266666666,0.0036791943333333,0.0052310983333333
0.00150145,0.0012463333333333,0.000246368,0.001682694,0.0001599283333333,0.0001880603333333,0.00091866,0.000502836,2.35263333333333e-05,0.0002276126666666,0.000804741
0.003721981,0.006391197,0.0010497563333333,0.0028806866666666,0.001540729,0.000502835,0.0028870973333333,0.001948401,0.000536046,0.002492708,0.0027755476666666
0.0001749376666666,0.0021946473333333,0.0016156273333333,0.000519443,0.0014822103333333,0.000865482,0.0003058,0.0004577583333333,0.0004285073333333,0.00048782,0.0011511033333333
0.001630543,0.0110669596666667,0.002718326,0.0007518443333333,0.0021782026666666,0.000356078,0.0014277633333333,0.0075072573333333,0.00177471,0.0038441853333333,0.0052686153333333
0.0031579963333333,0.002337018,0.0041556403333333,0.0010347706666666,0.0033909043333333,0.0015383743333333,0.0090760293333333,0.014968758,0.00046322,0.002559137,0.0183926206666667
6.66666666666667e-06,5.2693e-05,0.001109385,7.35466666666667e-06,0.000581874,0.0,0.0040736906666666,0.000340856,0.0005384513333333,0.0031361733333333,1.0052e-05
0.0014231226666666,0.0020559213333333,0.0005513406666666,0.0005914646666666,0.0013510593333333,0.0002865526666666,0.0035668793333333,0.0011421433333333,0.0005280793333333,0.0005569143333333,0.001290656
0.013794938,0.010612912,0.0081452393333333,0.0029269726666666,0.0080079303333333,0.002106285,0.0099356176666666,0.0154242926666667,0.0006677813333333,0.0053512223333333,0.026169699
