0.0065280186666666,0.0007186226666666,0.0003887486666666,0.00026934,0.0018915616666666,0.0003428376666666,0.0022044475,0.001111344,6.76505e-05,0.0003661643333333,0.0057130096666666
0.002339098,0.0114288826666667,0.0010462083333333,0.0009553126666666,0.0037574666666666,0.0029046476666666,0.011603729,0.0013976556666666,0.0003168206666666,0.001033121,0.006073225
0.0006394643333333,0.0040711393333333,0.001949145,0.0028838813333333,0.0009632733333333,0.0034152326666666,0.0017669856666666,0.0014319526666666,0.0018604906666666,0.0019775273333333,0.0030193316666666
0.000100365,0.0023391436666666,0.0002143036666666,0.0014925653333333,0.0006062,0.00125197,0.0002084216666666,0.0002450103333333,6.12783333333333e-05,9.0858e-05,0.0001635073333333
0.0028458423333333,0.0080936826666666,0.000569078,5.62983333333333e-05,0.00267912,0.0010222433333333,0.000890516,0.0005293483333333,8.2124e-05,0.0011441563333333,0.00243041
0.0003333483333333,0.002432804,0.000844307,0.0013565673333333,0.0024345046666666,0.0020187666666666,0.0003797613333333,0.0005717886666666,0.0003669926666666,0.0004286983333333,0.0018075153333333
0.0024796353333333,0.014230853,0.0013445293333333,0.0004783546666666,0.0012910756666666,0.00021487,0.0014881373333333,0.0041312413333333,0.0022828806666666,0.0038200333333333,0.0082360406666666
0.0013574083333333,0.003473083,0.0013413126666666,0.0003445526666666,0.000655509,0.0012553286666666,0.006575794,0.015649838,0.0001479723333333,0.0026583966666666,0.0045709576666666
1.38406666666667e-05,6.66666666666667e-06,0.0002158126666666,0.0,1.83306666666667e-05,3.33333333333333e-06,0.0027497136666666,0.0,0.0009920656666666,0.0019774333333333,3.33333333333333e-06
0.000681823,0.0020053223333333,0.0002835646666666,0.000361284,0.0007694126666666,0.000398039,0.001695329,0.0012920196666666,0.000354474,0.0008498693333333,0.0004807723333333
0.0188730986666667,0.0118470793333333,0.0075383653333333,0.002475843,0.0041647873333333,0.0043379906666666,0.0070790446666666,0.016933685,0.00030902,0.0039450433333333,0.04078351
