0.0031167016666666,0.0025635883333333,0.001269839,0.0024421503333333,0.0018883123333333,0.0005921133333333,0.0025706303333333,0.0010093353333333,0.0001617853333333,0.0007622953333333,0.0055130573333333
0.0029104393333333,0.0147179656666667,0.0026179146666666,0.001819213,0.0067115783333333,0.002132612,0.0097165556666666,0.0028155413333333,0.0005981526666666,0.001200578,0.0042643733333333
0.001003668,0.0074444416666666,0.0023091536666666,0.002125419,0.0042235943333333,0.0022694113333333,0.003885274,0.002056238,0.002208296,0.0030123013333333,0.0050548073333333
0.0022772953333333,0.0029493573333333,0.000656934,0.0014034303333333,0.0008201026666666,0.000528482,0.001578663,0.0011957366666666,0.000262856,0.0003069276666666,0.0006915213333333
0.0019389133333333,0.0100822283333333,0.003678994,0.0014214316666666,0.0033444616666666,0.0023148553333333,0.0066566673333333,0.0069751653333333,0.0004375046666666,0.0015081556666666,0.0054203086666666
0.000344257,0.0048326063333333,0.001775236,0.0005898936666666,0.00157483,0.001166011,0.0024420906666666,0.0010278473333333,0.000142466,0.0005670936666666,0.001637427
0.003373756,0.0175771453333333,0.0035135286666666,0.0024679676666666,0.0078168306666666,0.002479671,0.0015588013333333,0.012792618,0.0026782056666666,0.007166796,0.0184465333333333
0.0040923323333333,0.0079079846666666,0.005616955,0.0032559896666666,0.0103920663333333,0.0028307396666666,0.013857089,0.0304137763333333,0.001464532,0.0041267056666666,0.0236608473333333
2.33333333333333e-05,0.0002053023333333,0.002427851,5.8643e-05,0.0002093316666666,3.4724e-05,0.0070555936666666,0.0008222783333333,0.0018181426666666,0.0074946573333333,0.00011367
0.0013412443333333,0.0031479236666666,0.0010730846666666,0.0013033983333333,0.0015325166666666,0.000525676,0.003695733,0.0020576603333333,0.0007962953333333,0.000745977,0.0017290936666666
0.0113415833333333,0.0179490883333333,0.0093473156666666,0.003761052,0.008633276,0.0037235803333333,0.0179459906666667,0.026064762,0.0006481516666666,0.006639387,0.03446368
