0.0032626366666666,0.0005252076666666,0.0006032296666666,4.69003333333333e-05,0.001404052,0.000192921,0.0017048485,0.0019416736666666,3.9485e-06,0.0004425653333333,0.0044739683333333
0.0024412843333333,0.01355265,0.0014174596666666,0.000591847,0.0039535843333333,0.0010657636666666,0.004255211,0.0007080643333333,0.0001885976666666,0.0007931063333333,0.001778467
0.0003223366666666,0.004829991,0.0006705793333333,0.001844092,0.0028294516666666,0.0022650756666666,0.000377504,0.0011666936666666,0.0010538846666666,0.001039467,0.005193294
0.00185403,0.0016172036666666,0.0001234426666666,0.0005180056666666,0.0010098843333333,0.000926187,0.001988939,0.0001260373333333,0.0,0.0001159626666666,0.00116294
0.0015195783333333,0.003872247,0.000635969,8.52666666666667e-05,0.003370227,0.0010559943333333,0.005409822,0.002185382,6.75453333333333e-05,0.0005121366666666,0.0019914116666666
0.0002850476666666,0.0024536683333333,0.001930794,0.000590591,0.001072088,0.0003499713333333,0.0006790696666666,0.000548882,0.0001236146666666,0.0001658406666666,0.0009828796666666
0.0023155613333333,0.0110038863333333,0.000437941,0.000998774,0.003624715,0.0022087026666666,0.001387564,0.0065466566666666,0.0021078283333333,0.0034912393333333,0.012995442
0.004249912,0.0051112343333333,0.0036087753333333,0.0008742766666666,0.0027847646666666,0.0013873923333333,0.0069832666666666,0.015948094,0.0001328673333333,0.001751169,0.0070885733333333
1.07053333333333e-05,1.80366666666667e-05,9.77436666666667e-05,1.15946666666667e-05,0.000128718,3.33333333333333e-06,0.0047614133333333,4.74973333333333e-05,0.001377255,0.00389354,1.66666666666667e-05
0.001273938,0.001656362,0.0004738766666666,0.0001199813333333,0.0012318796666666,0.0003421186666666,0.0026655006666666,0.0010979626666666,0.0001462796666666,0.0001428186666666,0.0009909523333333
0.0161074396666667,0.0058257013333333,0.01028945,0.0008906906666666,0.0072067106666666,0.002427984,0.012744549,0.0138422216666667,0.0007192366666666,0.0042942463333333,0.0200926076666667
