0.0030875186666666,0.0008823176666666,0.0003772326666666,0.0001661956666666,0.0021251673333333,0.0001863963333333,0.0014174351666666,0.0001725643333333,7.9995e-06,0.000572077,0.0035808636666666
0.001081088,0.0061194156666666,0.001277496,0.000619067,0.002437392,0.001070434,0.0053982816666666,0.0010116916666666,6.5101e-05,0.00048933,0.0022121763333333
0.001711919,0.003952776,0.0002849763333333,0.001353468,0.003346874,0.0012156623333333,0.0005985773333333,0.001154937,0.0003627726666666,0.0006833816666666,0.005784938
0.00019645,0.00078482,0.0001117893333333,0.002299672,0.000192985,0.0002870793333333,0.0006750203333333,0.0002947476666666,0.0,0.0005272573333333,0.0006411023333333
0.0019034513333333,0.0125644733333333,0.0012989036666666,0.0002281983333333,0.0009680803333333,0.001896557,0.0026934763333333,0.002471558,3.76413333333333e-05,0.0009497696666666,0.0030735463333333
0.0004576333333333,0.001281857,0.0016981883333333,0.000681901,0.0012545726666666,0.000286554,0.0009232683333333,0.0002106893333333,0.000309666,0.0004758136666666,0.0011082293333333
0.0016700273333333,0.0085067296666666,0.0016312386666666,0.0005799643333333,0.0020764513333333,0.0007243206666666,0.002093267,0.0051361003333333,0.002409674,0.0035810066666666,0.0109274356666667
0.0011000433333333,0.0048803793333333,0.003071107,0.0007557076666666,0.0032818763333333,0.0007143433333333,0.00629811,0.0113390893333333,0.0001503873333333,0.001977575,0.007224627
3.33333333333333e-06,3.33333333333333e-06,0.0001137673333333,5.48e-06,2.64573333333333e-05,0.0,0.0047915373333333,2.0355e-05,0.000711117,0.0039781086666666,6.66666666666667e-06
0.000892098,0.0020362926666666,0.0006863986666666,0.000183136,0.0010976896666666,0.000515845,0.003730232,0.0010027613333333,0.0002786086666666,0.00023647,0.0013321626666666
0.0102379563333333,0.0048598413333333,0.005037527,0.0021529933333333,0.004456219,0.0012985406666666,0.0278676266666667,0.015297239,0.0001133616666666,0.0040067826666666,0.016880037
