0.0060764973333333,0.0011294503333333,0.0007539606666666,0.0010945946666666,0.001723977,0.0004836593333333,0.002724901,0.0003978616666666,2.38493333333333e-05,0.000635474,0.0055423103333333
0.0043666333333333,0.0092107016666666,0.0021583776666666,0.0013526193333333,0.0024716843333333,0.002473898,0.0030698343333333,0.0010950843333333,5.76373333333333e-05,0.0009906683333333,0.00186918
0.0006057263333333,0.0063293966666666,0.000419391,0.0022702983333333,0.0030711973333333,0.0011294786666666,0.0006243273333333,0.0016693856666666,0.0006872016666666,0.0018289576666666,0.0049027223333333
0.000652325,0.0020398996666666,0.0001376233333333,0.002267737,0.000710811,0.00089451,0.000360863,0.0004005386666666,3.33333333333333e-06,0.0002761573333333,0.000445151
0.0021211033333333,0.0064524706666666,0.000965375,7.07666666666667e-05,0.0007209573333333,0.00020734,0.0022431263333333,0.0012795826666666,3.5267e-05,0.0009241843333333,0.000557217
0.000278554,0.001456586,0.000453243,0.000372694,0.001229154,0.0008363613333333,0.0004799196666666,0.0001188576666666,0.0002739326666666,0.000301348,0.0011657016666666
0.0012279326666666,0.01183904,0.001091282,0.0005925193333333,0.0015874936666666,0.000511116,0.00179194,0.0034265556666666,0.002439776,0.0024278283333333,0.0035989353333333
0.0016616886666666,0.0033287006666666,0.0034098886666666,0.0007941753333333,0.002417747,0.0003746026666666,0.0072322646666666,0.0102253306666667,0.0001809733333333,0.0021249736666666,0.0029483393333333
0.000111188,8.18533333333333e-06,0.00018495,0.0,2.76073333333333e-05,1e-05,0.0025774776666666,5.529e-05,0.0009924023333333,0.0045206763333333,9.35066666666667e-06
0.001005233,0.004182774,0.0001693043333333,0.000716892,0.0010149603333333,0.000210718,0.001748423,0.0009585263333333,0.0002384456666666,0.0018820426666666,0.0005012913333333
0.0095675783333333,0.0139126646666667,0.0074405563333333,0.0027381683333333,0.0048318996666666,0.0005441056666666,0.006507816,0.017428586,0.000114514,0.0032125943333333,0.032258126
