0.0061639793333333,0.0030780023333333,6.876e-06,0.0046548486666666,0.003943102,0.0007753936666666,1.34493333333333e-05,0.0023293753333333,0.0,8.8003e-05,0.006443113
0.0081431136666666,0.0154530683333333,0.0019172586666666,0.011091608,0.0108558013333333,0.001922346,8.5378e-05,0.0047190603333333,3.33333333333333e-06,0.000134005,0.004568351
0.002879581,0.0065441293333333,0.0017684886666666,0.00365193,0.0047335336666666,0.0027682796666666,0.0,0.0027954523333333,0.001025302,0.0002380303333333,0.0052462693333333
0.0066586933333333,0.0002566833333333,1.15306666666667e-05,0.0171346303333333,0.0,3.33333333333333e-06,0.0,0.0008556086666666,1.09746666666667e-05,2.3684e-05,0.013235677
0.0031970646666666,0.0176718553333333,0.0018668236666666,0.0092070893333333,0.0044607176666666,0.0019444583333333,1.83283333333333e-05,0.008961444,1.9334e-05,0.0001669573333333,0.0049547123333333
0.0010254926666666,0.0032797963333333,0.000625745,0.0018894943333333,0.0021339333333333,0.0009190086666666,0.0,0.0017969486666666,6.626e-06,3.1797e-05,0.0021876893333333
0.0059254926666666,0.0017982546666666,0.0019981616666666,0.0234085476666667,6.28736666666667e-05,4.96156666666667e-05,0.0017628006666666,0.0060771046666666,0.0009409623333333,0.002726662,0.012296351
0.00572772,0.0088989036666666,0.006186264,0.0157105436666667,0.0111362206666667,0.002498406,5.81693333333333e-05,0.0277334446666667,0.0,0.0005319046666666,0.019571262
2.39836666666667e-05,2.49586666666667e-05,0.001521112,0.000296306,3.33333333333333e-06,6.4886e-05,0.0054481446666666,0.0005043973333333,0.0016707746666666,0.007050855,7.4184e-05
0.001512482,0.0001654566666666,0.0007874896666666,0.0048772943333333,6.66666666666667e-06,0.000655309,0.002732888,0.0011880663333333,0.002006971,0.0004135476666666,0.0011909086666666
0.0184691473333333,0.0112906513333333,0.001378901,0.0303490343333333,0.0080014556666666,0.0026107043333333,2.13266666666667e-05,0.018072857,1.0194e-05,0.00115487,0.0253440853333333
