0.0021899443333333,0.0013290796666666,0.0010159926666666,0.000154968,0.0017199573333333,0.000212578,0.001590947,0.001816021,0.000126616,0.0004639976666666,0.007785079
0.0024151783333333,0.0104133216666667,0.0037375526666666,0.0037055273333333,0.0063206966666666,0.001772956,0.005910274,0.006033296,0.0012443,0.0011932283333333,0.0042250273333333
0.0014876526666666,0.0082815443333333,0.0027609353333333,0.0039931556666666,0.003529162,0.0033377996666666,0.00074239,0.001881293,0.0019887486666666,0.0013073243333333,0.008243356
0.000187312,0.0025075986666666,0.0002825613333333,0.001053391,0.0003391216666666,0.0006039983333333,0.0121427293333333,0.0002846553333333,0.0002032363333333,0.000367883,0.000313249
0.0020911103333333,0.0090695526666666,0.0040630663333333,0.000366262,0.004786923,0.0017109326666666,0.0022926123333333,0.003719259,0.0009884316666666,0.001649339,0.002082892
0.000272722,0.003543389,0.0019952926666666,0.0003400476666666,0.003160268,0.0008783213333333,0.0011290366666666,0.0010339133333333,0.0002453833333333,0.0001873116666666,0.0011699293333333
0.0028403436666666,0.019858059,0.0020603646666666,0.004862417,0.0058372473333333,0.0024569366666666,0.001720241,0.0088981546666666,0.0012076673333333,0.0035420196666666,0.011014294
0.0036230043333333,0.0052167896666666,0.0041019356666666,0.002176578,0.0071139846666666,0.0025678356666666,0.009681761,0.019677409,0.0009104826666666,0.0031976096666666,0.0114605866666667
7.672e-06,0.0005155583333333,0.0005124003333333,2.55683333333333e-05,0.000158577,9.65196666666667e-05,0.0036718613333333,0.0003995506666666,0.0017291396666666,0.0071267086666666,6.99856666666667e-05
0.000923281,0.003803173,0.001007675,0.0005768726666666,0.001059769,0.0003383863333333,0.002680612,0.0015293733333333,0.0007250423333333,0.000665475,0.0019856983333333
0.010946772,0.007121846,0.0073941,0.001868158,0.0058668256666666,0.0018115536666666,0.0099561836666666,0.0184006096666667,0.0012687553333333,0.0043172406666666,0.030765187
