0.0057397066666666,0.0029528393333333,0.000501192,0.0018806526666666,0.0021421576666666,0.0006622203333333,0.0018666696666666,0.001924001,0.0002435476666666,0.000792946,0.0058392683333333
0.0033157503333333,0.0118464773333333,0.0022913503333333,0.001613741,0.006372017,0.0016451246666666,0.0069667903333333,0.002222912,0.0005884566666666,0.0008932963333333,0.0026112403333333
0.001722412,0.0081226273333333,0.001286315,0.002406917,0.0041734903333333,0.0026336743333333,0.0050633956666666,0.001991413,0.002497748,0.0035461396666666,0.0056100766666666
0.0037150856666666,0.0026556846666666,0.0002494676666666,0.002196001,0.000408522,0.000256503,0.0009303786666666,0.0008622683333333,0.0001011896666666,0.0004113336666666,0.000995686
0.0044511336666666,0.0102880443333333,0.0025165726666666,0.0030959886666666,0.004201849,0.00100829,0.0022100303333333,0.0028651696666666,0.0008773336666666,0.0028493726666666,0.0039154883333333
0.000890834,0.0027277433333333,0.0010157973333333,0.0004208153333333,0.0018312416666666,0.0007932663333333,0.000577057,0.001575337,0.000321413,0.0007516223333333,0.0024458383333333
0.002425444,0.014594006,0.001658765,0.001104949,0.003307654,0.0012287013333333,0.002394551,0.008748027,0.003390265,0.0040977456666666,0.004736229
0.0046590463333333,0.003295312,0.0038094233333333,0.0024472546666666,0.005159371,0.0017122153333333,0.010715042,0.0154236936666667,0.0007530496666666,0.0024522573333333,0.020180157
4.88573333333333e-05,3.49146666666667e-05,0.0008215486666666,4.52483333333333e-05,5.05266666666667e-05,3.33333333333333e-06,0.0036061606666666,2.94546666666667e-05,0.002257899,0.002671366,2.16683333333333e-05
0.0016441826666666,0.0045958576666666,0.0008761793333333,0.0008527833333333,0.001738849,0.001602229,0.0018611796666666,0.00174196,0.0005971476666666,0.000706857,0.002736864
0.0164615226666667,0.0163150886666667,0.0067862753333333,0.00646255,0.0092198893333333,0.003143519,0.0084128853333333,0.026702585,0.0015593923333333,0.0131749003333333,0.0345815133333333
