0.00486425,0.0024008716666666,0.001818335,0.0010012866666666,0.0022003146666666,0.0018670363333333,0.003525572,0.0014826246666666,0.000429957,0.0013661323333333,0.010592313
0.0037704776666666,0.010537163,0.0014794183333333,0.0012239816666666,0.008272868,0.0019057873333333,0.0064964953333333,0.001536374,0.0009550023333333,0.000789909,0.0061462313333333
0.0021493326666666,0.0092586526666666,0.00172618,0.0029103243333333,0.003851828,0.0017894423333333,0.002002801,0.002309812,0.0018149133333333,0.0043722886666666,0.0062622613333333
0.000720485,0.003314497,0.000278715,0.0017424103333333,0.0004438803333333,0.001098455,0.001007614,0.0007634523333333,0.00010874,0.000456552,0.000986235
0.0029474526666666,0.009203264,0.001019847,0.0007157346666666,0.0028991546666666,0.0016087363333333,0.0020990156666666,0.0039985506666666,0.000665126,0.002727867,0.0063935466666666
0.0010236633333333,0.0025405433333333,0.0009766963333333,0.0007788113333333,0.002668476,0.001315003,0.0007869016666666,0.0005635126666666,0.0004723243333333,0.0004518186666666,0.0021741086666666
0.0023642173333333,0.014608224,0.0028963756666666,0.000958166,0.0048570363333333,0.001210308,0.0016109333333333,0.0056452273333333,0.0027494246666666,0.0024761673333333,0.0097996226666666
0.0058008636666666,0.0051757106666666,0.004394664,0.0019144646666666,0.0041996413333333,0.0027689236666666,0.0092726913333333,0.013290908,0.0009315176666666,0.0020849523333333,0.0107978853333333
1.05253333333333e-05,6.0748e-05,0.0015354533333333,4.95693333333333e-05,7.246e-05,1.3528e-05,0.0062388126666666,0.00013222,0.0012329013333333,0.0042113493333333,4.98466666666667e-05
0.001546896,0.002090059,0.0006570746666666,0.000536127,0.0014426553333333,0.0011928806666666,0.0013011766666666,0.0014591743333333,0.0010476233333333,0.0005930346666666,0.0034327686666666
0.0140647423333333,0.0157040893333333,0.0079742276666666,0.004381771,0.008287048,0.0024688613333333,0.0098217936666666,0.0232353206666667,0.0029685726666666,0.004936917,0.032039719
