0.0035580906666666,0.0046698073333333,1e-05,0.003652221,0.0024880263333333,0.0007197373333333,4.0596e-05,0.002483595,1.62776666666667e-05,3.6303e-05,0.0100323403333333
0.002980788,0.0192887193333333,0.001953958,0.0116431096666667,0.0051466176666666,0.00115938,2.43216666666667e-05,0.0046116006666666,1.15526666666667e-05,0.0002897976666666,0.005547835
0.001470346,0.00872645,0.0004155743333333,0.0028333323333333,0.00393721,0.0011725186666666,0.0,0.003125023,0.000440033,2.25253333333333e-05,0.0058273573333333
0.0041559803333333,0.000248033,1e-05,0.0114742503333333,3.33333333333333e-06,6.66666666666667e-06,3.33333333333333e-06,0.0006436833333333,6.67733333333333e-06,1.66666666666667e-05,0.0162199383333333
0.0019658556666666,0.0163122713333333,0.0012422636666666,0.005136013,0.0049563043333333,0.0023804756666666,6.516e-06,0.005648158,0.0001862623333333,0.000872212,0.0056692646666666
0.0008042503333333,0.0043571916666666,0.0016570653333333,0.001255623,0.0013517226666666,0.000715526,3.62823333333333e-05,0.0009895473333333,0.0,5.01896666666667e-05,0.0024320326666666
0.0036879993333333,0.0026781243333333,0.003711988,0.0240830933333333,0.0009948513333333,0.000541741,0.001942468,0.0085908306666666,0.001288375,0.002547049,0.014551901
0.0044752736666666,0.0092662673333333,0.0046912496666666,0.013209991,0.0079517236666666,0.0016757256666666,4.80223333333333e-05,0.029703052,3.4351e-05,0.000743158,0.0157150813333333
0.000239153,7.36293333333333e-05,0.000187033,0.000455179,3.33333333333333e-06,0.0006261,0.004622943,0.001461171,0.0016501983333333,0.0061614843333333,0.0002603776666666
0.001716957,0.000888343,0.0006829086666666,0.0065371566666666,0.0,0.0002262903333333,0.0020698413333333,0.001680018,0.0008272403333333,8.24646666666667e-05,0.0014086633333333
0.0151860816666667,0.011099017,0.0004791326666666,0.025887915,0.0082582306666666,0.001748311,1.7284e-05,0.022348187,1.61776666666667e-05,0.0009749193333333,0.0423594966666667
