0.0049371103333333,0.0032206333333333,0.0007411326666666,0.000793106,0.0018244726666666,0.0003956263333333,0.0018378813333333,0.0015299466666666,9.57143333333333e-05,0.000602045,0.0080325206666666
0.0041597226666666,0.0138370203333333,0.001987202,0.0016536423333333,0.0037486273333333,0.0028593626666666,0.0070792553333333,0.0014954373333333,0.0003237893333333,0.0006866413333333,0.0042669346666666
0.0022462376666666,0.0080472103333333,0.0016386026666666,0.001892179,0.003558996,0.0030708653333333,0.0013127226666666,0.0017165703333333,0.0019814953333333,0.0018492146666666,0.0056363456666666
0.0014932516666666,0.0019408203333333,0.0010160176666666,0.0014339336666666,0.0008010816666666,0.0002051833333333,0.0006331773333333,0.0005399106666666,4.7007e-05,0.0004412836666666,0.0006815906666666
0.002453201,0.0122905903333333,0.0017946533333333,0.0006662413333333,0.0034236403333333,0.0016447383333333,0.0034468346666666,0.0022434073333333,0.00016554,0.0029800086666666,0.007027353
0.0007894173333333,0.0029179753333333,0.000714955,0.0007965186666666,0.0016242516666666,0.0014292146666666,0.0008309796666666,0.0003989896666666,7.83416666666667e-05,0.0005954903333333,0.0021664856666666
0.0044657503333333,0.0329015953333333,0.003374158,0.0011191163333333,0.004605207,0.0005130866666666,0.0015072496666666,0.0072033346666666,0.0021069186666666,0.0034471863333333,0.0301846603333333
0.006631711,0.009691898,0.0044539283333333,0.002138215,0.00479326,0.003601438,0.008803869,0.017052885,0.000258738,0.002566966,0.0189165636666667
0.000505957,9.68556666666667e-05,0.001174376,0.000174672,0.0010512406666666,3.96933333333333e-05,0.0041525366666666,6.20193333333333e-05,0.0008147783333333,0.002951505,4.79113333333333e-05
0.001804893,0.0051807576666666,0.001083465,0.0005064476666666,0.001283659,0.0006079373333333,0.0018195433333333,0.0020414406666666,0.001673875,0.0009721376666666,0.0030127083333333
0.014815792,0.0155528723333333,0.0061408416666666,0.0050311543333333,0.011463022,0.0035132456666666,0.0122718486666667,0.0252386666666667,0.0002010546666666,0.0043929916666666,0.0367004633333333
