0.0049980163333333,0.0031235903333333,0.0009235723333333,0.001096473,0.002972758,0.000392323,0.0018907956666666,0.001572474,5.68546666666667e-05,0.0018914303333333,0.0051230646666666
0.007846756,0.008986816,0.001621881,0.001990933,0.0110089203333333,0.0032898443333333,0.005518779,0.0030938156666666,0.0004502256666666,0.0039399773333333,0.011619859
0.0011702753333333,0.003298255,0.0017311093333333,0.002425549,0.0016858193333333,0.0028147866666666,0.0021669253333333,0.0017927683333333,1.1031e-05,0.0045167806666666,0.0030866083333333
0.0008414976666666,0.0016245103333333,0.0002161923333333,0.00175285,0.0017657773333333,0.0013210056666666,0.0013295576666666,0.0006682596666666,0.000122953,0.0010061363333333,0.0012411633333333
0.0017990746666666,0.0072600543333333,0.0015943796666666,0.001312776,0.003557178,0.0011632606666666,0.0013677616666666,0.003264549,0.0002477833333333,0.003277376,0.0037928886666666
0.000861962,0.0025921736666666,0.001491392,0.000474189,0.0041591153333333,0.002221301,0.0009497686666666,0.0015219626666666,0.0001269516666666,0.00132306,0.0019796653333333
0.0015516483333333,0.006409378,0.004644142,0.0006408226666666,0.0050911703333333,0.0010105893333333,0.001435911,0.005436767,0.0020282373333333,0.0113753303333333,0.010734957
0.0053078153333333,0.004739673,0.0026895793333333,0.002199482,0.0074537353333333,0.0019258706666666,0.0082602063333333,0.023305266,0.0003797933333333,0.0036597466666666,0.0169342496666667
0.0,1.00586666666667e-05,0.0002569216666666,0.0,6.09046666666667e-05,0.0,0.0016288043333333,5.00533333333333e-06,0.0003233503333333,0.0021838276666666,1e-05
0.00502579,0.0069506463333333,0.003670003,0.002632742,0.0080962613333333,0.004515765,0.0073776323333333,0.0036686133333333,0.0011440466666666,0.0030796506666666,0.008786554
0.0088563673333333,0.013558076,0.0067368893333333,0.002050345,0.0079155646666666,0.0021731566666666,0.012284719,0.0253685703333333,8.1174e-05,0.0058792396666666,0.0211296036666667
