0.006038118,0.001219854,9.52913333333333e-05,0.0023271643333333,0.0017819283333333,0.000170366,0.001887882,0.0005213063333333,4.84323333333333e-05,0.0008772566666666,0.003457905
0.0020876436666666,0.0087660276666666,0.0019579746666666,0.0018441496666666,0.005610163,0.002713205,0.0045973196666666,0.0019048513333333,0.0006837993333333,0.001624595,0.0025071673333333
0.000322106,0.0029377253333333,0.00177381,0.0021206153333333,0.001383804,0.003724989,0.0012286383333333,0.0007223473333333,0.0016582616666666,0.001945809,0.00312174
0.0006987053333333,0.001145721,0.0001644426666666,0.001952539,0.000518766,0.0018128056666666,0.0012731393333333,0.000114437,6.66666666666667e-06,0.0005479136666666,0.0013426526666666
0.001144349,0.0045524723333333,0.001858154,0.0003246273333333,0.0012806866666666,0.0002155003333333,0.002143182,0.000610006,9.1584e-05,0.002011825,0.001143527
0.000379198,0.0030986726666666,0.001085867,0.0003532443333333,0.00175125,0.001811026,0.0007689233333333,0.0003881703333333,0.0002460566666666,0.0009478013333333,0.0013867256666666
0.0006036206666666,0.0793093333333333,0.0010192856666666,0.0004074983333333,0.0021135873333333,0.0007810576666666,0.0016572713333333,0.0035197333333333,0.0021068276666666,0.005736363,0.005067708
0.0025211953333333,0.0032824246666666,0.001425391,0.000623235,0.00228041,0.0011914536666666,0.0057186906666666,0.0129743756666667,0.0003268543333333,0.0018619383333333,0.006814445
0.0,0.0,0.0002006306666666,0.0,5.88646666666667e-05,3.33333333333333e-06,0.0007165316666666,5.61966666666667e-06,0.001114986,0.0028169456666666,6.66666666666667e-06
0.003723806,0.0089344373333333,0.002166308,0.005104252,0.0068442466666666,0.006973116,0.002556455,0.0049951486666666,0.0006868266666666,0.0034412856666666,0.0133505286666667
0.0114114213333333,0.0061617976666666,0.006676956,0.0025492723333333,0.0043610473333333,0.0028567646666666,0.0093207626666666,0.012322773,0.000191407,0.0036059306666666,0.018936105
