0.006174223,0.001559422,0.0004109823333333,0.0008816116666666,0.0010934566666666,0.0001754426666666,0.002355153,0.001134125,6.66666666666667e-06,0.0005924803333333,0.005053783
0.0023069626666666,0.011780251,0.0018109686666666,0.0010993223333333,0.0039241063333333,0.0004854643333333,0.0067590883333333,0.0022289883333333,0.0001111513333333,0.0014291013333333,0.0023791013333333
0.0006021486666666,0.0065618743333333,0.001327631,0.0019620396666666,0.0028207596666666,0.0029889423333333,0.0005935166666666,0.0027039286666666,0.001656617,0.0013390323333333,0.0044124383333333
0.0005374356666666,0.0015942246666666,0.0001209326666666,0.0007600836666666,0.0006993083333333,6.56583333333333e-05,0.0012651693333333,0.0011236376666666,3.33333333333333e-06,0.0007933823333333,0.0003488903333333
0.0018217653333333,0.004937808,0.0010489843333333,4.95616666666667e-05,0.0006136013333333,0.000682611,0.0068625496666666,0.0013492983333333,4.02703333333333e-05,0.0017074036666666,0.00057381
0.000124864,0.0022722293333333,0.0014927883333333,0.000635885,0.0011606643333333,0.0009456906666666,0.0015261566666666,0.0002003176666666,7.55366666666667e-06,0.0002080376666666,0.0010730896666666
0.001732952,0.0152845486666667,0.0010106373333333,0.0009667203333333,0.0034620916666666,0.000880317,0.0027675283333333,0.008276177,0.0008643623333333,0.004830996,0.0108233826666667
0.0025606556666666,0.005106411,0.0033107673333333,0.0016083673333333,0.0032809633333333,0.0014310313333333,0.0129206296666667,0.0145593103333333,0.000429185,0.0032388856666666,0.00961236
1.2674e-05,3.83706666666667e-05,0.000208691,3.66666666666667e-06,0.0006037606666666,3.33333333333333e-06,0.004768973,2.5848e-05,0.002630946,0.003330074,1e-05
0.0011587696666666,0.0032256416666666,0.0003153493333333,0.0002904776666666,0.000917728,0.0005381903333333,0.003359273,0.002037572,0.0004602973333333,0.0007578406666666,0.0011298306666666
0.0153447486666667,0.00894525,0.008483598,0.0017192976666666,0.0056734086666666,0.0040350433333333,0.0156306423333333,0.0145865753333333,0.0004004713333333,0.006239448,0.0198890316666667
