0.005846561,0.0020492673333333,0.000573046,0.0011436036666666,0.002251999,0.0005382966666666,0.0020952891666666,0.0006207306666666,0.0002043661666666,0.000371974,0.008952017
0.001641021,0.014353181,0.0008724116666666,0.0014582823333333,0.008943219,0.0026999163333333,0.0051924683333333,0.0020771516666666,0.0006365536666666,0.001127228,0.0047322953333333
0.0005429446666666,0.0091170353333333,0.0018268756666666,0.004050085,0.0040804673333333,0.0028680426666666,0.002991723,0.0026932833333333,0.0014093426666666,0.0017619086666666,0.0054992926666666
0.0016831973333333,0.0017311593333333,0.0002672323333333,0.0017084083333333,0.0003660856666666,0.000269939,0.0007862363333333,0.0008309576666666,3.45863333333333e-05,0.000165928,0.0010264473333333
0.002642257,0.0089338293333333,0.0008963246666666,0.0032972666666666,0.003026346,0.001020956,0.001816872,0.002138615,0.0006162176666666,0.0013491303333333,0.0023526406666666
0.0005619596666666,0.0023918593333333,0.0011093936666666,0.0005636856666666,0.002367316,0.001204035,0.00048306,0.000612892,0.0002575826666666,0.0003986936666666,0.0015226943333333
0.0020231793333333,0.0166851116666667,0.0012902836666666,0.0022846566666666,0.0028341036666666,0.000783824,0.0023531693333333,0.006762244,0.0013848986666666,0.004651703,0.005609735
0.0066664253333333,0.003188408,0.0037458123333333,0.0019149123333333,0.0052854393333333,0.0022267676666666,0.0088982676666666,0.013995799,0.0002866616666666,0.0016093923333333,0.0188075056666667
1.06903333333333e-05,1.3812e-05,0.0008496613333333,3.35913333333333e-05,4.80153333333333e-05,3.33333333333333e-06,0.0035463093333333,5.73853333333333e-05,0.0009888466666666,0.0025103876666666,1.66666666666667e-05
0.0013604196666666,0.006162367,0.000524657,0.0006181663333333,0.0024615963333333,0.000391393,0.0017996,0.0015380356666666,0.0005608446666666,0.000792019,0.002527023
0.020530975,0.0114529606666667,0.007947545,0.004483627,0.0091835963333333,0.0034760113333333,0.0083607593333333,0.0273447276666667,0.000466632,0.005372928,0.0446740466666667
