0.0037430806666666,0.0028886933333333,0.001151847,0.0047292586666666,0.0020117556666666,0.000581099,0.0018865951666666,0.0012800586666666,0.0002397065,0.0008703246666666,0.006868442
0.003238001,0.0102122326666667,0.0075418203333333,0.0024137696666666,0.0082245063333333,0.0009762943333333,0.0091393243333333,0.0017966883333333,0.0001446353333333,0.0009501033333333,0.0065017083333333
0.0009681943333333,0.0076050183333333,0.001737496,0.0019530786666666,0.005745833,0.004054325,0.002753105,0.0031126896666666,0.001656721,0.0028932303333333,0.0051348833333333
0.003626754,0.002805369,0.0003555806666666,0.000726847,0.0003979653333333,0.000294444,0.0009091746666666,0.0003909863333333,8.61626666666667e-05,0.000232242,0.0015630126666666
0.0032345436666666,0.0136106293333333,0.0031288256666666,0.000253481,0.0130072343333333,0.0008646373333333,0.0045914926666666,0.0031404356666666,0.0003017526666666,0.0027926793333333,0.0056074493333333
0.0005174983333333,0.0031077453333333,0.0015963903333333,0.0007616266666666,0.001944922,0.001233626,0.001236693,0.0002363276666666,0.000537471,0.000495474,0.0018936893333333
0.002867518,0.0172203466666667,0.004156732,0.0009622863333333,0.0075067843333333,0.001153027,0.001700212,0.005249024,0.0020380413333333,0.007412299,0.00602603
0.0071380043333333,0.00810457,0.0047125243333333,0.0016954613333333,0.0040703496666666,0.0022095963333333,0.0105838006666667,0.0151024466666667,0.0004982333333333,0.003428034,0.0129564813333333
8.4318e-05,0.0005638316666666,0.0017758746666666,0.000144411,0.0005542186666666,2.7193e-05,0.0060130773333333,0.0002318856666666,0.0009490833333333,0.004157911,9.43363333333333e-05
0.0022370406666666,0.0026062463333333,0.0008594973333333,0.000424087,0.0025865576666666,0.000607574,0.021739193,0.0018014726666666,0.0009679726666666,0.0014271643333333,0.002520433
0.0147690726666667,0.01152191,0.0092597323333333,0.001498518,0.008546798,0.00268973,0.010580454,0.021175456,0.0008989273333333,0.0056387353333333,0.030242978
