0.00281723,0.002533942,0.0010172736666666,0.001850835,0.002642873,0.0005688336666666,0.0031459446666666,0.0011768773333333,0.000472067,0.001349592,0.0070981283333333
0.002367935,0.0151821433333333,0.0043240263333333,0.0028059103333333,0.0104437856666667,0.0022704153333333,0.0110227783333333,0.003118283,0.0003862646666666,0.0013741246666666,0.005320451
0.0011071363333333,0.007435669,0.0017271093333333,0.002533581,0.003540446,0.0022085073333333,0.0029997623333333,0.001937013,0.0021276223333333,0.001814536,0.005667586
0.0020523626666666,0.0025192916666666,0.0005526226666666,0.00128607,0.0008254306666666,0.0007752756666666,0.0023520266666666,0.0015077803333333,0.0006444063333333,0.0004752566666666,0.001435017
0.002679113,0.0145956103333333,0.0035061963333333,0.002004793,0.0061386033333333,0.0028128273333333,0.005019153,0.008195368,0.0004120293333333,0.001561134,0.008454617
0.0003879816666666,0.004942629,0.0012178266666666,0.0007857856666666,0.0018158546666666,0.001211218,0.0021603806666666,0.0009243883333333,0.000200586,0.0005205163333333,0.0017771673333333
0.003013922,0.0183271566666667,0.0042235546666666,0.002616421,0.0088178973333333,0.0027926203333333,0.0020739416666666,0.0118070773333333,0.0032307043333333,0.0076339163333333,0.0179645693333333
0.0075254666666666,0.0112036403333333,0.0052337593333333,0.003639937,0.011324806,0.0029887626666666,0.01489231,0.0355285433333333,0.002407862,0.004193283,0.0276707976666667
9.93856666666667e-05,0.0001427106666666,0.0013694243333333,0.0002307176666666,0.000328141,0.0001666406666666,0.0059659836666666,0.000872214,0.0021591116666666,0.0071530756666666,0.000723995
0.0013445426666666,0.0035522686666666,0.0013543873333333,0.0010380896666666,0.0019895076666666,0.0008190316666666,0.0036630766666666,0.001640286,0.0007945703333333,0.0006179753333333,0.0020662793333333
0.014834505,0.0203675063333333,0.0086731866666666,0.0042176393333333,0.0144294593333333,0.0037523143333333,0.0202162813333333,0.0328772263333333,0.000713954,0.0049812556666666,0.0403467866666667
