0.0009244826666666,0.00134769,0.0004015503333333,0.0017855123333333,0.0028337926666666,0.000745178,0.0009993848333333,0.0022237236666666,0.0001097768333333,0.0015583916666666,0.00583225
0.0034774006666666,0.0067658603333333,0.003177412,0.0026931653333333,0.0052454126666666,0.0010982326666666,0.0089645693333333,0.001990979,0.0003240716666666,0.001102631,0.0024186883333333
0.0013614753333333,0.006238361,0.0015819906666666,0.0033299626666666,0.0044826876666666,0.0030509213333333,0.0012686886666666,0.0013976516666666,0.002575174,0.0022775386666666,0.0052556546666666
0.00048164,0.0012040573333333,0.0001844226666666,0.0025014766666666,0.000919726,0.0002333366666666,0.0013202446666666,0.0007714796666666,1.34363333333333e-05,0.000476827,0.0010511123333333
0.0023807756666666,0.008215449,0.0035893866666666,0.0006038263333333,0.0036169483333333,0.0021795443333333,0.0028340276666666,0.0028647123333333,0.000285593,0.00235658,0.0034541023333333
0.000327832,0.0022893523333333,0.001467158,0.000644933,0.0021203363333333,0.000733366,0.0013117166666666,0.0002442616666666,0.0003272303333333,0.0004116846666666,0.001652075
0.0024413696666666,0.0114036136666667,0.0038594116666666,0.0020467646666666,0.004058321,0.001628818,0.0021502556666666,0.005969977,0.0025948993333333,0.003619221,0.0114029863333333
0.0045038643333333,0.002062754,0.0049127153333333,0.0015236256666666,0.0053304533333333,0.0019593726666666,0.0121252516666667,0.0121975323333333,0.0009308603333333,0.002627666,0.0167728583333333
1e-05,7.711e-06,0.0002440913333333,3.62666666666667e-06,2.8214e-05,6.66666666666667e-06,0.0036152106666666,7.24006666666667e-05,0.0008666406666666,0.0033612276666666,6.66666666666667e-06
0.0025593856666666,0.002596372,0.000832542,0.000886366,0.0019031263333333,0.000620047,0.0041798746666666,0.00175066,0.000725625,0.000961425,0.0025809373333333
0.0129723063333333,0.0098070173333333,0.0111246703333333,0.0038214323333333,0.0076902686666666,0.003814545,0.0096593653333333,0.0177154483333333,0.0009216183333333,0.00487611,0.03364669
