0.0057280153333333,0.0013860766666666,0.0002215973333333,0.0001513476666666,0.002870081,0.0003477833333333,0.0037674883333333,0.0011011576666666,6.63773333333333e-05,0.0012249426666666,0.0061176303333333
0.0018719286666666,0.0104689813333333,0.0016752133333333,0.0009446693333333,0.005585516,0.0012388333333333,0.004487736,0.001370652,0.0006425996666666,0.001475293,0.0026668506666666
0.0003520456666666,0.0109213313333333,0.0015676303333333,0.0014407533333333,0.0012872323333333,0.001806543,0.0008740376666666,0.001251345,0.0011999066666666,0.002718339,0.0025066903333333
0.000574934,0.0022444706666666,0.000118175,0.001733788,0.000364602,0.00083186,0.0005892156666666,0.0001741663333333,5.02956666666667e-05,0.000392229,0.0005923093333333
0.0008628466666666,0.0077253756666666,0.0022917753333333,0.0001168676666666,0.001891676,0.000817186,0.0019914076666666,0.001100762,8.12486666666667e-05,0.002239513,0.0015942323333333
0.000494744,0.002372739,0.001306914,0.0004550493333333,0.0022123736666666,0.0016184016666666,0.0006060566666666,0.0006761306666666,0.000393427,0.0006733456666666,0.001478526
0.0007899396666666,0.8002478,0.0025328606666666,0.0004709993333333,0.0009066956666666,0.000576789,0.001861405,0.0058375606666666,0.0026157423333333,0.0075480013333333,0.0050897666666666
0.0021875626666666,0.0048087923333333,0.001770007,0.001232233,0.002820388,0.0006550943333333,0.0073920383333333,0.014649143,0.0006314823333333,0.003567981,0.0084877933333333
4.0618e-05,3.33333333333333e-06,0.0005191946666666,0.0,4.11383333333333e-05,0.0,0.0014310006666666,0.0,0.0012809466666666,0.00257995,3.33333333333333e-06
0.001577512,0.0037586673333333,0.000653705,0.000351888,0.0011726523333333,0.0004832996666666,0.004358969,0.0011322106666666,0.000208773,0.0023818246666666,0.00103484
0.010958729,0.0106926616666667,0.0062781653333333,0.0036167516666666,0.004711716,0.0027520296666666,0.0086959893333333,0.0189718316666667,0.000142467,0.0047025903333333,0.03471668
