0.0027864116666666,0.0006970066666666,0.000257239,0.005277064,0.001815688,0.0001794103333333,0.002161795,0.000403224,1.733e-05,0.0003040816666666,0.002999753
0.0009500276666666,0.0086836036666666,0.0024257606666666,0.0005564586666666,0.004090528,0.0009177723333333,0.0049250376666666,0.0003892383333333,6.43883333333333e-05,0.0004666753333333,0.0023936476666666
0.0003607786666666,0.0066690846666666,0.0004702993333333,0.002011467,0.0037792536666666,0.0012321966666666,0.001479219,0.0014862046666666,0.0011291283333333,0.0014117766666666,0.0047553186666666
0.0003391596666666,0.0005266573333333,0.0001364613333333,0.0003163043333333,0.000356043,0.000141421,0.0008122333333333,0.0007927326666666,2.86316666666667e-05,0.000505884,0.0003794143333333
0.0019447163333333,0.0058853603333333,0.00087185,0.0008192656666666,0.0018141423333333,0.0005306196666666,0.0017812313333333,0.004755182,2.9768e-05,0.0019692303333333,0.0022063806666666
0.0001495773333333,0.0015363403333333,0.002010258,0.0008525386666666,0.0012615076666666,0.0006499963333333,0.0011406543333333,0.0002775553333333,0.000239023,0.000313201,0.0013808056666666
0.0016859463333333,0.00902336,0.0013036676666666,0.0033919273333333,0.003520198,0.0006314453333333,0.00247586,0.00331469,0.0012093036666666,0.0026625346666666,0.006590557
0.0017902683333333,0.0014204493333333,0.0030820056666666,0.001621218,0.003458537,0.00076267,0.0052547743333333,0.009051279,0.0001979476666666,0.0024497836666666,0.0064959006666666
9.26066666666667e-06,2.82516666666667e-05,0.0031882246666666,3.33333333333333e-06,3.0768e-05,0.0,0.0041463576666666,0.0010226693333333,0.0006341763333333,0.0035657246666666,0.0001112943333333
0.0009509343333333,0.0013626366666666,0.000949097,0.0003910226666666,0.0021301426666666,0.0004621646666666,0.0026159436666666,0.0008084863333333,0.0002400453333333,0.0001985726666666,0.000683058
0.0117507016666667,0.0047244116666666,0.007773764,0.000574056,0.004648786,0.0019103403333333,0.0066004993333333,0.0116987786666667,0.001512464,0.0034405406666666,0.024940287
