0.004641764,0.0008245413333333,0.0007271296666666,0.0003393833333333,0.001873071,0.0005662773333333,0.001096838,0.00138405,0.0008632543333333,0.0003907266666666,0.0039116723333333
0.0015199173333333,0.0148029876666667,0.0037513023333333,0.000966152,0.001728777,0.0018225853333333,0.0005092066666666,0.001464029,0.004186495,0.0011604983333333,0.0034184513333333
0.0011835806666666,0.0068078833333333,0.0014274346666666,0.00376697,0.004941868,0.0021631913333333,0.000184244,0.001705007,0.0058223326666666,0.005402433,0.0060227933333333
0.000799208,0.0019277023333333,0.0001821906666666,0.0015760763333333,0.0002340813333333,0.0001622463333333,0.0008540546666666,0.0004176873333333,3.63886666666667e-05,0.0001446226666666,0.000606907
0.0017788603333333,0.0080739013333333,0.0040075626666666,0.0004481946666666,0.0016034203333333,0.0003918726666666,0.0001921416666666,0.001859526,0.0020832873333333,0.0013971206666666,0.0030207066666666
0.000347318,0.0014509496666666,0.0008503193333333,0.0005483976666666,0.0014969646666666,0.0014045326666666,2.17143333333333e-05,0.0003901713333333,0.0009925443333333,0.0004595616666666,0.0012980446666666
0.0017555163333333,0.0115638176666667,0.0022794266666666,0.002037311,0.002496927,0.000342649,0.0021931276666666,0.0037504513333333,0.0036468756666666,0.0026757553333333,0.0132169976666667
0.00224025,0.004459454,0.00391273,0.0015256906666666,0.0018589506666666,0.0005651226666666,0.0009810413333333,0.0148398283333333,0.007515843,0.0034804856666666,0.0132703936666667
2.8476e-05,6.66666666666667e-06,0.003922004,6.66666666666667e-06,4.64536666666667e-05,3.33333333333333e-06,7.15636666666667e-05,1.36416666666667e-05,0.0059679243333333,0.0051891263333333,0.0001218716666666
0.0009548223333333,0.002316368,0.0027026333333333,0.0003466516666666,0.001539733,0.0002337203333333,0.000377122,0.0011377666666666,0.0032458716666666,0.000542453,0.0010389546666666
0.0169986183333333,0.010616916,0.00741587,0.003270064,0.0044556826666666,0.0020248633333333,0.0084537703333333,0.0225264013333333,0.0066174576666666,0.004239939,0.0307527796666667
