0.0078180353333333,0.0035703536666666,0.0007496456666666,0.0006061936666666,0.0020094713333333,0.000470872,0.0021310351666666,0.0009463593333333,6.71145e-05,0.0011448193333333,0.0053188316666666
0.0026809566666666,0.0095951416666666,0.002242858,0.002808341,0.007725755,0.0019011253333333,0.006403181,0.0018986473333333,0.0003495156666666,0.0012589173333333,0.0061469216666666
0.0014416656666666,0.011294282,0.0016310113333333,0.0038082176666666,0.0036349176666666,0.0023702063333333,0.00172073,0.0018306263333333,0.0025648913333333,0.002820089,0.0069293503333333
0.000873197,0.0015551873333333,0.000735943,0.0018931153333333,0.000438358,0.000430606,0.0119342013333333,0.000474879,0.000108776,0.0005089233333333,0.000609043
0.001677049,0.0087053623333333,0.0011131346666666,0.000393847,0.0052117963333333,0.001995545,0.001587536,0.004139625,0.0015058316666666,0.001611928,0.0043420076666666
0.0009515076666666,0.0025686263333333,0.000890504,0.0006551553333333,0.0029065946666666,0.0016634533333333,0.0005798543333333,0.0002573893333333,0.0005255506666666,0.0005450826666666,0.0023028983333333
0.003535479,0.013184047,0.0022936653333333,0.0034945836666666,0.003884559,0.0011033983333333,0.0016964243333333,0.0065029263333333,0.004370135,0.0037391933333333,0.0086669006666666
0.0062391133333333,0.0035515826666666,0.004853556,0.0015332283333333,0.0042419553333333,0.0018783726666666,0.0085632943333333,0.0126433616666667,0.0011207063333333,0.001921547,0.0078581116666666
4.36186666666667e-05,1.06666666666667e-05,0.002424282,1.42866666666667e-05,3.0727e-05,0.0,0.0042596646666666,1.66893333333333e-05,0.001326825,0.0048695696666666,1.33333333333333e-05
0.001348728,0.007222131,0.0024371753333333,0.0020525243333333,0.002138873,0.000499054,0.002222965,0.00112287,0.001702241,0.0006521433333333,0.002168741
0.0139159676666667,0.0086215063333333,0.0100497533333333,0.003933519,0.0075944113333333,0.0031911843333333,0.0118122133333333,0.018751882,0.0014370533333333,0.0045359476666666,0.0230374606666667
