0.0037154533333333,0.003302679,0.000477774,0.0018928016666666,0.0022753226666666,0.0003631953333333,0.0016836518333333,0.0005395343333333,2.70771666666667e-05,0.001313698,0.004049798
0.019795635,0.0113777753333333,0.0016043136666666,0.00162331,0.0088317736666666,0.0024128276666666,0.0991888033333333,0.002903373,0.0003732333333333,0.0032136343333333,0.0032788006666666
0.0006265373333333,0.0026306313333333,0.000567793,0.0013994186666666,0.0009685393333333,0.0012930333333333,0.0010175053333333,0.0011083606666666,0.0017274576666666,0.002672219,0.0027289733333333
0.0002979196666666,0.001828543,0.0001198436666666,0.002158953,0.00171623,0.0007255396666666,0.0008784333333333,0.0006552123333333,1.0802e-05,0.0009075226666666,0.0018908826666666
0.0016923403333333,0.0053625473333333,0.0010709586666666,0.0009421466666666,0.0025308446666666,0.00088412,0.001461732,0.0016759096666666,0.0001551726666666,0.002953803,0.002668593
0.0008330003333333,0.0031776926666666,0.0010092456666666,0.0004683743333333,0.0012388986666666,0.0013096556666666,0.000637175,0.000625753,0.000246028,0.0010125046666666,0.001314995
0.0010469796666666,0.0099321146666666,0.0017908983333333,0.0010086023333333,0.0025028346666666,0.0007305773333333,0.0027121333333333,0.003979506,0.0021001903333333,0.0087030076666666,0.006353963
0.0032812316666666,0.0021860896666666,0.0017080763333333,0.0010315303333333,0.004497203,0.0012460033333333,0.00709795,0.0147757566666667,0.0002315686666666,0.00387519,0.0108495323333333
0.0,1.33333333333333e-05,0.0004782313333333,6.66666666666667e-06,4.41573333333333e-05,0.0,0.0008351593333333,8.795e-06,0.0010882013333333,0.002818857,1.66666666666667e-05
0.0047801503333333,0.010393763,0.00367302,0.0037440046666666,0.0123430333333333,0.0048011823333333,0.0047436153333333,0.0042547456666666,0.001359595,0.0039267343333333,0.011978827
0.0166519783333333,0.006055199,0.00835854,0.0025096363333333,0.007035699,0.0014251483333333,0.0069814613333333,0.0242958936666667,0.0005333176666666,0.0048166506666666,0.025319828
