0.0038219906666666,0.0013433396666666,0.000594545,0.0040222383333333,0.0014581326666666,0.0001984926666666,0.0015294028333333,0.0006419256666666,3.36338333333333e-05,0.000765065,0.003065699
0.0025135756666666,0.0056782026666666,0.0009466606666666,0.0011903353333333,0.001405915,0.0009099476666666,0.0028396546666666,0.0018982326666666,2.49646666666667e-05,0.0004673683333333,0.0027738843333333
0.0014986563333333,0.005220472,0.0014777183333333,0.003465161,0.004184781,0.0019174853333333,0.002201764,0.0018278326666666,0.0011901626666666,0.001886369,0.0048390623333333
0.0008271146666666,0.0015158596666666,0.0002210406666666,0.002099548,0.0013615286666666,0.0001207016666666,0.000814894,0.000435286,6.66666666666667e-06,0.00012772,0.000331323
0.0012993723333333,0.0055824043333333,0.0005536056666666,0.0001485406666666,0.0023964416666666,0.0001339663333333,0.0017634163333333,0.001310166,1.68263333333333e-05,0.0015112836666666,0.0024372933333333
0.00068236,0.0010888126666666,0.0005015176666666,0.0003731613333333,0.0014599556666666,0.001592242,0.000495978,0.000271631,0.0002875176666666,0.0004917816666666,0.0018303086666666
0.0020758656666666,0.0067837803333333,0.0009649976666666,0.0009098143333333,0.002305104,0.0004136873333333,0.0014525923333333,0.0028981963333333,0.0017622593333333,0.0021984396666666,0.002755007
0.0024108956666666,0.0025026216666666,0.0029634146666666,0.0009293133333333,0.001417006,0.0010272043333333,0.0094721983333333,0.0078693096666666,0.000214321,0.0022886616666666,0.0045320673333333
6.8536e-05,0.0,0.0013086333333333,7.68e-06,3.5853e-05,6.66666666666667e-06,0.0043171603333333,8.297e-05,0.001555224,0.0049470543333333,6.66666666666667e-06
0.001221873,0.0017852786666666,0.0004672283333333,0.0001928213333333,0.0010300153333333,0.0002255343333333,0.0015905043333333,0.0011424053333333,0.0011550566666666,0.002601034,0.0004136146666666
0.008976101,0.0097128806666666,0.0056996033333333,0.002144119,0.004733,0.000955051,0.0127324926666667,0.0119125533333333,5.10503333333333e-05,0.0038913806666666,0.0319524506666667
