0.0034085886666666,0.0043342146666666,0.0,0.006079476,0.0041956616666666,0.0005945823333333,0.0,0.0021067586666666,0.0,4.51253333333333e-05,0.0074282933333333
0.0046040876666666,0.0139073276666667,0.0032714863333333,0.016728574,0.006609395,0.0023704876666666,9.08116666666667e-05,0.0072028583333333,0.0,0.0002092383333333,0.0081976536666666
0.0010586173333333,0.0076228623333333,0.0016201653333333,0.004969868,0.0042860776666666,0.002542074,0.0,0.0017137183333333,0.000871659,2.8294e-05,0.0040641093333333
0.0091543866666666,0.0001606136666666,0.0,0.0206725683333333,0.0,3.62666666666667e-06,3.33333333333333e-06,0.001058614,3.33333333333333e-06,1.7488e-05,0.0152445476666667
0.004586342,0.0211361963333333,0.00244426,0.0115961576666667,0.0042647316666666,0.0011153623333333,6.66666666666667e-06,0.0108313086666667,1.43036666666667e-05,0.0001259473333333,0.00629948
0.001794183,0.0042568856666666,0.0010640593333333,0.0027928636666666,0.0019626253333333,0.0008113556666666,0.0,0.0009182756666666,0.0,4.73356666666667e-05,0.0034253696666666
0.0060415716666666,0.0010330603333333,0.00229633,0.0252419456666667,1e-05,3.33333333333333e-06,0.0032362526666666,0.009197043,0.0018655696666666,0.0026982556666666,0.0138944866666667
0.007380012,0.013910078,0.0056746463333333,0.022317246,0.0110028506666667,0.0029962216666666,6.63573333333333e-05,0.0347462066666667,3.33333333333333e-06,0.0005599613333333,0.021173021
9.69233333333333e-05,1.70523333333333e-05,0.000319492,0.000651276,0.0,7.49736666666667e-05,0.0057758836666666,0.000916519,0.00168,0.006685268,0.0002215896666666
0.0012828786666666,8.9463e-05,0.0007744466666666,0.0050220216666666,1.25893333333333e-05,0.0006310276666666,0.0036274766666666,0.001538078,0.000596365,0.0004383436666666,0.001552974
0.011714836,0.0184564803333333,0.001135543,0.028368224,0.0054776066666666,0.0028742,0.0,0.0270886363333333,0.0006643053333333,0.000371863,0.0306598646666667
