0.009457893,0.002031982,0.001073156,0.0011805103333333,0.004364311,0.0007110633333333,0.00356222,0.0078937903333333,0.0003199733333333,0.001002315,0.0069618856666666
0.005710599,0.0216948133333333,0.0029446026666666,0.003811411,0.0068870266666666,0.00435356,0.0089879553333333,0.0074222143333333,0.0014001493333333,0.0025998833333333,0.0049547456666666
0.0008510523333333,0.0106605603333333,0.00277196,0.0027339116666666,0.0042434213333333,0.0033747403333333,0.002819137,0.0024074443333333,0.002724777,0.001875584,0.008476646
0.0006789273333333,0.0029848636666666,0.0005773966666666,0.003804046,0.0027825383333333,0.000816625,0.0019532213333333,0.0013901033333333,0.0002942346666666,0.00101204,0.001856001
0.002898505,0.0199011016666667,0.001869416,0.0027754896666666,0.004602877,0.0038154773333333,0.003239333,0.0057216513333333,0.0007770516666666,0.0029988526666666,0.005701332
0.002604153,0.0041994773333333,0.0010275203333333,0.000591479,0.00228099,0.001709666,0.000961774,0.001323249,0.000363232,0.0004661616666666,0.0009607703333333
0.0030508966666666,0.0166613176666667,0.005804207,0.0015551303333333,0.0080933333333333,0.001366321,0.0005160536666666,0.0074410593333333,0.0018467693333333,0.0032001696666666,0.0080804453333333
0.0079751496666666,0.01224887,0.0064493453333333,0.0047006963333333,0.0071959886666666,0.0032497466666666,0.0098972406666666,0.031373504,0.0020951593333333,0.0051715616666666,0.014473108
0.000437626,0.000740957,0.00127505,0.0001530843333333,0.0003975863333333,8.83463333333333e-05,0.003243882,0.000360765,0.0025402456666666,0.0073554966666666,0.0002427003333333
0.004052525,0.0075779456666666,0.0014120836666666,0.0011595443333333,0.0028774853333333,0.001890546,0.0041570033333333,0.0027475096666666,0.0022420633333333,0.0008404583333333,0.0035267576666666
0.0187203376666667,0.0170899726666667,0.0072356496666666,0.00408064,0.0078199503333333,0.0051288923333333,0.0104736076666667,0.027240259,0.002294868,0.005435769,0.029113875
