0.0035365303333333,0.0023688843333333,0.000264851,0.0028932956666666,0.0021828246666666,0.000249043,0.0011504316666666,0.000780087,1.2661e-05,0.0013692426666666,0.0043850773333333
0.002302734,0.0101028783333333,0.0020435793333333,0.001324604,0.006373072,0.0021953603333333,0.0222635593333333,0.0052063086666666,0.000322075,0.0030004176666666,0.0039973423333333
0.0003132456666666,0.004465879,0.0011907,0.001706922,0.0009538793333333,0.0022630236666666,0.0009076403333333,0.001255626,0.0022880573333333,0.00209135,0.002696463
0.0002339116666666,0.001895431,0.0002165156666666,0.0014243273333333,0.0007218926666666,0.0007999146666666,0.0003280956666666,0.0008431336666666,6.32206666666667e-05,0.000756781,0.0005385056666666
0.0013375473333333,0.0060146833333333,0.000906169,0.0018793583333333,0.0018922063333333,0.001189827,0.002968083,0.0020553703333333,0.00010582,0.0016299343333333,0.0032558156666666
0.0003798416666666,0.0029416776666666,0.001282888,0.0004065343333333,0.0016598033333333,0.0012924726666666,0.0004916856666666,0.0009264413333333,0.0002242053333333,0.001040433,0.0012354663333333
0.0022473093333333,0.0103777246666667,0.0023548876666666,0.0011586016666666,0.001217489,0.001747459,0.0012150376666666,0.0040884206666666,0.0033285596666666,0.0050901046666666,0.006570687
0.0029384563333333,0.0044776023333333,0.0026189013333333,0.000876581,0.004905799,0.0015377336666666,0.0062591393333333,0.014284202,0.000331588,0.0023726373333333,0.0099274486666666
3.33333333333333e-06,1e-05,0.0006145793333333,3.586e-06,4.87203333333333e-05,0.0,0.000555137,1.30823333333333e-05,0.0008317196666666,0.0027279063333333,3.33333333333333e-06
0.0024273083333333,0.0054464423333333,0.0031262953333333,0.0015341263333333,0.004608284,0.0020086546666666,0.0014350636666666,0.0024522466666666,0.00036723,0.0025061706666666,0.0051471693333333
0.012842123,0.0051291586666666,0.007343036,0.001677207,0.0081465,0.001214813,0.006445149,0.0219327116666667,0.0001143983333333,0.005368284,0.01891647
