0.0092933106666666,0.0007415936666666,0.0007723736666666,0.001168454,0.0024377696666666,0.0006361466666666,0.0015662551666666,0.0022106616666666,7.09955e-05,0.000851251,0.008423182
0.0017702153333333,0.0082635923333333,0.002026578,0.0013125393333333,0.005146514,0.0012001383333333,0.0070275613333333,0.0020762976666666,0.0007704916666666,0.0011776663333333,0.0026546793333333
0.001600458,0.0097196643333333,0.0012066256666666,0.0025528896666666,0.004836662,0.0024275836666666,0.0053171093333333,0.002612725,0.0011138206666666,0.001084741,0.0055837863333333
0.0005571106666666,0.0028063573333333,0.000806054,0.0018949393333333,0.0005412796666666,0.000307272,0.0012112733333333,0.0010331813333333,7.97826666666667e-05,5.44816666666667e-05,0.0005057056666666
0.0028532596666666,0.0107120303333333,0.0018416853333333,0.0003244226666666,0.003510972,0.0011612186666666,0.0020661436666666,0.003594197,0.0004744503333333,0.001954498,0.0025892696666666
0.0011721083333333,0.0039331156666666,0.0024025833333333,0.0006412066666666,0.0017294043333333,0.0008360663333333,0.0004686343333333,0.0002188936666666,0.0002778186666666,0.0003569146666666,0.004085342
0.0036716293333333,0.0160891563333333,0.003052635,0.000976922,0.0047337676666666,0.0006690356666666,0.0019165683333333,0.0047781563333333,0.0015123573333333,0.0025390656666666,0.0047419633333333
0.004407389,0.0041859983333333,0.0035918666666666,0.0016668913333333,0.003439729,0.002146969,0.0102965993333333,0.014279422,0.0001152576666666,0.002652747,0.0090045173333333
6.66666666666667e-06,3.33333333333333e-06,0.0009292896666666,1.0095e-05,4.78726666666667e-05,3.33333333333333e-06,0.0043814923333333,6.70533333333333e-05,0.001094183,0.004207061,1.40483333333333e-05
0.001474398,0.0046877463333333,0.0002890813333333,0.0003823543333333,0.0014826336666666,0.0007431123333333,0.002123228,0.0020998623333333,0.0005694766666666,0.000681585,0.003119255
0.0144718296666667,0.0042412006666666,0.0062600376666666,0.002550687,0.0074235546666666,0.00211444,0.0081216233333333,0.021016062,0.0015886196666666,0.0032796406666666,0.0462017566666667
