0.002417169,0.0017083923333333,0.000822654,0.0008774796666666,0.0026010396666666,0.000663126,0.0027587683333333,0.0014412246666666,7.23873333333333e-05,0.0010395053333333,0.004685506
0.0019810303333333,0.0150003126666667,0.0031470546666666,0.0051257776666666,0.006140015,0.0035343996666666,0.011838669,0.0046290326666666,0.0003495893333333,0.001984953,0.0046266586666666
0.0007084666666666,0.007272309,0.001269101,0.0024355263333333,0.004048743,0.001997848,0.0020779533333333,0.0023126953333333,0.0009206996666666,0.001334987,0.0064096836666666
0.0006518306666666,0.0039033046666666,0.001208745,0.0010523836666666,0.0014284303333333,0.000671989,0.0029832793333333,0.0013032046666666,0.0001423053333333,0.0005342323333333,0.0010189113333333
0.0031667763333333,0.0137261323333333,0.0017150703333333,0.0009342933333333,0.006863965,0.001788981,0.007226922,0.0082301636666666,0.0003391203333333,0.001858144,0.008799237
0.00038328,0.0032500593333333,0.0013914726666666,0.000554075,0.0031090846666666,0.001525825,0.0011912926666666,0.00170828,0.0001698566666666,0.0003694326666666,0.0017562173333333
0.0051561423333333,0.0108513856666667,0.0029480526666666,0.0067558223333333,0.0085216796666666,0.0017909103333333,0.002035882,0.0110093016666667,0.0019012753333333,0.0054214403333333,0.018547324
0.0038895776666666,0.0103591776666667,0.0046131893333333,0.0023435153333333,0.009070098,0.0026903873333333,0.0102111376666667,0.0296678153333333,0.000949109,0.0051845913333333,0.028242945
2.10306666666667e-05,0.0001345843333333,0.0001442066666666,4.81686666666667e-05,0.0001250723333333,5.3736e-05,0.005903924,0.000109736,0.001975069,0.0059270923333333,4.5897e-05
0.001372169,0.001661006,0.0008248176666666,0.0007146773333333,0.001521514,0.00080717,0.002845075,0.0013205733333333,0.0005133336666666,0.0004939263333333,0.0010478206666666
0.0128397523333333,0.0133862496666667,0.0076552233333333,0.0053462186666666,0.0082058366666666,0.002126861,0.0174315013333333,0.0215212996666667,0.0005328793333333,0.00503346,0.03452241
