0.0039348503333333,0.001098612,0.000579206,0.0025181593333333,0.001350035,0.0001224083333333,0.0020434516666666,0.0010417813333333,3.33333333333333e-06,0.001121807,0.0027811923333333
0.0025127026666666,0.0102329266666667,0.0006539893333333,0.0010789476666666,0.002332633,0.0005953353333333,0.0037854896666666,0.00131152,0.0001279823333333,0.000829752,0.0020401203333333
0.0004565436666666,0.0052355043333333,0.0009255446666666,0.0035234836666666,0.0031640083333333,0.0037735966666666,0.0024736633333333,0.0013914353333333,0.0004961553333333,0.0010632586666666,0.0048680796666666
0.00196932,0.00140876,0.0002613146666666,0.0014621996666666,0.001219693,0.0001452756666666,0.0009231426666666,0.0002480633333333,0.0,0.0009566566666666,0.0001696416666666
0.001603695,0.003777979,0.0026217256666666,9.18773333333333e-05,0.0006937533333333,0.0001750433333333,0.001585389,0.001820888,2.64016666666667e-05,0.001439039,0.00075473
0.0002384773333333,0.0012450206666666,0.0013075586666666,0.0004411963333333,0.0015303256666666,0.001482512,0.0005103916666666,0.0002886316666666,0.0002629733333333,0.0007692736666666,0.0011683936666666
0.0026364546666666,0.004822133,0.0017123416666666,0.0005691173333333,0.001692632,0.0002548246666666,0.003091525,0.0032746356666666,0.0028066183333333,0.003655405,0.0158645066666667
0.0019872943333333,0.0035496226666666,0.0023772096666666,0.0009754633333333,0.0013321633333333,0.000593412,0.008367078,0.0110372526666667,0.0001007943333333,0.0027481503333333,0.0059343653333333
7.73373333333333e-05,6.66666666666667e-06,8.1588e-05,0.0,2.28246666666667e-05,3.33333333333333e-06,0.005880662,1e-05,0.0009784116666666,0.004377949,3.33333333333333e-06
0.0010219616666666,0.0019513573333333,0.0003595606666666,0.0004482766666666,0.0011021126666666,0.0002208403333333,0.0274711736666667,0.002365372,0.0004736876666666,0.0004916276666666,0.0007529396666666
0.0156934486666667,0.007254402,0.0060473326666666,0.0028630353333333,0.0039244193333333,0.0010239553333333,0.0150300413333333,0.0191445313333333,8.64833333333333e-05,0.003255647,0.031855451
