0.0028793563333333,0.0008974796666666,0.0006308593333333,0.0001360986666666,0.0019323476666666,0.0001375916666666,0.0014339765,0.0002984,1.73571666666667e-05,0.000811506,0.0041270216666666
0.0009463786666666,0.0111790636666667,0.0030362376666666,0.000682163,0.0027265893333333,0.0012377943333333,0.0063977366666666,0.0006294233333333,2.1184e-05,0.00174373,0.001770541
0.000422864,0.0047886076666666,0.0014905556666666,0.0017148753333333,0.0045039176666666,0.0030546036666666,0.000996377,0.0018280483333333,0.001525766,0.003128256,0.0043294856666666
0.000239902,0.0009740823333333,0.000282098,0.000472153,0.0005084,0.0001370113333333,0.001034642,0.0003398423333333,0.0,0.0001386176666666,0.0004038886666666
0.0020382876666666,0.00703137,0.0016129313333333,0.0010958703333333,0.001798508,0.0003967326666666,0.0023052003333333,0.0030997903333333,0.0003209113333333,0.001179232,0.00219151
0.0001508296666666,0.0030570733333333,0.00151612,0.0005628313333333,0.001198022,0.0005596933333333,0.0008568553333333,0.0004506016666666,0.0001907666666666,0.0005072313333333,0.0009769263333333
0.0156655226666667,0.0115822693333333,0.001322911,0.003615983,0.0022877476666666,0.000313172,0.0016226573333333,0.0022745256666666,0.002100617,0.0021752293333333,0.003211851
0.0014577316666666,0.0031635536666666,0.0031634536666666,0.001320299,0.0021488383333333,0.001475714,0.0056299456666666,0.0110010366666667,0.0003473093333333,0.0016333233333333,0.0085056666666666
6.66666666666667e-06,0.0006836496666666,0.0005604956666666,3.33333333333333e-06,2.21133333333333e-05,4.7699e-05,0.004701275,2.91046666666667e-05,0.000608239,0.003520086,2.04113333333333e-05
0.0021501153333333,0.0024587896666666,0.000323194,0.000336341,0.0019755733333333,0.0008283383333333,0.0023906956666666,0.000766642,0.0002253486666666,0.0006318006666666,0.0005895446666666
0.0219569196666667,0.007122753,0.0066992953333333,0.002409797,0.0064304906666666,0.000941609,0.0042540366666666,0.0109775906666667,0.0003527223333333,0.0021130956666666,0.0202690153333333
