0.0051727653333333,0.0017152003333333,0.0010729246666666,0.000332424,0.0024135696666666,0.0018787823333333,0.0019709465,0.0020353763333333,6.18658333333333e-05,0.0007469523333333,0.007644302
0.0038049963333333,0.0149249186666667,0.002563887,0.000845401,0.0071671826666666,0.001772062,0.0082204196666666,0.0007717396666666,0.0004338653333333,0.0019246526666666,0.0057134933333333
0.0020383203333333,0.0102412963333333,0.004213147,0.0025815706666666,0.0015561663333333,0.0038234073333333,0.005694689,0.0020570683333333,0.0036045386666666,0.0027205796666666,0.0072561783333333
0.003030622,0.00124133,0.0003219893333333,0.0006584056666666,0.0004846936666666,0.000172857,0.0020926246666666,0.0003421043333333,0.0,0.00053522,0.0004232926666666
0.0018470926666666,0.0109032876666667,0.0018280713333333,0.0004733773333333,0.0035468096666666,0.0011106633333333,0.007595935,0.004671974,0.000270657,0.002437719,0.0133383806666667
0.0002268523333333,0.0027814683333333,0.0037904263333333,0.0003897433333333,0.002064651,0.0012765083333333,0.001081608,0.0006581526666666,4.78983333333333e-05,0.0005576086666666,0.00102223
0.00562755,0.0127049643333333,0.0033271483333333,0.0023492766666666,0.0063615676666666,0.002749248,0.001762807,0.0102622536666667,0.0026954506666666,0.0042838266666666,0.0121655806666667
0.0066834533333333,0.0044305323333333,0.0057972453333333,0.001145964,0.0073735886666666,0.002802228,0.011867047,0.012886411,0.000867192,0.004781565,0.0079618806666666
3.33333333333333e-06,3.63616666666667e-05,0.0016725373333333,0.0001376246666666,0.0002106493333333,2.15656666666667e-05,0.003850756,3.65226666666667e-05,0.00133178,0.0015374033333333,1.95963333333333e-05
0.0014813443333333,0.0023935063333333,0.0010200343333333,0.000452533,0.0017283026666666,0.000551478,0.00553113,0.001177373,0.000606672,0.00097338,0.0027591646666666
0.0164113206666667,0.013486267,0.008258795,0.0016077293333333,0.0073501983333333,0.005386907,0.019497278,0.0154195773333333,0.0006151763333333,0.007280365,0.0321768143333333
