0.0052081813333333,0.0009326656666666,0.000350908,0.0001010223333333,0.002255868,0.0001611536666666,0.0013977431666666,0.0011436193333333,1.18358333333333e-05,0.0007610143333333,0.0048456896666666
0.0007294596666666,0.0126640396666667,0.004091305,0.0017271516666666,0.002652215,0.0014030533333333,0.0043891066666666,0.00336673,0.0001511276666666,0.0011303056666666,0.0016423726666666
0.000313243,0.0074996936666666,0.0041893403333333,0.0024338006666666,0.0034678696666666,0.0034071763333333,0.0008961863333333,0.001662867,0.0018225886666666,0.0016578913333333,0.004747225
0.0005878633333333,0.0019253473333333,0.0002070353333333,0.0017421993333333,0.0001423293333333,0.0008432766666666,0.0011426826666666,0.0003633216666666,0.0003153153333333,0.000286114,0.0002638206666666
0.0026779163333333,0.0073505756666666,0.0009649783333333,0.0027298846666666,0.0020094396666666,0.000992754,0.001520109,0.0021771026666666,5.22083333333333e-05,0.0010474293333333,0.000945332
0.000301596,0.0023071943333333,0.0012495926666666,0.0006005583333333,0.001791524,0.001104997,0.0006106836666666,0.0002795426666666,0.000316976,0.000492485,0.0013605736666666
0.0036947593333333,0.010506449,0.0011489873333333,0.0002531436666666,0.0009424043333333,0.0006162546666666,0.0022850513333333,0.0074243363333333,0.0038579186666666,0.0038092213333333,0.0023317253333333
0.0015864786666666,0.0024734726666666,0.0032847806666666,0.001624989,0.0027068856666666,0.0005521403333333,0.009389454,0.0083222163333333,6.41726666666667e-05,0.003812723,0.006675733
3.33333333333333e-06,2.904e-05,0.0008348633333333,0.0,1.7416e-05,0.0,0.0046190126666666,7.96886666666667e-05,0.0012447773333333,0.003866925,9.3291e-05
0.0008487383333333,0.005248451,0.0002399713333333,0.0001385966666666,0.0005837863333333,0.0003115626666666,0.0022663123333333,0.0012824583333333,0.0008433726666666,0.002437924,0.001010457
0.009244971,0.0084678743333333,0.0061735333333333,0.0044301273333333,0.0063803616666666,0.0015724216666666,0.0075616466666666,0.0174125916666667,0.001064413,0.005333743,0.03968434
