0.003058991,0.0032455573333333,0.001359099,0.0012870703333333,0.0073909626666666,0.00089695,0.0026797386666666,0.0035518303333333,0.0004422513333333,0.001298618,0.0082253013333333
0.0042959773333333,0.0085075583333333,0.0019095553333333,0.0015631046666666,0.0075508176666666,0.0019118256666666,0.0046240053333333,0.0022770513333333,0.0005644646666666,0.0011616143333333,0.002583199
0.0026519623333333,0.0080378503333333,0.0040688376666666,0.0021204543333333,0.0047949413333333,0.0030544936666666,0.001618031,0.002303055,0.0017822553333333,0.0014774293333333,0.0081136073333333
0.000671898,0.003107214,0.000725135,0.002089637,0.0026665206666666,0.000620545,0.000789154,0.0016889636666666,0.0001714796666666,0.0003874096666666,0.0021457786666666
0.010941591,0.0243633086666667,0.0030372503333333,0.0010900363333333,0.0096631836666666,0.0019719726666666,0.0037796656666666,0.004574942,0.0018763573333333,0.001681323,0.005856073
0.0005058593333333,0.0042544496666666,0.003205588,0.0008649066666666,0.0021045673333333,0.0010828323333333,0.0013205453333333,0.001714172,0.000634195,0.0003231796666666,0.0025752256666666
0.0030631193333333,0.014453061,0.0016372683333333,0.0023412583333333,0.0060869576666666,0.0011780343333333,0.0016888356666666,0.0076104643333333,0.0016969503333333,0.0043367853333333,0.0089359016666666
0.006395541,0.010276967,0.0052426346666666,0.0048876753333333,0.0124881093333333,0.0045326366666666,0.010754115,0.0265841193333333,0.002402159,0.0054776266666666,0.0178977253333333
0.00011638,0.0009280196666666,0.002422169,0.0001480073333333,0.000496181,9.7475e-05,0.0040069746666666,0.0002759546666666,0.001952651,0.0069755996666666,0.000383814
0.0019099216666666,0.0085610896666666,0.0014691363333333,0.0009497296666666,0.0023872303333333,0.000797188,0.0046541033333333,0.003359113,0.0021847836666666,0.001199417,0.0026644923333333
0.021090448,0.0159797946666667,0.009626724,0.005121627,0.0106550363333333,0.0047802803333333,0.0127776253333333,0.0272013466666667,0.003308647,0.005098056,0.0309336136666667
