0.00425235,0.0021665303333333,0.0018020103333333,0.00530037,0.002668269,0.0006896323333333,0.0022352373333333,0.0009256583333333,0.0002171016666666,0.0006924933333333,0.0054129776666666
0.003610816,0.0119024006666667,0.001648301,0.0031123213333333,0.009719668,0.001788355,0.0050823856666666,0.005908952,0.0011392153333333,0.001428526,0.0068348076666666
0.004330539,0.0171002993333333,0.0030480183333333,0.003335192,0.0043540683333333,0.0032554076666666,0.005177126,0.0053278023333333,0.0046102896666666,0.0017681803333333,0.006793093
0.001740099,0.0013277686666666,0.0005185826666666,0.002450642,0.0010224866666666,0.00028224,0.0008826093333333,0.0007100393333333,4.40123333333333e-05,0.000385405,0.0016404853333333
0.0025305746666666,0.0097238746666666,0.00125869,0.0017046973333333,0.004480021,0.0013043963333333,0.002792271,0.0043255493333333,0.0001947743333333,0.0025405896666666,0.0064392206666666
0.0005051953333333,0.0018159033333333,0.0013394473333333,0.0006976783333333,0.001774073,0.0013775606666666,0.0005873073333333,0.0005750236666666,0.000375946,0.000438967,0.0021066976666666
0.0027558906666666,0.016669036,0.0068332806666666,0.003892607,0.00536866,0.0008635163333333,0.0029714446666666,0.006604279,0.004157894,0.00314767,0.016125095
0.0040468186666666,0.0026970813333333,0.004050878,0.001610078,0.004598688,0.0016968806666666,0.0096217223333333,0.015078061,0.0007908826666666,0.0043474033333333,0.0096950483333333
4.85936666666667e-05,1.66666666666667e-05,0.0021112933333333,9.476e-06,4.38106666666667e-05,1.33333333333333e-05,0.004538939,0.00058575,0.001342572,0.005198893,0.0001977536666666
0.0017473326666666,0.0030157303333333,0.000930149,0.0008436956666666,0.0015382813333333,0.0004207606666666,0.0025670486666666,0.0018685233333333,0.0011498766666666,0.0006259053333333,0.003762183
0.01413224,0.008172189,0.0071986366666666,0.0044126723333333,0.009387015,0.0023808766666666,0.0142303783333333,0.023503508,0.0005920723333333,0.006709721,0.0398868533333333
