0.0028940756666666,0.0006366453333333,0.0004676333333333,0.0032351386666666,0.002000227,8.99966666666667e-05,0.0018280956666666,0.0006136756666666,1.01016666666667e-05,0.0005685043333333,0.003506581
0.0016534596666666,0.008244866,0.0031232603333333,0.0008045433333333,0.0025483416666666,0.0012778206666666,0.0053223796666666,0.0005184356666666,3.7421e-05,0.0007827046666666,0.003268375
0.0022342763333333,0.0043763873333333,0.0016265316666666,0.0021963023333333,0.003572168,0.0025213893333333,0.0028908363333333,0.0020741663333333,0.0016573766666666,0.00327274,0.0041773586666666
0.000667441,0.0012256013333333,0.0001031373333333,0.000491513,0.0002409723333333,0.0004846226666666,0.0005596036666666,0.0007159376666666,8.96426666666667e-05,0.0002358803333333,0.000685033
0.001798543,0.0055226616666666,0.0007379006666666,0.000402096,0.001344175,0.0004280133333333,0.0020369276666666,0.0037132393333333,2.95373333333333e-05,0.0021042593333333,0.003530296
0.0001330753333333,0.001633029,0.0009019443333333,0.0006598016666666,0.0016533503333333,0.00147006,0.0009811566666666,0.0003308573333333,0.000456272,0.000385495,0.001233834
0.00331326,0.0096551436666666,0.0026621923333333,0.0016134286666666,0.0043251916666666,0.000579314,0.0021956593333333,0.0036257573333333,0.0016086583333333,0.0031743843333333,0.0049355213333333
0.002556037,0.00212135,0.0031653053333333,0.0011116396666666,0.00210803,0.0013605666666666,0.006008828,0.0095595916666666,0.0002050023333333,0.0018175506666666,0.0053590123333333
1.3324e-05,1.73716666666667e-05,0.000756216,6.66666666666667e-06,4.21333333333333e-05,3.02856666666667e-05,0.003676657,1.7368e-05,0.0005009983333333,0.002967639,7.77306666666667e-05
0.001054591,0.0013803306666666,0.0007290496666666,0.0007486393333333,0.001749947,0.000458525,0.0044285913333333,0.001226531,0.000388699,0.0007085226666666,0.0009344286666666
0.0121088596666667,0.005594613,0.00781741,0.0014472863333333,0.0046838403333333,0.002022928,0.008192471,0.0099813963333333,0.000877659,0.0026995073333333,0.026101499
