0.006870639,0.0007516386666666,0.0010444116666666,0.000117756,0.00154757,0.000195229,0.0018280066666666,0.000553714,4.52453333333333e-05,0.0011401306666666,0.0061215886666666
0.0037810403333333,0.0085199643333333,0.0025849326666666,0.0008853456666666,0.0047064066666666,0.0010634046666666,0.006648411,0.0012108966666666,0.0003882223333333,0.0012499856666666,0.0091384376666666
0.0015135576666666,0.0066189033333333,0.001578936,0.0010618683333333,0.001317383,0.0027252523333333,0.0017096453333333,0.0012378183333333,0.0016802013333333,0.002332599,0.0021844486666666
0.001576478,0.0011903163333333,0.0002755206666666,0.000400751,0.0004918786666666,0.0001512156666666,0.0020148006666666,0.0003692953333333,0.0,0.0007605783333333,0.0006373846666666
0.001492156,0.0063237946666666,0.0006770183333333,0.00024722,0.002546976,0.0015824243333333,0.009131516,0.0047209523333333,0.0003058583333333,0.0021026753333333,0.0033091216666666
0.000216554,0.001626899,0.0019983906666666,0.000370269,0.0017659206666666,0.0011741096666666,0.001370948,0.0003557373333333,1.73303333333333e-05,0.00035385,0.001781946
0.004675064,0.014062439,0.0016277923333333,0.0017324026666666,0.009677404,0.0011380893333333,0.0036099123333333,0.0100450533333333,0.001488458,0.0075246696666666,0.012477382
0.0025639123333333,0.0048051793333333,0.0038100976666666,0.001183275,0.004899193,0.0009465073333333,0.0101689123333333,0.0102855253333333,0.0004142476666666,0.0052015593333333,0.0086380346666666
1.23523333333333e-05,2.75456666666667e-05,0.0001682956666666,8.51066666666667e-06,0.0001276353333333,1.63006666666667e-05,0.001923538,4.01543333333333e-05,0.000734257,0.0006724286666666,1.35663333333333e-05
0.0012712483333333,0.0022776313333333,0.000779369,0.0004151136666666,0.0010868316666666,0.0003772873333333,0.0046973823333333,0.0016136413333333,0.00152562,0.0005538826666666,0.0013266283333333
0.009881522,0.0134531193333333,0.0065236836666666,0.0015596626666666,0.0088657803333333,0.002078391,0.0193423606666667,0.0199957653333333,0.0002803583333333,0.0057250973333333,0.0176008783333333
