0.0032162523333333,0.001266008,0.0008686086666666,0.001260611,0.0012826093333333,0.0001359786666666,0.0022580255,0.0008670733333333,6.95838333333333e-05,0.0009776526666666,0.0038465856666666
0.0018939216666666,0.010429042,0.00138247,0.0006343363333333,0.0043214536666666,0.0011371263333333,0.0055170613333333,0.0015128836666666,0.0006354726666666,0.0010118313333333,0.0079893736666666
0.0010815656666666,0.0046798326666666,0.003427741,0.0029508586666666,0.0020577566666666,0.003198734,0.0010405586666666,0.002424033,0.0013004086666666,0.002290834,0.0025008756666666
0.0009667883333333,0.0012651483333333,0.000197965,0.0012613983333333,0.0006700653333333,0.001054928,0.0014147763333333,0.0003637886666666,0.0,0.0004298526666666,0.0004708643333333
0.0016626263333333,0.0066397333333333,0.0005034143333333,0.0002712076666666,0.00079559,0.0006565323333333,0.006186311,0.0036494836666666,6.79996666666667e-05,0.0012682096666666,0.0013669036666666
0.0003045633333333,0.0030352436666666,0.0013984843333333,0.0012056013333333,0.0020652936666666,0.0013492896666666,0.0009838896666666,0.001084269,2.16663333333333e-05,0.0001918203333333,0.000867462
0.0057929893333333,0.0122164833333333,0.0012497573333333,0.0010828956666666,0.0060942496666666,0.0008797323333333,0.0020927123333333,0.011599442,0.0020218013333333,0.006118304,0.014591808
0.0039143066666666,0.0132614513333333,0.004381818,0.0011809806666666,0.004831043,0.001275079,0.0110189996666667,0.0154522203333333,0.00056876,0.0043982536666666,0.0058554976666666
3.33333333333333e-06,3.3068e-05,0.0004784946666666,7.22266666666667e-06,2.31053333333333e-05,3.33333333333333e-06,0.001616185,2.74206666666667e-05,0.0008547596666666,0.0010807506666666,2.56853333333333e-05
0.001251645,0.0022173856666666,0.000791275,0.0002037813333333,0.001430107,0.0003245793333333,0.004165391,0.0010236243333333,0.0010536663333333,0.000536384,0.0011485643333333
0.0100516176666667,0.012593921,0.004615607,0.0033686956666666,0.0052758746666666,0.0021896283333333,0.0154269106666667,0.01289556,0.000526475,0.004195913,0.0337574233333333
