0.0054504586666666,0.00159937,0.0004946256666666,0.0007213166666666,0.0024007976666666,7.20136666666667e-05,0.0022199083333333,0.0003407506666666,1.91196666666667e-05,0.000971822,0.003451186
0.0013404426666666,0.031236573,0.001158968,0.0011125243333333,0.0046182446666666,0.000916984,0.005144743,0.0012558723333333,0.000137652,0.0029214363333333,0.0022933896666666
0.0008625626666666,0.0090523953333333,0.0018889673333333,0.0024781286666666,0.0023918386666666,0.0023355026666666,0.001807279,0.000984784,0.0009225226666666,0.0032685043333333,0.0049951566666666
0.0001104326666666,0.0014318356666666,0.0001202416666666,0.0025181306666666,0.0001032243333333,0.0002737416666666,0.0011417133333333,0.0002349866666666,0.0,0.000192645,0.0001664836666666
0.0005721896666666,0.004750568,0.0008201546666666,0.0002984836666666,0.0003701683333333,0.000245103,0.0018747533333333,0.001720027,0.0003477516666666,0.0014885716666666,0.0036435656666666
0.0005863076666666,0.0013730286666666,0.0021283526666666,0.0005158743333333,0.001948396,0.0013286486666666,0.000943583,0.0003100883333333,0.0003597023333333,0.0005102303333333,0.001172137
0.0007731353333333,0.0088816086666666,0.0007067783333333,0.0018934736666666,0.0009399363333333,0.0001864863333333,0.0014738433333333,0.003222339,0.0027216086666666,0.0041272526666666,0.009397642
0.001161701,0.003153606,0.002852767,0.000954232,0.000544691,0.000691764,0.008114581,0.0081617516666666,0.0006961613333333,0.0036601756666666,0.009915595
0.0,3.33333333333333e-06,0.0002487396666666,0.0,4.03446666666667e-05,3.33333333333333e-06,0.0047824466666666,0.0,0.0014744283333333,0.0055691666666666,3.14386666666667e-05
0.0007452,0.002139584,0.000382782,0.0001885266666666,0.0006884596666666,0.0003340773333333,0.002802919,0.0012387116666666,0.0014493073333333,0.0006926823333333,0.0006671313333333
0.007137248,0.009822761,0.0056840953333333,0.0011570193333333,0.0025754436666666,0.0014953933333333,0.013046003,0.012827359,4.6512e-05,0.0056643793333333,0.0206302726666667
