0.0030666723333333,0.001422045,0.0005221953333333,0.0001452543333333,0.0015616276666666,8.41756666666667e-05,0.0014171068333333,0.000726679,1.35661666666667e-05,0.0004077173333333,0.006981094
0.0012441976666666,0.0174135876666667,0.002109012,0.000955908,0.0058538743333333,0.0013487686666666,0.0084830213333333,0.002415487,0.0002511533333333,0.0014776743333333,0.003098528
0.0004753193333333,0.0089500996666666,0.0012217743333333,0.0017822223333333,0.0042281366666666,0.0027384813333333,0.0018403183333333,0.0021931426666666,0.0020507006666666,0.001015236,0.0048714493333333
0.000134342,0.003965105,0.000376218,0.0005293643333333,0.000186365,0.000147144,0.0007436293333333,0.0003744926666666,1.89146666666667e-05,0.00030773,0.000440023
0.001281815,0.0116419763333333,0.0007626636666666,0.000458251,0.0016448083333333,0.0004928083333333,0.0040172066666666,0.0025001666666666,0.0003500983333333,0.0011967443333333,0.0026772246666666
0.000132846,0.0053991953333333,0.000980446,0.0006650953333333,0.0013136056666666,0.0010573553333333,0.0008743983333333,0.0006034523333333,3.86686666666667e-05,0.0006094076666666,0.0012787313333333
0.0014843483333333,0.0163615493333333,0.0034116006666666,0.003221537,0.002760479,0.0007411213333333,0.002012913,0.0081894626666666,0.0021295213333333,0.0024638003333333,0.0114370306666667
0.0024229606666666,0.0074457973333333,0.0036444766666666,0.0010933376666666,0.0033058423333333,0.0013407496666666,0.013830141,0.02584821,0.000557812,0.0043074133333333,0.0115046453333333
3.3828e-05,0.000320532,0.0012502236666666,1.88266666666667e-05,0.0001289183333333,0.0,0.0048040206666666,5.5804e-05,0.0016400233333333,0.0065844993333333,1.91906666666667e-05
0.000835899,0.0048657353333333,0.0003429026666666,0.0004439313333333,0.0005584636666666,0.0002856346666666,0.003870195,0.0010972256666666,0.0003191233333333,0.0005817763333333,0.0008827736666666
0.013629522,0.012682359,0.0069573426666666,0.0044976436666666,0.0061688913333333,0.0023548426666666,0.0157928753333333,0.017851541,8.39643333333333e-05,0.0051026876666666,0.04113568
