0.0040260616666666,0.0029518396666666,0.0004666736666666,0.0031384853333333,0.0023397873333333,0.000199828,0.0016395883333333,0.0013995303333333,9.438e-05,0.000806937,0.0082890853333333
0.0047304116666666,0.01829113,0.0016421886666666,0.000985962,0.0057396153333333,0.0006446136666666,0.0062423313333333,0.0009446626666666,0.000280303,0.0007582083333333,0.001600368
0.00098447,0.0080599233333333,0.0015339433333333,0.0019004856666666,0.0032113516666666,0.0018333263333333,0.0009216096666666,0.0017063053333333,0.0007293573333333,0.001584223,0.0041142
0.001241023,0.0018806463333333,0.000116566,0.0005408246666666,0.0006432636666666,0.000149526,0.0005699433333333,0.0005364313333333,1.24583333333333e-05,0.0002651586666666,0.0009860913333333
0.0020538236666666,0.0110204536666667,0.0010887673333333,0.0004580313333333,0.0046902383333333,0.0007472196666666,0.0034598346666666,0.002984834,7.92013333333333e-05,0.00153575,0.0036934693333333
0.0005090693333333,0.00387379,0.000951534,0.0007508663333333,0.0023753853333333,0.0012115213333333,0.0004522683333333,0.0003335446666666,0.0001277376666666,0.0004560573333333,0.002283544
0.0176007546666667,0.02044976,0.0020150603333333,0.00082008,0.0038882896666666,0.0003786686666666,0.0020221586666666,0.0077607783333333,0.0013439423333333,0.0040272203333333,0.013100966
0.0063659323333333,0.0073996626666666,0.0040313226666666,0.0011479876666666,0.003444592,0.0029936576666666,0.0076852056666666,0.0178770533333333,7.1538e-05,0.0020644806666666,0.012465235
5.5003e-05,0.0002263266666666,0.0013181966666666,1.8716e-05,0.0001715783333333,0.0001039076666666,0.0040278876666666,0.000113953,0.0005597783333333,0.0029475956666666,7.12993333333333e-05
0.0014604826666666,0.00400352,0.0003217753333333,0.001153195,0.0017993613333333,0.0004778043333333,0.0019110793333333,0.001558768,0.0008401733333333,0.0007593526666666,0.0014884386666666
0.010720277,0.0127158306666667,0.0058001843333333,0.0032239906666666,0.006961289,0.0023342906666666,0.009815825,0.0192623806666667,0.0001738753333333,0.0027836406666666,0.04596582
