0.003364813,0.002487907,3.33333333333333e-06,0.004306941,0.004305386,0.002264654,0.0,0.001352246,6.66666666666667e-06,3.0987e-05,0.0058384076666666
0.0022735756666666,0.0172941353333333,0.002661177,0.0159232223333333,0.0049353083333333,0.002589592,3.6258e-05,0.0049054723333333,7.05243333333333e-05,0.0002838386666666,0.004641859
0.000672403,0.008886988,0.0019133733333333,0.0052438703333333,0.003855226,0.0035241963333333,5.767e-06,0.0024365596666666,0.001443412,2e-05,0.0049992163333333
0.0048482976666666,0.000292094,0.0,0.015071891,1.24506666666667e-05,3.33333333333333e-06,0.0,0.0003809953333333,3.33333333333333e-06,8.31733333333333e-06,0.0115170156666667
0.001553161,0.0153702283333333,0.0018224713333333,0.0120984523333333,0.0027511103333333,0.0027148793333333,3.33333333333333e-06,0.008122524,5.3838e-05,9.52586666666667e-05,0.0033330733333333
0.0007761533333333,0.00325006,0.000981619,0.00145965,0.0025884496666666,0.0013458496666666,3.33333333333333e-06,0.0006437306666666,0.0,2.84596666666667e-05,0.001222623
0.0043573636666666,0.0024718636666666,0.0041705523333333,0.0167587186666667,3.96746666666667e-05,1.08723333333333e-05,0.0028965333333333,0.0076548803333333,0.0014521786666666,0.0031548433333333,0.01108993
0.0030593583333333,0.0095023986666666,0.003998954,0.0169493003333333,0.0060275503333333,0.0021721866666666,0.000171428,0.0210366023333333,0.0,0.000565435,0.0110908663333333
6.74643333333333e-05,7.47e-06,0.0003236063333333,0.001179889,0.0,6.05423333333333e-05,0.004818671,0.0004997963333333,0.0025915836666666,0.0058846446666666,0.0002326106666666
0.000996331,0.0008312473333333,0.0008051453333333,0.0047946623333333,6.66666666666667e-06,0.000463781,0.0026462276666666,0.001689593,0.001105981,0.0007041413333333,0.001123118
0.015913535,0.0129967163333333,2.0331e-05,0.029088434,0.0054503353333333,0.004728927,1.484e-05,0.0145898426666667,2.2499e-05,0.000912416,0.0309719323333333
