0.0063546096666666,0.0018977303333333,0.000412219,0.0001505413333333,0.0015539676666666,0.0002776103333333,0.0028359306666666,0.0006099656666666,5.00373333333333e-05,0.0009848316666666,0.0063749366666666
0.001713442,0.0207598423333333,0.001051846,0.001208196,0.0062213026666666,0.0015318533333333,0.0080922233333333,0.0014703326666666,0.0006671283333333,0.0015479823333333,0.0024305606666666
0.0004976693333333,0.0063126836666666,0.0021355806666666,0.0020095843333333,0.0014808216666666,0.003406307,0.0014748063333333,0.000919526,0.001938044,0.0022917323333333,0.0025651876666666
0.0006509766666666,0.0021637343333333,0.0002062773333333,0.001179006,0.000406543,0.0013192076666666,0.0006775266666666,0.0003861813333333,3.33333333333333e-06,0.0005654383333333,0.000407058
0.0007151933333333,0.0060668116666666,0.0010812926666666,0.0001594563333333,0.00240328,0.0004834926666666,0.001489276,0.0019331606666666,6.78443333333333e-05,0.001909477,0.0006540836666666
0.000707982,0.0037625773333333,0.0010696273333333,0.0004438823333333,0.0018083626666666,0.0016411173333333,0.000814369,0.0003870313333333,0.0003462003333333,0.0008132593333333,0.0011489013333333
0.0034051576666666,0.0133251766666667,0.0024085813333333,0.0005247526666666,0.0016373486666666,0.000644316,0.0022797566666666,0.0036450946666666,0.0025133683333333,0.0063199336666666,0.0049248183333333
0.00204524,0.004120491,0.002571665,0.0007499846666666,0.002834224,0.0016239806666666,0.0074506166666666,0.0109478013333333,0.0001394616666666,0.002154576,0.0060288533333333
3.33333333333333e-06,1.15253333333333e-05,0.0013042433333333,0.0,4.71853333333333e-05,0.0,0.001175127,3.37366666666667e-06,0.000916408,0.0025384213333333,7.4956e-05
0.0016625326666666,0.0036372193333333,0.0004262396666666,0.0004850193333333,0.0009430523333333,0.0006000126666666,0.0045924253333333,0.00122695,0.0002899833333333,0.0027010143333333,0.001673389
0.0107194656666667,0.01099477,0.0060025773333333,0.0016868116666666,0.0050835266666666,0.003370632,0.0076316456666666,0.018508149,0.0003102836666666,0.0037321806666666,0.0270509653333333
