0.004689183,0.003342754,1.47833333333333e-05,0.0041190406666666,0.00340561,0.0027711796666666,6.66666666666667e-06,0.0024344143333333,1e-05,9.50536666666667e-05,0.013472091
0.0048539166666666,0.0211475476666667,0.0030357423333333,0.011829648,0.0055150553333333,0.002079435,2.64403333333333e-05,0.0059883726666666,1.33333333333333e-05,0.000173152,0.0054538406666666
0.001102645,0.0187182726666667,0.0015349223333333,0.0065126026666666,0.0043673606666666,0.0040044763333333,9.81333333333333e-06,0.0026031876666666,0.0011163996666666,2.3572e-05,0.0076271586666666
0.0059498393333333,0.0003628853333333,6.66666666666667e-06,0.0404286266666667,3.36666666666667e-05,1.54993333333333e-05,0.0,0.000680809,1e-05,2.65643333333333e-05,0.014807933
0.0036620823333333,0.0266852363333333,0.0040797046666666,0.0068854836666666,0.005405248,0.0022304853333333,0.0,0.0086488483333333,3.08176666666667e-05,0.000386683,0.0052840063333333
0.0010083223333333,0.0040536563333333,0.0015045643333333,0.0021623856666666,0.0022954386666666,0.001849163,7.40766666666667e-06,0.0015376686666666,0.0,1e-05,0.0015505673333333
0.004870881,0.0023875166666666,0.0031786713333333,0.03398776,0.0001722626666666,5.78963333333333e-05,0.0017395743333333,0.0091716756666666,0.0013249873333333,0.00337414,0.013924762
0.0069919536666666,0.013537808,0.003888828,0.0120100773333333,0.006534833,0.0029565433333333,2.01516666666667e-05,0.030407802,5.8369e-05,0.000797686,0.0158844826666667
0.000113925,0.0001073036666666,0.0002606736666666,0.00114587,0.0,0.000127779,0.003624967,0.000500457,0.001152101,0.0052003266666666,0.0002170126666666
0.0019689836666666,0.0009731416666666,0.0009600616666666,0.0067789323333333,8.61603333333333e-05,0.000768449,0.0018430106666666,0.0015994576666666,0.0006537923333333,0.000541477,0.0021946776666666
0.0208067426666667,0.0168144306666667,0.0011812726666666,0.0278257293333333,0.0070061743333333,0.003856524,2.3418e-05,0.0232124773333333,3.96323333333333e-05,0.0008707183333333,0.0491036133333333
