0.0069589696666666,0.001572552,0.0005189413333333,0.0014269653333333,0.001875111,0.0005597183333333,0.0043281706666666,0.000929582,0.0002112611666666,0.002037917,0.0042659613333333
0.0029288803333333,0.0123599566666667,0.001456013,0.002474048,0.0161465806666667,0.001656717,0.0046270253333333,0.00518894,0.0003471616666666,0.003241472,0.002652922
0.000782616,0.004646939,0.00277414,0.0023544573333333,0.001397486,0.0018765953333333,0.0012986716666666,0.0012193233333333,0.00117236,0.0043174,0.002713737
0.0002509653333333,0.0018407516666666,0.000243765,0.001926795,0.000477959,0.0002842373333333,0.0007273343333333,0.000426079,4.6968e-05,0.0007759526666666,0.000437145
0.001859637,0.0047424406666666,0.0005881583333333,0.0002879566666666,0.003679672,0.000509959,0.002386776,0.000855288,9.62566666666667e-05,0.0041078333333333,0.0011988343333333
0.0006658553333333,0.0018645896666666,0.0011655793333333,0.0007289993333333,0.001831944,0.00094992,0.0005375976666666,0.0005009843333333,0.0004209986666666,0.0011308163333333,0.0019438903333333
0.0009686113333333,0.0087568306666666,0.0019580536666666,0.0008944253333333,0.0015230363333333,0.001766434,0.0031541466666666,0.00346464,0.002223176,0.0087252493333333,0.005716438
0.0041647926666666,0.003645017,0.0012142033333333,0.0010627293333333,0.0014276436666666,0.0010026116666666,0.0081634016666666,0.0080795423333333,0.000147386,0.0032920793333333,0.0087444676666666
3.33333333333333e-06,8.872e-06,0.0006040933333333,0.0001933496666666,4.31483333333333e-05,0.0,0.002217189,1.30623333333333e-05,0.000813523,0.0032297956666666,6.66666666666667e-06
0.0019690896666666,0.00329968,0.0010836766666666,0.0006107263333333,0.0041079546666666,0.000991182,0.0053389456666666,0.001179992,0.0002087566666666,0.0037030216666666,0.0023561556666666
0.01233964,0.0079273243333333,0.0065281663333333,0.003859941,0.0029178403333333,0.0024726983333333,0.0082063806666666,0.0187277816666667,0.000437189,0.007748674,0.0278966603333333
