0.0030101866666666,0.0004318093333333,3.33333333333333e-06,0.0002031036666666,0.0015044813333333,0.0,0.001061658,3.604e-05,4.16363333333333e-05,3.33333333333333e-06,0.0116133896666667
0.0014619176666666,0.0207648306666667,3.917e-05,0.0010175393333333,0.0034854213333333,0.001176839,0.0062017896666666,0.0019713223333333,0.0002309776666666,1.76533333333333e-05,0.0070905093333333
0.0010078516666666,0.0081121083333333,0.0011612676666666,0.0024046643333333,0.0040107376666666,0.003128044,0.0007486256666666,0.0020169856666666,0.0005025886666666,0.0008021773333333,0.0055561796666666
0.0007599356666666,0.0059382716666666,0.00067704,0.0005857516666666,0.0001629783333333,0.000503133,0.000848276,6.66666666666667e-06,1.3854e-05,7.19733333333333e-06,0.0012012793333333
0.0038808696666666,0.0107099916666667,0.000666613,0.0002212456666666,0.0052364976666666,0.0005094086666666,0.0031343186666666,0.003666378,0.0002230363333333,1.37046666666667e-05,0.0048300896666666
0.000377308,0.0031398236666666,0.0003058366666666,0.0003906523333333,0.0007344836666666,0.0005838163333333,0.000556987,0.000836958,3.33333333333333e-06,3.8e-06,0.001175704
0.0037723493333333,0.0176124983333333,0.001344891,0.0008815936666666,0.0037241523333333,0.0021455553333333,0.002812373,0.0080619806666666,0.001642101,0.0012011743333333,0.0131252313333333
0.0040684113333333,0.0004370816666666,3.7432e-05,0.001840881,0.0001236223333333,2.69216666666667e-05,0.0083769383333333,0.028125911,0.0002791446666666,7.71603333333333e-05,0.0354325733333333
0.001410501,0.0002758973333333,0.0004907056666666,7.52533333333333e-06,0.0001025,2.3727e-05,0.0042563393333333,5.565e-05,0.0012668523333333,0.0036780593333333,6.2781e-05
0.0015117146666666,0.0044478776666666,0.0002304723333333,0.000518582,0.0007129533333333,0.0004654363333333,0.002241685,0.001620502,0.0004489846666666,0.0001883933333333,0.001641198
0.0088638393333333,0.0005841573333333,1.40096666666667e-05,0.0006113073333333,0.0001172553333333,2.08213333333333e-05,0.0123295396666667,0.00047616,9.00613333333333e-05,1e-05,0.0814371066666667
