0.0035494196666666,0.0024928256666666,7.749e-06,0.0046890666666666,0.003300436,0.0010421053333333,0.0,0.002348553,3.33333333333333e-06,5.5582e-05,0.003998874
0.004158715,0.0124223533333333,0.002931118,0.013650376,0.0094005483333333,0.003345672,1.8093e-05,0.003794469,0.0,4.9284e-05,0.004137742
0.0009121246666666,0.013490908,0.0009037996666666,0.0046744676666666,0.0043176976666666,0.001536732,2.06943333333333e-05,0.0024988193333333,0.000480946,4.10886666666667e-05,0.004487041
0.0030521943333333,7.37173333333333e-05,6.66666666666667e-06,0.0128072796666667,1e-05,6.575e-06,0.0,0.000726668,8.594e-06,1e-05,0.012729008
0.0026845106666666,0.0117388626666667,0.0012977506666666,0.009078297,0.006243762,0.0027674113333333,7.06766666666667e-06,0.011748613,2.15726666666667e-05,0.00019975,0.003703456
0.0005844843333333,0.002704095,0.0009773033333333,0.0024101573333333,0.0027433416666666,0.0014722533333333,0.0,0.0008670633333333,0.0,1.04723333333333e-05,0.0018667933333333
0.0026087383333333,0.002181815,0.0012370246666666,0.0176224136666667,0.000126981,0.0001595303333333,0.0014231743333333,0.0085135273333333,0.0013185203333333,0.002406999,0.01201034
0.0046352383333333,0.0080211586666666,0.0042959376666666,0.0147822873333333,0.009277704,0.0020011123333333,3.8029e-05,0.020074806,1.33333333333333e-05,0.000743235,0.015465548
5.89356666666667e-05,3.84286666666667e-05,0.00016369,0.000684383,3.33333333333333e-06,0.000115185,0.0041481846666666,0.000752601,0.0009076083333333,0.0053451343333333,5.98286666666667e-05
0.0015398096666666,0.0004612763333333,0.0008706656666666,0.0048221013333333,3.89333333333333e-05,0.0010104756666666,0.0028273656666666,0.00201649,0.0006283696666666,0.0002919793333333,0.001705721
0.011642319,0.0115324816666667,0.0011810316666666,0.0276477783333333,0.0085333766666666,0.0037081046666666,3.33333333333333e-06,0.0183586653333333,2.30523333333333e-05,0.0010879626666666,0.031033811
