0.0023829576666666,0.0021533013333333,0.0005011056666666,0.0001787923333333,0.0018788893333333,0.00072638,0.0016213156666666,0.0015711646666666,0.0002218433333333,0.0003797886666666,0.016031922
0.0017748593333333,0.0114512853333333,0.003323474,0.002387165,0.004702475,0.0023854573333333,0.0045897683333333,0.0056173493333333,0.0012751233333333,0.0019734316666666,0.0053904873333333
0.0007097443333333,0.0065404976666666,0.0021223313333333,0.0029211226666666,0.0033914403333333,0.0022005813333333,0.0016196156666666,0.002233052,0.0014375566666666,0.0012129763333333,0.0061659926666666
0.0001277453333333,0.0025771916666666,0.000239,0.0013729986666666,0.0002878516666666,0.000154037,0.000826927,0.0004441086666666,5.0818e-05,0.0001341713333333,0.0007139026666666
0.0012481736666666,0.0101375856666667,0.00246671,0.000834188,0.002119183,0.0011390156666666,0.002244882,0.0037915843333333,0.000823743,0.0016447986666666,0.0029067636666666
0.0006084756666666,0.003873284,0.0009005966666666,0.000519011,0.001167384,0.0012764253333333,0.0006832633333333,0.0011271106666666,0.0001156076666666,0.0002291613333333,0.000973156
0.003934506,0.020065699,0.0021044373333333,0.00127003,0.0084560803333333,0.001749868,0.0016059853333333,0.0082386243333333,0.0017015446666666,0.0031734603333333,0.0103399966666667
0.0040527876666666,0.0044965956666666,0.0037830466666666,0.0014405683333333,0.0074178736666666,0.0017377576666666,0.00926305,0.0186383776666667,0.0009894776666666,0.0029819976666666,0.0129657163333333
6.63886666666667e-05,0.0003858973333333,0.000279255,0.0004684656666666,0.000189035,6.12546666666667e-05,0.003568883,0.0003359913333333,0.0013541966666666,0.0067472963333333,8.01283333333333e-05
0.0007047473333333,0.003585035,0.0006172523333333,0.0004644326666666,0.000974549,0.0003968423333333,0.0026280243333333,0.0018453846666666,0.0006201006666666,0.000383732,0.0007018846666666
0.0175838756666667,0.005685073,0.00727015,0.0012588153333333,0.0059482446666666,0.0047252496666666,0.0102735283333333,0.0161710756666667,0.0006475596666666,0.0036293306666666,0.0255877546666667
