0.0053074123333333,0.001993422,0.0007446266666666,6.3007e-05,0.002078743,0.0004826853333333,0.0014933331666666,0.000625719,1.58535e-05,0.0007073113333333,0.003467476
0.001289282,0.0092463693333333,0.001018036,0.001210619,0.0031619806666666,0.0015851033333333,0.0050934016666666,0.0011768276666666,0.000844751,0.0003348713333333,0.005135474
0.000809101,0.0056041313333333,0.0016599546666666,0.0028242466666666,0.0033286696666666,0.0020124293333333,0.0016894866666666,0.00127913,0.0018377373333333,0.0033499793333333,0.0044993073333333
0.000223664,0.001741312,0.0002083223333333,0.0019250556666666,0.000622012,0.001153016,0.0005711243333333,0.000225594,1.33926666666667e-05,6.13513333333333e-05,0.0004232013333333
0.0012873296666666,0.005218676,0.0013082723333333,0.0002372813333333,0.0067735713333333,0.00037698,0.0010782026666666,0.001336235,3.1136e-05,0.0011357383333333,0.0021211756666666
0.000828482,0.0016667193333333,0.0006939,0.0006965756666666,0.001932694,0.002081828,0.000462207,0.0004950976666666,0.000315399,0.0015016873333333,0.002466459
0.001039339,0.0055581263333333,0.0015377623333333,0.0005635536666666,0.0009632686666666,0.000563151,0.001039163,0.0040497156666666,0.0030623776666666,0.0019018913333333,0.0088943456666666
0.0034747606666666,0.0017062036666666,0.0032627306666666,0.0006841703333333,0.001479248,0.0012085363333333,0.0068384246666666,0.0070086663333333,0.000125077,0.0007999853333333,0.004077414
3.33333333333333e-06,1e-05,0.0004482743333333,0.0,2.2846e-05,6.04333333333333e-06,0.0035297303333333,3.33333333333333e-06,0.0009762646666666,0.004617261,6.66666666666667e-06
0.0006542843333333,0.0060124223333333,0.000313803,0.0001489126666666,0.000510682,0.000431558,0.0011665976666666,0.0004738363333333,0.0005368023333333,0.000699804,0.00045108
0.016920596,0.00617341,0.0057305006666666,0.002571961,0.0036456333333333,0.004267636,0.0091819553333333,0.0138039993333333,0.0002910353333333,0.0027837096666666,0.0203166093333333
