0.002491954,0.0019238726666666,1.24946666666667e-05,0.005591747,0.0027552136666666,0.000199513,3.62566666666667e-06,0.001073845,6.84133333333333e-06,2.43226666666667e-05,0.003381494
0.0038274023333333,0.0129352653333333,0.002247332,0.013514715,0.0039652703333333,0.001249798,0.556927666666667,0.003805599,0.0,0.000147471,0.0039499326666666
0.0004680923333333,0.0062579896666666,0.0019019273333333,0.0042885816666666,0.0041081603333333,0.001965711,6.66666666666667e-06,0.0014760423333333,0.0008851373333333,2.51086666666667e-05,0.0063184503333333
0.0026885213333333,3.0127e-05,3.33333333333333e-06,0.0300349886666667,8.38633333333333e-06,0.0,0.0,0.0007868516666666,3.33333333333333e-06,2.80846666666667e-05,0.0116737356666667
0.0010254946666666,0.0128209356666667,0.0018805306666666,0.0110537276666667,0.0015297636666666,0.003835789,1.17393333333333e-05,0.0072935413333333,0.0,0.0001379746666666,0.0027812646666666
0.0002471766666666,0.0024373926666666,0.0020733613333333,0.0019994823333333,0.0019908113333333,0.0006082656666666,3.33333333333333e-06,0.0007357353333333,0.0,8.93966666666667e-06,0.0020076633333333
0.001885485,0.001878937,0.0009228246666666,0.030279916,6.2436e-05,9.28866666666667e-06,0.002037524,0.0074509306666666,0.001023794,0.0027721936666666,0.0097861026666666
0.0025356383333333,0.0066730173333333,0.003533547,0.0145155076666667,0.0076057563333333,0.002474968,7.70073333333333e-05,0.0179797436666667,0.0,0.00086035,0.0096861816666666
3.19823333333333e-05,0.0,0.000258329,0.0004480036666666,3.33333333333333e-06,6.4147e-05,0.004158629,0.0007325513333333,0.0010896653333333,0.0061957686666666,2.7011e-05
0.0010167166666666,0.0004047803333333,0.000410497,0.003909699,0.000122558,0.0004944643333333,0.002606042,0.0017828513333333,0.0002170993333333,0.0003381113333333,0.0010423186666666
0.0104282196666667,0.009443568,0.0006186266666666,0.0248969066666667,0.0050747706666666,0.0036431133333333,0.0,0.0149641543333333,1.5415e-05,0.0011859036666666,0.021407256
