0.0054857033333333,0.0011989273333333,0.0008722363333333,0.0001600333333333,0.0017397376666666,6.3317e-05,0.0017733573333333,0.0006115213333333,0.000422862,0.0003187253333333,0.0036693353333333
0.0021287876666666,0.0166172306666667,0.001813434,0.0010026736666666,0.00160211,0.0011057136666666,0.00457597,0.002198166,0.000158971,0.0015625766666666,0.0025918223333333
0.0012086203333333,0.0066573913333333,0.0011193896666666,0.0021368723333333,0.005207424,0.0021438523333333,0.0015906323333333,0.0016658176666666,0.000976329,0.0009344093333333,0.0056325756666666
0.0002545763333333,0.0019292486666666,0.000171669,0.0007603816666666,0.0001575323333333,0.0003717666666666,0.000600471,0.000390259,0.0,0.0002982576666666,0.0004051283333333
0.0020042493333333,0.005406274,0.002246896,0.000222187,0.0112285333333333,0.000423354,0.0016020716666666,0.00133354,0.0001977593333333,0.0008705513333333,0.003859977
0.000207455,0.0033800916666666,0.001131098,0.0005791603333333,0.0010773813333333,0.000658488,0.000745254,0.0004619006666666,6.66666666666667e-06,0.00023861,0.0012409883333333
0.0033652803333333,0.0105251286666667,0.004829297,0.0007523216666666,0.0024674556666666,0.0012427536666666,0.0016158216666666,0.0067122293333333,0.0008052326666666,0.0031763253333333,0.0114065426666667
0.0024040846666666,0.0064434373333333,0.0033142933333333,0.001156571,0.0037406396666666,0.001450485,0.0061735683333333,0.0191270966666667,0.0003634006666666,0.0026754933333333,0.0156905193333333
1.3605e-05,7.18573333333333e-05,0.00018674,1.76313333333333e-05,0.0012517633333333,6.66666666666667e-06,0.0053226436666666,0.00958092,0.001980692,0.0067434153333333,2.8185e-05
0.0015800826666666,0.002081292,0.0002082876666666,0.0003329666666666,0.000368878,0.0001860733333333,0.0021189576666666,0.000763946,0.0004058283333333,0.000440001,0.001785322
0.008503871,0.0092990966666666,0.006937119,0.003758013,0.0047673053333333,0.0012894333333333,0.014388128,0.0192225123333333,0.0006409733333333,0.003858738,0.028018822
