0.0018049706666666,0.001590036,0.0004517516666666,0.000296377,0.002242037,0.0003208313333333,0.003705132,0.0015889396666666,0.0002588038333333,0.0011071823333333,0.0146205513333333
0.0022356783333333,0.019104632,0.0063165283333333,0.0026383593333333,0.008218046,0.0026446256666666,0.0068221796666666,0.0026550513333333,0.0002724706666666,0.0009654993333333,0.004005337
0.000733117,0.0133446136666667,0.0017467846666666,0.0015567453333333,0.0029935413333333,0.0018129593333333,0.0013437596666666,0.002854317,0.0018289056666666,0.0014515226666666,0.006305623
0.0001942226666666,0.0069633296666666,0.0001855883333333,0.0007223893333333,0.000544675,0.0007605293333333,0.0011721856666666,0.0008568296666666,0.0001321283333333,0.000206241,0.0006636953333333
0.0033859163333333,0.021815406,0.000991431,0.00096879,0.0035411063333333,0.001209001,0.0030973096666666,0.0044252633333333,0.000461611,0.001060477,0.0031752093333333
0.000402804,0.0039275263333333,0.001023872,0.001955189,0.0016759916666666,0.001124149,0.000812886,0.0004818843333333,0.0002066183333333,0.0002015363333333,0.002577925
0.0030041373333333,0.020729184,0.0019514533333333,0.0026546123333333,0.0061720776666666,0.0022270753333333,0.0019767896666666,0.0104454023333333,0.0020631126666666,0.0035383353333333,0.0154096943333333
0.0058070403333333,0.0173299606666667,0.0047025353333333,0.001475541,0.0086052646666666,0.0019225426666666,0.0101951576666667,0.030198135,0.00076934,0.0031658136666666,0.018513437
0.0010083803333333,0.0003129333333333,0.001505468,0.000255618,9.2249e-05,6.61116666666667e-05,0.004339775,0.0011009376666666,0.002142001,0.0051018646666666,0.000112646
0.0016720803333333,0.0045763753333333,0.0008953136666666,0.0008343273333333,0.0015050243333333,0.0003901926666666,0.0035586183333333,0.002186671,0.000534233,0.0006727573333333,0.0016942296666666
0.0184074066666667,0.016124809,0.0079199723333333,0.0028907346666666,0.0095951216666666,0.0051342283333333,0.016327091,0.0214666066666667,0.0010510086666666,0.004482189,0.0407144733333333
