0.0030278183333333,0.0001653403333333,0.000661472,0.0010920033333333,0.0021392013333333,3.6964e-05,0.0023813793333333,0.0006669353333333,3.42366666666667e-06,0.00047669,0.0029013226666666
0.0004652563333333,0.0039146586666666,0.0018043826666666,0.0004521733333333,0.0026355546666666,0.0003458493333333,0.0046515926666666,0.0002777096666666,3.4021e-05,0.000747968,0.0025263476666666
0.00012182,0.0053820946666666,0.00145573,0.0017270033333333,0.003200668,0.002419055,0.001370532,0.0017160706666666,0.001035681,0.0011676513333333,0.0038846046666666
0.0008348303333333,0.001288313,0.0001249923333333,0.0013582376666666,0.0008139353333333,0.0005093026666666,0.000921151,0.0006374123333333,0.0,0.0001097276666666,0.0002595146666666
0.00127607,0.0040950576666666,0.001738569,0.000111376,0.0011713976666666,0.0013580393333333,0.001393979,0.0009348436666666,1.81903333333333e-05,0.0009627243333333,0.00161085
0.0001020413333333,0.001309108,0.0010058533333333,0.000434321,0.00118737,0.0004116756666666,0.0008051573333333,0.0002126486666666,0.0002058253333333,0.0007414696666666,0.0010067223333333
0.0011191613333333,0.0070057543333333,0.001081651,0.0008574386666666,0.0011318686666666,0.0008011873333333,0.0013149146666666,0.0022382663333333,0.0023624166666666,0.0049766476666666,0.0098138126666666
0.000545128,0.0013476353333333,0.0030979826666666,0.0014796923333333,0.0053258666666666,0.0007782346666666,0.006239364,0.005690765,4.59486666666667e-05,0.002372018,0.005031757
3.33333333333333e-06,6.66666666666667e-06,0.000614017,3.33333333333333e-06,2.08726666666667e-05,0.0,0.0040076783333333,4.8157e-05,0.000440265,0.0019741036666666,3.33333333333333e-06
0.0009370993333333,0.0013688946666666,0.0003521313333333,0.000150006,0.0002032983333333,0.000115418,0.0031791806666666,0.000588556,0.000231062,0.0006407863333333,0.0009025506666666
0.00676865,0.0077577666666666,0.0076403746666666,0.0016361783333333,0.0041388756666666,0.002076081,0.0216492033333333,0.0132188703333333,0.000458174,0.0021163173333333,0.026049149
