0.003054524,0.001556456,0.0006019286666666,7.9631e-05,0.0015134866666666,2.4551e-05,0.0011566285,0.0007683256666666,1.89183333333333e-06,0.0006503296666666,0.0051165586666666
0.0008246886666666,0.0095591193333333,0.001397034,0.0010461923333333,0.001612241,0.000590577,0.002816889,0.0011801726666666,1.89053333333333e-05,0.0015566296666666,0.0022638126666666
0.000469367,0.00857343,0.0012063706666666,0.0030406066666666,0.0030453353333333,0.002628419,0.0014593726666666,0.0016363773333333,0.001990915,0.0020028326666666,0.006710514
0.0005120246666666,0.0017874293333333,0.0001081986666666,0.0020515983333333,0.0002588193333333,0.0001134366666666,0.000541151,0.0002914053333333,0.0,0.000182656,0.0005698416666666
0.0013114983333333,0.0076815433333333,0.0006776196666666,1.787e-05,0.0022253216666666,0.0004618443333333,0.001485806,0.0013335593333333,5.738e-06,0.0015714593333333,0.0015796443333333
0.0001851216666666,0.002067755,0.0004819966666666,0.000402201,0.0016588923333333,0.0016643243333333,0.0005762183333333,0.0012325713333333,0.000286617,0.0004491936666666,0.0007187986666666
0.001416569,0.0148486013333333,0.0008234516666666,0.0010218863333333,0.0007312346666666,0.00054816,0.0015974316666666,0.0031522506666666,0.002090956,0.003112577,0.0086217746666666
0.0011930206666666,0.0020792033333333,0.0024310353333333,0.0005394863333333,0.0007453806666666,0.00032118,0.00798047,0.0091731636666666,0.000155072,0.0022578076666666,0.0063870326666666
8.00266666666667e-06,3.33333333333333e-06,0.0010244613333333,0.0,3.3553e-05,6.66666666666667e-06,0.0046604556666666,7.636e-06,0.0010585723333333,0.0040176313333333,0.0
0.000633472,0.0024302303333333,0.0002960073333333,0.000268612,0.000280773,8.28433333333333e-05,0.0016925556666666,0.0006932336666666,0.0005607896666666,0.000639197,0.000410389
0.010706766,0.0085902913333333,0.0073182066666666,0.006997208,0.0041126816666666,0.0012665513333333,0.0119226393333333,0.019637335,0.000136285,0.0036388943333333,0.0275945776666667
