0.011901944,0.0011969163333333,0.001353387,0.000469815,0.001814128,0.000312138,0.0046840963333333,0.0015123616666666,0.0001860886666666,0.0013297203333333,0.006684204
0.003544575,0.01021783,0.0020373636666666,0.001451159,0.0176380536666667,0.001124293,0.003733087,0.0020588476666666,0.000237643,0.0010775033333333,0.0047981806666666
0.0011412443333333,0.009080669,0.0044925003333333,0.0027194243333333,0.0033051693333333,0.00432257,0.0035698016666666,0.0017977103333333,0.002816854,0.0029120516666666,0.0066402066666666
0.0014010146666666,0.0017590366666666,0.000294261,0.0018127733333333,0.0002681533333333,0.0003390323333333,0.0051590536666666,0.0006595036666666,4.91466666666667e-05,0.0002803906666666,0.0025553466666666
0.0015546003333333,0.0099991253333333,0.0010784846666666,0.001040249,0.004538414,0.0008224226666666,0.002882474,0.0057626846666666,0.0003402173333333,0.0029160646666666,0.0037951203333333
0.0007904756666666,0.0026737923333333,0.0007271143333333,0.000524709,0.002597338,0.0007569503333333,0.0006769673333333,0.0003175803333333,0.0003315433333333,0.000468486,0.0017953673333333
0.00364211,0.0107810236666667,0.0019193443333333,0.0013345813333333,0.003500535,0.0010249823333333,0.002694097,0.004858011,0.0053167723333333,0.0025592203333333,0.0125528076666667
0.0063233436666666,0.003759639,0.003987769,0.0011310976666666,0.0040810146666666,0.0012987363333333,0.0093219973333333,0.0125987106666667,0.0005981853333333,0.0018459383333333,0.0099179976666666
0.0001339286666666,3.33333333333333e-06,0.0017002923333333,1.6564e-05,0.0001698216666666,3.64966666666667e-06,0.004259258,6.66666666666667e-06,0.0014157386666666,0.0050562203333333,2.5923e-05
0.0015669593333333,0.0028682253333333,0.0007085016666666,0.000723907,0.0013550986666666,0.0009449706666666,0.001833421,0.001313316,0.0010680036666666,0.000696966,0.0022039743333333
0.0121782686666667,0.016312556,0.0112627986666667,0.0039525856666666,0.008311064,0.0021426013333333,0.018193821,0.03389109,0.001190141,0.0068036876666666,0.030149058
