0.0037346283333333,0.0022584013333333,0.0,0.0033507116666666,0.0033210093333333,0.000995029,0.0,0.001020472,3.33333333333333e-06,1e-05,0.02232271
0.001517084,0.0207791493333333,0.003029852,0.0122967163333333,0.0077303066666666,0.002042376,4.38573333333333e-05,0.003045393,0.0,0.0001965706666666,0.0041965576666666
0.0001988893333333,0.008775317,0.0006459093333333,0.002650643,0.0044031616666666,0.0004964913333333,0.0,0.0018138163333333,0.0006307266666666,1e-05,0.0031611233333333
0.0031023893333333,0.000220105,0.0,0.0100459023333333,3.33333333333333e-06,3.33333333333333e-06,0.0,0.0008854713333333,0.0,2.77106666666667e-05,0.0103955853333333
0.0014650796666666,0.019307354,0.0012004923333333,0.009096167,0.00506599,0.000591805,0.0,0.006699788,5.26443333333333e-05,8.19043333333333e-05,0.0031007576666666
0.0003637416666666,0.0034583833333333,0.0005882926666666,0.001855279,0.0011106273333333,0.000550143,1.62916666666667e-05,0.000853233,0.0,6.8772e-05,0.001361401
0.0025247373333333,0.0013918976666666,0.0011876846666666,0.0262763056666667,6.66666666666667e-06,0.0,0.002243233,0.0088985113333333,0.0010137173333333,0.0036836946666666,0.010292071
0.0026454976666666,0.0116277953333333,0.0034417306666666,0.0160443826666667,0.008885595,0.0017157233333333,2.25203333333333e-05,0.031172084,3.33333333333333e-06,0.000661477,0.010480118
4.276e-05,3.45803333333333e-05,0.000239775,0.001078523,0.0,2e-05,0.0040693833333333,0.0004608196666666,0.000939776,0.0039354036666666,0.0001846266666666
0.000633322,0.000167654,0.0002799633333333,0.004460289,3.33333333333333e-06,0.0003571176666666,0.002221438,0.00137787,0.0002278166666666,0.0001540316666666,0.0024576716666666
0.0106529243333333,0.0100173676666667,0.0,0.0264799173333333,0.0065367233333333,0.0030002913333333,3.33333333333333e-06,0.0148602023333333,3.33333333333333e-06,0.000629188,0.04888735
