0.0031936873333333,0.0009104003333333,0.000406566,0.0006797773333333,0.001874267,0.0002887863333333,0.0015476155,0.000695882,5.57935e-05,0.0004098036666666,0.003947973
0.002890093,0.0066204093333333,0.0012218223333333,0.0008342416666666,0.00377753,0.002413979,0.0078908133333333,0.001435585,5.3109e-05,0.0007351223333333,0.003483938
0.0003703003333333,0.0064090606666666,0.0012163593333333,0.0020946786666666,0.004550548,0.002050609,0.002110575,0.0026468783333333,0.0001027383333333,0.001930904,0.0041504573333333
0.0011090903333333,0.0012298496666666,0.0001300243333333,0.0023855323333333,0.0005314663333333,0.000147039,0.0062511083333333,0.0004437776666666,0.0,0.0001698273333333,0.0017200883333333
0.001998836,0.0090262406666666,0.0036465816666666,0.0029326706666666,0.003228983,0.0005801393333333,0.0023063306666666,0.0036790636666666,0.0001519406666666,0.001438591,0.0034467163333333
0.0008354556666666,0.0020706553333333,0.0011545366666666,0.0006058353333333,0.0020828763333333,0.00386886,0.001690727,0.00077726,3.6812e-05,0.000441919,0.001455171
0.0022055726666666,0.0102313763333333,0.000962234,0.0019473696666666,0.0034405716666666,0.0005549203333333,0.0017953773333333,0.005178347,0.0016558973333333,0.0037181623333333,0.0043057566666666
0.005302479,0.0015796583333333,0.004002631,0.001403661,0.004602427,0.0009777023333333,0.00773247,0.0099993803333333,0.0007570756666666,0.0023883386666666,0.0097430976666666
1e-05,1.22613333333333e-05,0.0005063233333333,1.364e-05,4.1858e-05,1e-05,0.003471204,3.97506666666667e-05,0.0008612966666666,0.0034642173333333,3.33333333333333e-06
0.0012130003333333,0.0018473886666666,0.0002167183333333,0.0011127173333333,0.0007479163333333,0.0005256433333333,0.002948539,0.0016461396666666,0.000279882,0.0028732353333333,0.001052905
0.0112033883333333,0.007601423,0.0067513216666666,0.004653195,0.0059992216666666,0.001809273,0.0082175113333333,0.016696031,0.0001129333333333,0.0032280993333333,0.0346175766666667
