0.0040856143333333,0.002430549,0.002059819,0.0040461373333333,0.002280502,0.0005560426666666,0.0021903078333333,0.0013697423333333,0.0001895448333333,0.0007249526666666,0.0060446646666666
0.0031236503333333,0.014296959,0.0051956473333333,0.0028438996666666,0.006228278,0.014042758,0.0074713073333333,0.0022426846666666,0.0005156343333333,0.0009079863333333,0.0047519013333333
0.0011729773333333,0.0169786206666667,0.0022003173333333,0.005195965,0.005628396,0.0028083,0.003343423,0.0034715073333333,0.0014455726666666,0.0024238123333333,0.0056511766666666
0.0017128036666666,0.0016592356666666,0.000408349,0.0009772686666666,0.0006480563333333,0.0003294083333333,0.0012850213333333,0.0021015536666666,6.2073e-05,0.0001511873333333,0.0007998643333333
0.0031331513333333,0.0156855246666667,0.0041411913333333,0.002034131,0.0089005563333333,0.001656607,0.008001948,0.003956767,0.000468233,0.0034308866666666,0.0061834196666666
0.0010202236666666,0.006614027,0.0018276433333333,0.0008141216666666,0.0027095453333333,0.001487018,0.0016573273333333,0.001062662,0.0004531726666666,0.0007686176666666,0.002063854
0.0039767536666666,0.014849461,0.0034171796666666,0.0015944203333333,0.008278408,0.0010254763333333,0.0034753993333333,0.0068371033333333,0.002088716,0.0056682926666666,0.0131302493333333
0.005835676,0.0076902523333333,0.0058050793333333,0.002496361,0.006236417,0.0026467453333333,0.009440835,0.0135396653333333,0.0006467963333333,0.003572078,0.0143397936666667
6.3748e-05,0.00014985,0.0006188033333333,4.6511e-05,0.0004414216666666,0.000143731,0.0041320933333333,0.0003192706666666,0.0006975013333333,0.0031551663333333,0.000149331
0.0022632746666666,0.0033107546666666,0.0015289486666666,0.0004725453333333,0.0028541813333333,0.0007968963333333,0.0510148866666667,0.0025796423333333,0.0012652856666666,0.0011362923333333,0.0027776236666666
0.0130499376666667,0.0145750196666667,0.009646337,0.0049160936666666,0.0068127386666666,0.003186767,0.0141737933333333,0.0224512833333333,0.0009951726666666,0.0070618103333333,0.0312262023333333
