0.0029963646666666,0.000694747,0.0015702846666666,0.0016815486666666,0.002416545,0.000157898,0.0015882833333333,0.0012872166666666,4.23366666666667e-06,0.0016706473333333,0.0052241086666666
0.000530826,0.0075623183333333,0.001595107,0.0009667493333333,0.004909704,0.000615743,0.0035125696666666,0.0015563406666666,7.7798e-05,0.000709485,0.0028599763333333
0.0002581613333333,0.0078804433333333,0.0011271153333333,0.0024241686666666,0.0031037433333333,0.0028583613333333,0.0010407903333333,0.005367382,0.000982881,0.0025009673333333,0.0045360456666666
0.0009122296666666,0.0017641616666666,9.78376666666667e-05,0.001665885,7.19426666666667e-05,0.0001198743333333,0.000226479,0.0005239673333333,6.66666666666667e-06,0.0002584986666666,0.00069768
0.0024894843333333,0.0087997956666666,0.0008443796666666,0.0028739643333333,0.000872002,0.0005897816666666,0.0030999223333333,0.003055864,6.62346666666667e-05,0.0032431103333333,0.000641102
0.0001724923333333,0.0015051833333333,0.0013517036666666,0.0002070453333333,0.0022245053333333,0.001862765,0.0007096503333333,0.00066924,0.0004095843333333,0.000435496,0.0007181753333333
0.002999839,0.008324322,0.0008845923333333,0.0004469136666666,0.001944327,0.0001451676666666,0.0032630366666666,0.0047044903333333,0.0040824866666666,0.00403639,0.0040100866666666
0.0006656173333333,0.003336355,0.0035272696666666,0.0014658993333333,0.003403602,0.000737722,0.0087132816666666,0.009620151,0.0001032253333333,0.003309729,0.0038875753333333
3.33333333333333e-06,0.0,0.000428565,3.33333333333333e-06,2.64146666666667e-05,3.33333333333333e-06,0.0053897846666666,4.0212e-05,0.001085508,0.0049124046666666,3.33333333333333e-06
0.0010085853333333,0.004419938,0.0005015916666666,0.000513129,0.0015661733333333,0.0001619593333333,0.001734741,0.002040173,0.001603091,0.000717899,0.000807508
0.0129669056666667,0.0077943433333333,0.0062910746666666,0.0024061033333333,0.0052313413333333,0.001341497,0.0076662763333333,0.0199131816666667,0.000281203,0.0075078043333333,0.031487856
