0.004351813,0.0025715253333333,0.0010560036666666,0.000612358,0.0041322746666666,0.000575689,0.0019602596666666,0.0012075916666666,0.0001109333333333,0.0007412013333333,0.0099668343333333
0.0042667383333333,0.0110569843333333,0.0027942586666666,0.001681592,0.006052415,0.0035734406666666,0.005527746,0.00365797,0.0001663583333333,0.0008104873333333,0.0034120726666666
0.0012692756666666,0.009824589,0.001495014,0.003088447,0.003856935,0.0036363363333333,0.0030795903333333,0.001919903,0.001308712,0.0025254833333333,0.0070570403333333
0.0003281753333333,0.0019438376666666,0.0003622236666666,0.0041940533333333,0.0004456106666666,0.0004371603333333,0.000598983,0.0006179716666666,4.74816666666667e-05,0.000149645,0.0034495743333333
0.0019354883333333,0.0097189833333333,0.0010873826666666,0.0003324656666666,0.0084539293333333,0.0010887743333333,0.0022134293333333,0.0033620506666666,0.0007781183333333,0.0009091856666666,0.003378647
0.0004491113333333,0.0023602696666666,0.0010783596666666,0.0007090933333333,0.002735143,0.003242669,0.00124834,0.001291718,0.0003151013333333,0.0005093356666666,0.0011005776666666
0.0036138853333333,0.0125579763333333,0.001963196,0.001042011,0.0050021596666666,0.0018695403333333,0.001144992,0.0059678973333333,0.0031745883333333,0.0031352163333333,0.0156385956666667
0.006210125,0.005673328,0.0040594706666666,0.0012511986666666,0.0074214886666666,0.001122598,0.0093603736666666,0.014768318,0.0005557806666666,0.0030649973333333,0.0079019256666666
1.0545e-05,1.58453333333333e-05,0.002255365,2.22313333333333e-05,2.5715e-05,3.33333333333333e-06,0.00388772,1e-05,0.0011417306666666,0.0050510443333333,0.0004983943333333
0.0012856,0.004589629,0.002011532,0.000629695,0.00111383,0.00044085,0.004854545,0.0026494596666666,0.0013447926666666,0.0005163396666666,0.001579351
0.0171451273333333,0.0155205413333333,0.011834544,0.002693119,0.0085982546666666,0.0027000523333333,0.016842628,0.0256888713333333,0.0012222406666666,0.0060976023333333,0.0210324163333333
