0.003167134,0.0003431513333333,0.0004395493333333,0.000459949,0.0013362976666666,0.0004062883333333,0.0013136111666666,0.0002867346666666,2.81588333333333e-05,0.0003142726666666,0.004100606
0.0010656086666666,0.0068247303333333,0.0010224733333333,0.0018089386666666,0.003199757,0.00092693,0.0037680813333333,0.0011907803333333,2.13026666666667e-05,0.000345598,0.0024066233333333
0.0001881166666666,0.0055618843333333,0.000659748,0.0023751316666666,0.0030259086666666,0.002744329,0.002222849,0.001562408,0.0018069416666666,0.001249977,0.0048000573333333
0.0005612753333333,0.001278493,0.0003489963333333,0.0021145173333333,0.000116368,0.000116236,0.000594802,0.0002755066666666,0.0,0.0003411743333333,0.0006020336666666
0.0009588526666666,0.0054646456666666,0.000881515,0.003131066,0.000453149,0.0004888616666666,0.001694715,0.0023259706666666,2.6716e-05,0.001733671,0.0022164413333333
0.000484744,0.0021401933333333,0.0011130323333333,0.0003195763333333,0.0006630393333333,0.0010912063333333,0.000423035,0.000341529,0.0002527056666666,0.0003528116666666,0.0012739113333333
0.0020306073333333,0.0050629246666666,0.0009942503333333,0.0010771103333333,0.0022719256666666,0.0011689326666666,0.001365299,0.0045374103333333,0.0028401996666666,0.004724268,0.0018198496666666
0.0021848376666666,0.0028960183333333,0.0026921836666666,0.0010898953333333,0.0033098746666666,0.00111883,0.006491461,0.007769316,0.0001823996666666,0.0016263796666666,0.020890464
6.66666666666667e-06,1.67363333333333e-05,0.0005673376666666,0.0,2.43883333333333e-05,0.0,0.003945677,3.9096e-05,0.0010349946666666,0.003942551,2.82213333333333e-05
0.001030322,0.0036986163333333,0.0006782336666666,0.0003971876666666,0.0009821246666666,0.0005215963333333,0.001110869,0.000669759,0.000722248,0.000379994,0.000799636
0.0159979033333333,0.008754694,0.008400602,0.0018054573333333,0.005309518,0.002331784,0.0033425336666666,0.0191477256666667,0.000680103,0.005710485,0.023450231
