0.0028649286666666,0.001186496,0.001111874,0.000830298,0.0019064036666666,0.00066799,0.0035205053333333,0.0026962633333333,9.16661666666667e-05,0.0006118923333333,0.0061525223333333
0.002503753,0.0138871496666667,0.0028665666666666,0.0014757143333333,0.0086647043333333,0.0010337883333333,0.0132575423333333,0.0014500536666666,0.0005442603333333,0.00072985,0.0042193406666666
0.003387489,0.005460482,0.0031265733333333,0.0018143253333333,0.004443965,0.0039478716666666,0.0062190966666666,0.004642055,0.0022750653333333,0.0056091943333333,0.004921885
0.0008617343333333,0.0020765393333333,0.00050514,0.0011613376666666,0.0006586663333333,0.0005190526666666,0.0009073563333333,0.0004324163333333,3.2181e-05,0.0003938103333333,0.0004395596666666
0.002286318,0.0106967123333333,0.003049006,0.0006216916666666,0.0024201446666666,0.0015841936666666,0.0053067533333333,0.0023292993333333,0.0005627243333333,0.0019393626666666,0.0038666606666666
0.0006889756666666,0.0045212143333333,0.0021020086666666,0.000655087,0.001949025,0.0014103773333333,0.0021153866666666,0.0021454026666666,0.0002150083333333,0.0003674426666666,0.0033664096666666
0.0039563563333333,0.022832647,0.0060059096666666,0.003244773,0.0101186313333333,0.0021169406666666,0.002666336,0.0084563703333333,0.0041547513333333,0.0063947836666666,0.0122262503333333
0.0068454093333333,0.0071836753333333,0.004596076,0.0030711306666666,0.007320403,0.0020362136666666,0.0097820493333333,0.014540319,0.0011343743333333,0.0041925376666666,0.0115307053333333
1.17656666666667e-05,0.000125562,0.0010242183333333,0.0010611646666666,0.0003266323333333,0.0005306613333333,0.0059898033333333,0.0011407883333333,0.0025570013333333,0.004700245,3.5364e-05
0.0019291003333333,0.0025924233333333,0.000809366,0.000735551,0.002780229,0.0004902063333333,0.006875244,0.001591345,0.0008645463333333,0.0011313896666666,0.0030579526666666
0.0201838243333333,0.0108015036666667,0.0101493883333333,0.0024633186666666,0.010578815,0.0055719576666666,0.02028287,0.017101608,0.0013889896666666,0.004825995,0.0283281333333333
