0.0048252246666666,0.000823161,0.0006623646666666,0.003546158,0.002470201,0.000670412,0.0023475208333333,0.002027481,0.0002999221666666,0.0007626073333333,0.0052211936666666
0.0017785866666666,0.0063536316666666,0.001471476,0.001284729,0.006661565,0.001256855,0.0043536,0.0050474043333333,0.0002695816666666,0.000495994,0.0036228456666666
0.001103513,0.0059363186666666,0.0020647583333333,0.0024785853333333,0.0060421673333333,0.0037518556666666,0.0015346033333333,0.0027863403333333,0.0027922663333333,0.001777541,0.0066320306666666
0.0055221836666666,0.0023051583333333,0.000250234,0.001514064,0.0007690083333333,0.0003733063333333,0.0005147636666666,0.0005526963333333,6.0428e-05,0.00012257,0.002841625
0.001710185,0.0122740966666667,0.001261822,0.003421274,0.0016304576666666,0.0013421956666666,0.0027095233333333,0.0025512833333333,0.0008608216666666,0.003030314,0.0039521563333333
0.000249482,0.0017645396666666,0.0019020203333333,0.0009868716666666,0.002682019,0.0016406666666666,0.000578022,0.0006714703333333,0.000570844,0.0004439693333333,0.0010040256666666
0.0029565086666666,0.009356042,0.0026277743333333,0.0036973046666666,0.0053092036666666,0.000702623,0.0023993516666666,0.0063431283333333,0.00394813,0.004317502,0.0039785866666666
0.0042456866666666,0.004245999,0.005077647,0.0023381453333333,0.0071641433333333,0.0023008533333333,0.0085247183333333,0.012697682,0.00065737,0.0030029416666666,0.0119338313333333
6.66666666666667e-06,2.48796666666667e-05,0.000671391,5.01006666666667e-05,6.31413333333333e-05,7.37693333333333e-05,0.0038260366666666,0.001070436,0.0013796353333333,0.0041881696666666,8.59986666666667e-05
0.0014479256666666,0.005075582,0.0025135703333333,0.0004499176666666,0.0011288333333333,0.0006187453333333,0.002533571,0.0016411126666666,0.0005134536666666,0.0009348806666666,0.002202094
0.0157463863333333,0.0074700963333333,0.0080335813333333,0.004200555,0.011432361,0.001757848,0.0062280556666666,0.0173069813333333,0.0015702743333333,0.0055562876666666,0.033138397
