0.006035741,0.000566638,0.0009885473333333,0.0002034133333333,0.0016544306666666,0.000232127,0.0017287886666666,0.0003581983333333,3.41383333333333e-05,0.0003383903333333,0.0034620066666666
0.0008466123333333,0.005052924,0.0013311866666666,0.0010583756666666,0.0026470163333333,0.0010716753333333,0.0046065273333333,0.00230585,7.84666666666667e-06,0.0004569816666666,0.0029909413333333
0.001221449,0.00647382,0.001081527,0.00252995,0.0038089263333333,0.0025648496666666,0.003916991,0.002100698,0.0005177396666666,0.0012342616666666,0.004036018
0.0014330776666666,0.0018156796666666,0.0003439386666666,0.0019841193333333,0.0002406096666666,0.0001099346666666,0.0011761393333333,0.0007026996666666,0.0,0.000251469,0.0018115266666666
0.0027063913333333,0.0115704303333333,0.001612718,0.0030733526666666,0.0059254503333333,0.0023957956666666,0.0029697283333333,0.0034479203333333,5.5823e-05,0.001028451,0.003242518
0.0003616696666666,0.0012918016666666,0.0014591643333333,0.0003970433333333,0.0017238363333333,0.002106526,0.0013444303333333,0.0008130043333333,2.1793e-05,0.0005431136666666,0.0012774823333333
0.0015130713333333,0.008452995,0.0011495363333333,0.0012255436666666,0.002433325,0.0006136223333333,0.0020778876666666,0.0045960633333333,0.0033482343333333,0.004766582,0.0043090573333333
0.003927215,0.0014220643333333,0.0038106263333333,0.0009699596666666,0.0059707396666666,0.0010979913333333,0.0071986693333333,0.0108543126666667,0.000112085,0.0037314726666666,0.0088505406666666
3.2099e-05,2.26666666666667e-05,0.0009044173333333,9.32533333333333e-06,0.000800015,3.33333333333333e-06,0.0036608923333333,3.2324e-05,0.0026919733333333,0.0040046536666666,1e-05
0.0008359646666666,0.001416842,0.000622106,0.0008503153333333,0.0017073016666666,0.0003141826666666,0.003069728,0.0017983416666666,0.000430377,0.0034300263333333,0.00167185
0.0122220353333333,0.005802641,0.00715519,0.003120514,0.0080789516666666,0.0017650486666666,0.0064623366666666,0.014844173,0.0003931256666666,0.0053497276666666,0.0335804833333333
