0.0044395123333333,0.000597992,0.0004561346666666,0.000210853,0.0016781643333333,5.2073e-05,0.0021670078333333,0.0010617676666666,6.41316666666667e-06,0.0008425513333333,0.004352474
0.0005007796666666,0.010403188,0.0012352793333333,0.000591623,0.0029012723333333,0.0025184,0.0045471166666666,0.0015150306666666,0.0002306506666666,0.000454508,0.0025245656666666
0.001702762,0.008999996,0.0016027113333333,0.0014527203333333,0.0037603786666666,0.0014992533333333,0.0009061533333333,0.003493981,0.000681806,0.0009958176666666,0.0036663803333333
0.0001567186666666,0.0014000696666666,0.0001513683333333,0.0017127053333333,0.000861317,0.0001653846666666,0.0020179463333333,0.0002508143333333,0.0,4.44776666666667e-05,0.000169524
0.0012719316666666,0.0058441983333333,0.0038426346666666,9.48903333333333e-05,0.0038589703333333,0.0003829883333333,0.0026411343333333,0.0031286173333333,2.2318e-05,0.0013605536666666,0.002235437
9.72443333333333e-05,0.0017942993333333,0.00199767,0.0003828213333333,0.0025799483333333,0.000469889,0.0007885593333333,0.0002924906666666,0.0002542576666666,0.000744704,0.0020913326666666
0.0010915773333333,0.017095223,0.0025813833333333,0.0004972863333333,0.0010469826666666,0.000361589,0.0022569003333333,0.0039236496666666,0.002944845,0.00371759,0.0020292133333333
0.0010666323333333,0.0018249853333333,0.0028677023333333,0.0012852536666666,0.003924538,0.0005709426666666,0.010355915,0.0126760223333333,0.0003250993333333,0.0023907223333333,0.0040828226666666
3.33333333333333e-06,2.766e-05,0.00065878,7.35466666666667e-06,2.2581e-05,0.0,0.0043604483333333,4.56373333333333e-05,0.000531237,0.00334742,3.33333333333333e-06
0.000857661,0.00231896,0.0004255733333333,0.0001067213333333,0.0004620476666666,0.0001595643333333,0.00249658,0.0015554326666666,0.0004647203333333,0.002264874,0.0004459673333333
0.007325645,0.0106053713333333,0.0049078203333333,0.0034420366666666,0.0056265093333333,0.0014054126666666,0.0080970806666666,0.0162525376666667,0.0007006593333333,0.0053387523333333,0.0323414216666667
