0.002942336,0.005503964,0.0,0.0068855983333333,0.0041762863333333,0.0022922333333333,8.33333333333333e-06,0.002812927,1.66666666666667e-06,0.00013839,0.0098065926666666
0.004115252,0.0179348546666667,0.0041606666666666,0.0177860746666667,0.0059394686666666,0.0022015043333333,3.33333333333333e-06,0.0071791503333333,1.06473333333333e-05,0.0006315083333333,0.005670535
0.0008484026666666,0.0091536166666666,0.0019986033333333,0.006238163,0.0054591863333333,0.0023633136666666,0.0002736693333333,0.0035634526666666,0.0013194856666666,1.87276666666667e-05,0.005614797
0.0029927903333333,0.000326246,0.0,0.0169306676666667,3.33333333333333e-06,3.33333333333333e-06,0.0,0.0012527663333333,3.33333333333333e-06,1.66666666666667e-05,0.0115939083333333
0.002216695,0.0188146023333333,0.0015132183333333,0.0122930513333333,0.0042732686666666,0.0034827193333333,7.09866666666667e-06,0.0081365713333333,1.8949e-05,0.0002035433333333,0.003824728
0.0009619823333333,0.0044147666666666,0.0012669126666666,0.0026502533333333,0.0028754043333333,0.001552898,0.0,0.0012769286666666,0.0001161173333333,1.76253333333333e-05,0.002145608
0.0017008793333333,0.001526266,0.0030543016666666,0.019482836,9.87753333333333e-05,1.87923333333333e-05,0.0024265623333333,0.0090183526666666,0.0015209116666666,0.0037713916666666,0.0107475283333333
0.0047823383333333,0.014314351,0.0054564086666666,0.0216628116666667,0.00561275,0.0034580423333333,2.82526666666667e-05,0.0257129163333333,1.35836666666667e-05,0.0004219083333333,0.0123302233333333
0.0001062916666666,1e-05,0.000160085,0.0006464603333333,0.0,6.10036666666667e-05,0.005282305,0.0010039363333333,0.0011195923333333,0.0046986603333333,3.49003333333333e-05
0.001368194,0.000496075,0.001003632,0.0057568166666666,1.0473e-05,0.000599731,0.0032401833333333,0.002069832,0.00082444,0.002427357,0.0014679103333333
0.0114507506666667,0.0156286733333333,6.66666666666667e-06,0.0308949033333333,0.0064055896666666,0.0034957176666666,0.000102289,0.0209114693333333,1.33333333333333e-05,0.0013345113333333,0.0460256933333333
