0.0029435676666666,0.001639142,0.0010199196666666,0.000601709,0.0029223966666666,0.0007760663333333,0.0034846553333333,0.001222451,9.0994e-05,0.0008051693333333,0.0043306486666666
0.0023573213333333,0.0104924553333333,0.0019452626666666,0.003081697,0.0085469696666666,0.0022323613333333,0.0079089503333333,0.003234972,0.0009660796666666,0.0029253063333333,0.004372803
0.000595262,0.007758001,0.0007600783333333,0.0020760306666666,0.0039260333333333,0.001787763,0.0078950183333333,0.0037547236666666,0.001450443,0.0020649463333333,0.0051116386666666
0.0004312523333333,0.0026372313333333,0.0011354336666666,0.0022995173333333,0.001155616,0.0003907906666666,0.001156996,0.0012684883333333,0.000434579,0.000387264,0.000561932
0.0035344106666666,0.0097150103333333,0.0020821203333333,0.0010984373333333,0.0031365833333333,0.001932461,0.003190127,0.003327026,0.0004800793333333,0.0015124443333333,0.003258981
0.0002954456666666,0.004521989,0.001148797,0.0004374663333333,0.0017082956666666,0.000765312,0.00066723,0.001203311,0.0002211936666666,0.0006060986666666,0.0008910513333333
0.0020988826666666,0.010923022,0.002298923,0.0015619406666666,0.004128561,0.000767782,0.0035387056666666,0.006571859,0.0014739266666666,0.0046204473333333,0.0056464886666666
0.0033577686666666,0.0093602353333333,0.0053267063333333,0.0039588086666666,0.0090733383333333,0.0031005183333333,0.009298658,0.0236486163333333,0.0013964023333333,0.0054195356666666,0.0227397336666667
2.56703333333333e-05,0.000498601,0.0016774196666666,0.0002251353333333,0.0002098676666666,0.0001822696666666,0.0043048026666666,0.0003785356666666,0.0018604106666666,0.0070328753333333,0.000356313
0.0016273846666666,0.0040843693333333,0.0006914613333333,0.0007272686666666,0.0019468086666666,0.0008989633333333,0.0043417346666666,0.0021330286666666,0.0010965406666666,0.000205802,0.001420953
0.0109719523333333,0.013919295,0.007586691,0.00301708,0.0052627233333333,0.0031436766666666,0.009013183,0.0221352916666667,0.0003600126666666,0.0054575733333333,0.0227356946666667
