0.002946281,0.0022542603333333,0.0007319483333333,0.0002580286666666,0.0023530846666666,0.0006311356666666,0.0017310183333333,0.001275816,0.0001458526666666,0.0008022213333333,0.0116219106666667
0.0012972973333333,0.005446633,0.0020699246666666,0.000812661,0.0023715076666666,0.001016078,0.0042892576666666,0.001291812,0.000296414,0.0009857833333333,0.0016598366666666
0.0009026906666666,0.0083326016666666,0.0032763473333333,0.0019169833333333,0.0040298066666666,0.002541559,0.0011329223333333,0.0023923063333333,0.0016921303333333,0.0028004456666666,0.0077119076666666
0.0004442853333333,0.0071122076666666,0.0005420083333333,0.0009785543333333,0.0009415996666666,0.0003327726666666,0.0013222996666666,0.0010555053333333,0.0002440476666666,0.0002672783333333,0.000974743
0.001729791,0.0156721553333333,0.0027089476666666,0.0007271403333333,0.002556775,0.00394856,0.0109960886666667,0.003481526,0.000644075,0.0022982193333333,0.004437698
0.0005804826666666,0.0046744213333333,0.001483367,0.0004040136666666,0.001462395,0.001606619,0.0011734506666666,0.0009070356666666,0.00028318,0.0005895316666666,0.0011899013333333
0.0034942123333333,0.021686379,0.0015771913333333,0.0012072553333333,0.0039669913333333,0.001223233,0.0026311836666666,0.00668564,0.0019007506666666,0.0029884686666666,0.0079891513333333
0.0039176163333333,0.0077403046666666,0.003990162,0.0047767313333333,0.0058991286666666,0.0024363736666666,0.0097271426666666,0.0177944246666667,0.0010894126666666,0.0031023563333333,0.0090878206666666
4.67976666666667e-05,0.0006378693333333,0.000429044,4.1314e-05,0.000221503,7.93186666666667e-05,0.0042015953333333,0.0014218926666666,0.001990555,0.0076292746666666,0.0001228796666666
0.0011713803333333,0.0092859923333333,0.0006062526666666,0.0001858083333333,0.000750667,0.0005705676666666,0.003213165,0.0024844376666666,0.0006023533333333,0.0018711543333333,0.0008613276666666
0.021465773,0.0100220613333333,0.0074062126666666,0.003175742,0.0085611233333333,0.0019222516666666,0.0076042023333333,0.0213952113333333,0.0015063033333333,0.0043004343333333,0.0462967866666667
