0.005336363,0.005813214,1.0823e-05,0.0092010763333333,0.0138491503333333,0.00087532,5.845e-06,0.0036310986666666,0.0001067056666666,2.7079e-05,0.0113253513333333
0.003709547,0.0166698323333333,0.0034839793333333,0.0143371903333333,0.0116753633333333,0.0027462256666666,3.29506666666667e-05,0.0053446526666666,1.46786666666667e-05,0.000114396,0.006760524
0.0034541683333333,0.0102049086666667,0.0012190036666666,0.0075895626666666,0.006164226,0.0036225193333333,6.66666666666667e-06,0.0033118276666666,0.0024377323333333,3.73e-05,0.0068180586666666
0.006081051,0.000533572,1.33333333333333e-05,0.025265973,6.77366666666667e-06,0.0,3.33333333333333e-06,0.0012403786666666,2.17603333333333e-05,6.66666666666667e-06,0.0193487593333333
0.0108717833333333,0.017624003,0.003711833,0.0098642213333333,0.006620958,0.004305039,3.5631e-05,0.0082101973333333,0.000653045,4.31746666666667e-05,0.0068829883333333
0.000815158,0.0049172623333333,0.0030500403333333,0.002234061,0.0033420153333333,0.000991862,0.0,0.0024104913333333,1e-05,3e-05,0.0016921663333333
0.004272628,0.0008403253333333,0.0020592516666666,0.023818533,0.0001998546666666,0.0005420136666666,0.0017348683333333,0.0087498516666666,0.0016845046666666,0.003195524,0.0174166183333333
0.0089411756666666,0.013177124,0.005738366,0.0202532663333333,0.0124715,0.0035894873333333,3.12626666666667e-05,0.0318088043333333,1.93993333333333e-05,0.0002515853333333,0.0276835026666667
0.0004554393333333,3.7e-05,0.0016790413333333,0.0014167913333333,3.33333333333333e-06,0.0002661623333333,0.0047521053333333,0.0013361733333333,0.0018538886666666,0.0064007026666666,0.0001737506666666
0.0023579146666666,0.0030312593333333,0.001488244,0.0077266326666666,0.00010397,0.000973393,0.0039210046666666,0.0028701076666666,0.0016754226666666,0.0003755286666666,0.0051945316666666
0.0154671803333333,0.0146199606666667,0.0006941123333333,0.0510972833333333,0.0093229393333333,0.003664067,2.41976666666667e-05,0.0280648526666667,6.42916666666667e-05,0.0006586046666666,0.0417660733333333
