0.002882977,0.001442479,0.0005713983333333,0.0017899136666666,0.0018781486666666,0.000204874,0.0030341725,0.0010381586666666,2.32571666666667e-05,0.000783897,0.0036573476666666
0.001550823,0.0078113583333333,0.0028281403333333,0.0004508446666666,0.0035126326666666,0.00048529,0.0097542833333333,0.0007440886666666,0.000218822,0.0009797446666666,0.002308042
0.0003870946666666,0.005103352,0.0013199716666666,0.0017026016666666,0.0049242566666666,0.0020584553333333,0.0027370726666666,0.002314435,0.000620165,0.0017516483333333,0.0054812586666666
0.00101537,0.0015445956666666,0.000257373,0.001471935,0.0003349783333333,9.31413333333333e-05,0.0014209763333333,0.0002780666666666,1.07316666666667e-05,0.0002067626666666,0.0002656733333333
0.0019076363333333,0.0082457913333333,0.0013215766666666,0.0006921863333333,0.0011499613333333,0.003309944,0.00578517,0.0025019133333333,9.58723333333333e-05,0.003561597,0.0032759666666666
0.0002703533333333,0.0031464853333333,0.0015339936666666,0.0007247386666666,0.0021404173333333,0.0008239576666666,0.0007826476666666,0.0004114226666666,0.000362614,0.0005765996666666,0.0014137693333333
0.001641779,0.013590327,0.00503551,0.001243034,0.0070358563333333,0.000972438,0.002838329,0.0082745786666666,0.0021717933333333,0.007259566,0.0162010286666667
0.0026926153333333,0.0047097186666666,0.0037085486666666,0.000937188,0.0036077363333333,0.0011922003333333,0.0112475676666667,0.009216415,0.000105902,0.0036146526666666,0.0218298786666667
6.66666666666667e-06,6.2355e-05,0.0009283996666666,8.41866666666667e-06,4.4897e-05,6.66666666666667e-06,0.0051803343333333,1.95666666666667e-05,0.0005332713333333,0.0035196406666666,4.2058e-05
0.0010923343333333,0.0020809053333333,0.000712851,0.000228221,0.000965053,0.0004744516666666,0.0043694326666666,0.001498799,0.0033263733333333,0.0005318706666666,0.0015015326666666
0.0121409183333333,0.0088110623333333,0.0075363943333333,0.0021889673333333,0.003747492,0.0019003213333333,0.0133177573333333,0.019022368,0.0003911546666666,0.0049916713333333,0.0219565213333333
