0.0035212883333333,0.0027069576666666,0.0016812063333333,0.0094405603333333,0.002161213,0.000273282,0.001663572,0.001090531,0.0001370673333333,0.000848131,0.006382771
0.004404359,0.0157387156666667,0.002149182,0.0010861113333333,0.0049020123333333,0.00218331,0.0036650216666666,0.0025983456666666,0.0015460973333333,0.0011931503333333,0.0023723983333333
0.0018263823333333,0.0072569396666666,0.0026572446666666,0.0026128856666666,0.006718717,0.0049354046666666,0.003846047,0.0025559906666666,0.0030384803333333,0.0042764926666666,0.0048904466666666
0.0013217763333333,0.002615333,0.0005141926666666,0.002131411,0.0007907843333333,0.0003243703333333,0.0012785346666666,0.001734997,8.1524e-05,0.0001897936666666,0.001719724
0.0028824466666666,0.0100980736666667,0.0015437203333333,0.0025525706666666,0.002110786,0.0009315553333333,0.003027533,0.002035762,0.0011470463333333,0.0019333213333333,0.0033389143333333
0.000363346,0.002600782,0.0018099566666666,0.0012234933333333,0.0018434496666666,0.00117785,0.0007396236666666,0.0004961483333333,0.000388473,0.0011013186666666,0.002685331
0.004426459,0.0125319633333333,0.0029560283333333,0.0012890093333333,0.0054678643333333,0.0028377413333333,0.0031794133333333,0.006995055,0.0044772106666666,0.0032128556666666,0.008751632
0.0046950196666666,0.0038254143333333,0.0044262843333333,0.0015596303333333,0.0036644543333333,0.0016884996666666,0.0099588196666666,0.0151326263333333,0.0009711323333333,0.0032196883333333,0.008085265
4.1458e-05,6.66666666666667e-06,0.001746193,1e-05,5.47466666666667e-05,3.33333333333333e-06,0.0041769643333333,0.0003238883333333,0.000898199,0.0036957683333333,6.81543333333333e-05
0.0016101923333333,0.0020235233333333,0.0009656426666666,0.0007420616666666,0.0012835903333333,0.000844931,0.0026545223333333,0.0012874286666666,0.0005608453333333,0.000949233,0.0023922996666666
0.0142687996666667,0.0098251356666666,0.0108107343333333,0.0042667236666666,0.006699535,0.0049667866666666,0.0091625513333333,0.0222914686666667,0.0011966413333333,0.0039434463333333,0.0365281333333333
