0.0046198876666666,0.001577679,0.0008272526666666,0.002893046,0.0024171233333333,0.0004330236666666,0.001519412,0.0009247523333333,3.5583e-05,0.000626746,0.0045515493333333
0.0024075963333333,0.0096369783333333,0.001818251,0.0012122153333333,0.007659674,0.0017926776666666,0.00376364,0.002134892,0.0005132056666666,0.0013699093333333,0.0036929553333333
0.0018158643333333,0.00944415,0.0011718556666666,0.002955159,0.003500531,0.00557278,0.0033217483333333,0.0037822633333333,0.0031223,0.0031330363333333,0.0069880136666666
0.0002577306666666,0.000922171,0.0005085813333333,0.0024446286666666,0.000296267,0.0003008486666666,0.001044475,0.0004105676666666,2.70786666666667e-05,0.001380321,0.0002440613333333
0.0010262266666666,0.012252734,0.0010872506666666,0.000352609,0.011396277,0.00181549,0.003450675,0.0032549086666666,0.0002335866666666,0.001261415,0.0027665246666666
0.0005604896666666,0.0014558026666666,0.001138913,0.000801195,0.0017962276666666,0.0013375596666666,0.0029253513333333,0.000288707,0.0003822466666666,0.0005453686666666,0.0010643073333333
0.0071169946666666,0.011271729,0.002975628,0.0007841263333333,0.002889364,0.0004749793333333,0.0019645976666666,0.003629922,0.0032492303333333,0.003206379,0.010029975
0.004241773,0.0027183556666666,0.0040677033333333,0.0020222873333333,0.0020364846666666,0.0013743223333333,0.009115401,0.012568251,0.0004100576666666,0.002390152,0.0092676863333333
6.66666666666667e-06,1.33333333333333e-05,0.000934468,9.71566666666667e-06,0.0001201733333333,0.0,0.0045675663333333,6.62466666666667e-05,0.001174931,0.0054824603333333,2.34156666666667e-05
0.0010306903333333,0.0022836333333333,0.0022166953333333,0.0006019106666666,0.000697986,0.0005131286666666,0.002446003,0.0021116866666666,0.0006477296666666,0.0007572416666666,0.0006162193333333
0.013860401,0.0083411326666666,0.008101417,0.00285292,0.0106409763333333,0.002299888,0.015101913,0.0191780506666667,0.000601013,0.00380321,0.0257948266666667
