0.0035475146666666,0.003658736,0.0003571606666666,0.0058050093333333,0.0030309886666666,0.001242116,0.0019556591666666,0.0017313616666666,0.0001207991666666,0.0028183146666666,0.007689822
0.0038656966666666,0.0168072063333333,0.0017573066666666,0.00177562,0.0094773243333333,0.003498435,0.0051299626666666,0.002468303,0.0003309733333333,0.0040173253333333,0.004687213
0.0008282403333333,0.010589574,0.0027421696666666,0.0022887553333333,0.0019924143333333,0.0034748313333333,0.001133422,0.0015260563333333,0.0017514686666666,0.0040319733333333,0.0029948246666666
0.000792759,0.0028126953333333,0.0002623103333333,0.0021978966666666,0.0006976403333333,0.0014127636666666,0.008680357,0.0007170313333333,9.007e-06,0.0015479163333333,0.001633155
0.003069295,0.0126136496666667,0.0010367456666666,0.0007508176666666,0.0067228753333333,0.0020114386666666,0.0031787453333333,0.00228276,0.000191197,0.0058893126666666,0.0068776096666666
0.0009113083333333,0.0038247253333333,0.0018567186666666,0.0024692793333333,0.0027151526666666,0.0023685713333333,0.0006257733333333,0.0007828443333333,0.000328908,0.001742555,0.002034054
0.0026319966666666,0.0907557066666667,0.0028651766666666,0.0039017216666666,0.0042754156666666,0.001353647,0.0023282333333333,0.0057337353333333,0.0025189266666666,0.0077459493333333,0.0094722296666666
0.0061173896666666,0.0059414066666666,0.0037445106666666,0.0012930256666666,0.0045693773333333,0.0022494813333333,0.006875692,0.0212591966666667,0.0005839683333333,0.0028400006666666,0.014816124
3.49e-06,1.66813333333333e-05,0.005471515,6.891e-06,0.0001017163333333,1e-05,0.001014565,6.55166666666667e-06,0.001207438,0.0024779553333333,1.9376e-05
0.00859509,0.0181704916666667,0.005966712,0.0041591283333333,0.0136271313333333,0.0099464893333333,0.0020273726666666,0.0052045573333333,0.001923675,0.0041160706666666,0.017360913
0.0113339156666667,0.0182885556666667,0.011424987,0.006399319,0.0084497443333333,0.0049751226666666,0.0069308596666666,0.026559962,0.0009411006666666,0.0075654553333333,0.0430103833333333
