0.0066097096666666,0.0011579273333333,0.000707933,5.8664e-05,0.0011673143333333,0.000222743,0.001728884,0.0005579096666666,1.66666666666667e-06,0.0008413923333333,0.0031670776666666
0.0018718796666666,0.0193193893333333,0.0020105203333333,0.00047166,0.0095326066666666,0.0020574423333333,0.0093549336666666,0.0007778763333333,2.3901e-05,0.00096849,0.0020322906666666
0.001179028,0.004861429,0.0036855916666666,0.0031433223333333,0.0026251443333333,0.0027342413333333,0.0035168096666666,0.0018165943333333,0.002121381,0.0015391053333333,0.0040564673333333
0.0002665343333333,0.0014469716666666,0.0001935786666666,0.0009530443333333,6.41456666666667e-05,0.000208188,0.001210637,0.0002833226666666,0.0,0.000568875,0.0010347586666666
0.0014898096666666,0.00631734,0.000993322,0.000952992,0.003377253,0.0004011283333333,0.007580492,0.0023111303333333,5.10106666666667e-05,0.0017164063333333,0.00148643
0.0002140276666666,0.0023303296666666,0.0020992096666666,0.0003812103333333,0.00121221,0.000481026,0.0007607606666666,0.000568168,2.16793333333333e-05,0.000615112,0.0018719626666666
0.002224064,0.0107171916666667,0.0010064476666666,0.0021233183333333,0.0060554213333333,0.0007216693333333,0.0031445106666666,0.009873901,0.0007507296666666,0.0057146893333333,0.0116622536666667
0.0035211233333333,0.0072992063333333,0.0151189816666667,0.0015922606666666,0.003575314,0.0013784633333333,0.012652086,0.007524464,0.0001205256666666,0.0036946996666666,0.0059651496666666
0.0,8.91316666666667e-05,0.0001112996666666,0.0003805046666666,1.66396666666667e-05,7.32066666666667e-06,0.000113092,2.4936e-05,0.0003676313333333,0.0035748406666666,1.3494e-05
0.0011417193333333,0.001957544,0.0003510626666666,0.0002154993333333,0.0006331446666666,0.000378899,0.0033439026666666,0.0009812946666666,0.000684922,0.000587308,0.0006267003333333
0.008798312,0.0118682376666667,0.0071966106666666,0.0022700803333333,0.007132373,0.002733237,0.0157803206666667,0.0230593096666667,0.0004978336666666,0.006272885,0.0289334086666667
