0.0056494566666666,0.0003702113333333,0.0006223153333333,0.0017230966666666,0.001464124,0.0003669633333333,0.0012708541666666,0.000840359,2.24716666666667e-06,0.000889393,0.0022150146666666
0.0007474646666666,0.0058706703333333,0.0022221433333333,0.0011401636666666,0.003173848,0.0020517796666666,0.0050284893333333,0.0009942793333333,0.0005231596666666,0.000684585,0.0008271636666666
0.00047716,0.003639485,0.0004066306666666,0.0028819256666666,0.0033318366666666,0.0010555396666666,0.0004867673333333,0.0018582203333333,0.000441218,0.0010686276666666,0.006053202
0.0015581353333333,0.0010589146666666,0.0001812886666666,0.0028328463333333,9.01473333333333e-05,8.53073333333333e-05,0.0001906036666666,0.0001862853333333,3.33333333333333e-06,0.0001482776666666,0.0002132223333333
0.0004635573333333,0.0031849363333333,0.001097758,0.000181337,0.001570696,0.00031755,0.0012177156666666,0.000929907,1e-05,0.00074978,0.001056457
0.0004037866666666,0.001680885,0.0008019313333333,0.000299299,0.0013138643333333,0.0004986863333333,0.000436268,0.0001319896666666,0.0002358866666666,0.000318573,0.0009321816666666
0.0038280716666666,0.008185488,0.000811384,0.000478822,0.000471863,0.0005247276666666,0.0007857246666666,0.0020229413333333,0.0027906633333333,0.0026546826666666,0.0061443643333333
0.0011257006666666,0.0018302103333333,0.0028481036666666,0.000352922,0.001435017,0.0002699423333333,0.0080112113333333,0.0092993556666666,0.0001722363333333,0.0020036266666666,0.0049876853333333
6.66666666666667e-06,3.33333333333333e-06,0.0001336023333333,3.33333333333333e-06,3.065e-05,0.0,0.0031107423333333,3.33333333333333e-06,0.001521309,0.0062298316666666,0.0
0.0006646396666666,0.0012176366666666,0.0004118123333333,9.62236666666667e-05,0.0005631676666666,8.96733333333333e-05,0.0012296496666666,0.0007060966666666,0.0002082703333333,0.0001810283333333,0.00045145
0.0073932913333333,0.005759775,0.0050341216666666,0.0039365776666666,0.0039977056666666,0.0006314453333333,0.0131151163333333,0.0144861696666667,0.0011562696666666,0.00219943,0.018854041
