0.002051688,0.0031009806666666,0.0006231566666666,0.0006413413333333,0.0022323626666666,0.0003694383333333,0.0009312271666666,0.0013077113333333,4.61511666666667e-05,0.0005178986666666,0.0051930866666666
0.0016212813333333,0.0053068526666666,0.0017119796666666,0.0007174136666666,0.0031975743333333,0.0011641603333333,0.0024874683333333,0.001172584,0.0004390243333333,0.000600634,0.0015785593333333
0.0008047163333333,0.008546769,0.003392003,0.0023605696666666,0.0031374346666666,0.002670323,0.0015126796666666,0.0031046266666666,0.0017275566666666,0.0014298776666666,0.0076782503333333
0.0004106556666666,0.0036588723333333,0.000355574,0.001609007,0.0013251713333333,0.001075474,0.0112908003333333,0.0012507603333333,0.000221429,0.0003251923333333,0.000715501
0.0015785746666666,0.012406979,0.001911315,0.001882532,0.002824511,0.0018838626666666,0.0020137833333333,0.005128069,0.000497738,0.0029286013333333,0.004273143
0.000397606,0.0035088313333333,0.00259399,0.0004729533333333,0.001682107,0.0009196976666666,0.0008109493333333,0.000988945,0.0001591506666666,0.000247524,0.0013495893333333
0.00149537,0.0105943573333333,0.0008187623333333,0.002229861,0.0038003896666666,0.001299539,0.0010847033333333,0.0058843766666666,0.0011489453333333,0.0026490573333333,0.0064367303333333
0.003472059,0.0067665496666666,0.0043378533333333,0.0034955703333333,0.0082168736666666,0.0032420016666666,0.0083473306666666,0.019913342,0.0012417036666666,0.0041678103333333,0.0117504426666667
4.20016666666667e-05,0.0005065403333333,0.0005611706666666,8.1526e-05,0.0001709766666666,0.0002311713333333,0.0049183956666666,0.000170346,0.0022919193333333,0.009055127,6.73353333333333e-05
0.0013899113333333,0.0094120313333333,0.0015310396666666,0.000604339,0.002696661,0.000638231,0.0071489013333333,0.0031675893333333,0.0010673703333333,0.000692576,0.00149436
0.012611318,0.008871909,0.006119614,0.0017147936666666,0.007565144,0.0039204886666666,0.008231105,0.018727413,0.0003257346666666,0.0030619503333333,0.0297772993333333
