0.0037091726666666,0.0004677016666666,0.0008310696666666,0.0008815836666666,0.0013112636666666,5.47833333333333e-05,0.0014217203333333,0.0004450616666666,8.25033333333333e-06,0.0005089326666666,0.002183062
0.0012485446666666,0.0074151103333333,0.0009322586666666,0.0007503976666666,0.0049496413333333,0.0006317893333333,0.0053223006666666,0.001256443,0.000821997,0.0008035983333333,0.0049118673333333
0.0005491733333333,0.0053812876666666,0.0016922516666666,0.0027485153333333,0.003268946,0.0040241623333333,0.0008464036666666,0.0023993973333333,0.001260297,0.0019509433333333,0.0043555146666666
0.0005988566666666,0.001077113,0.0001233733333333,0.0021687706666666,0.000313578,0.0002769816666666,0.001555413,0.000478972,0.000105346,6.50416666666667e-05,0.000395902
0.0012279656666666,0.003199939,0.000649807,0.0030100243333333,0.0010911526666666,0.000134016,0.0027805833333333,0.001140024,2.50206666666667e-05,0.0009655146666666,0.0011546706666666
0.0005853986666666,0.003107909,0.0020149196666666,0.0006228483333333,0.0012539403333333,0.000105142,0.0005651363333333,0.0015764353333333,0.000278658,0.000302781,0.0009713536666666
0.001392064,0.0069247326666666,0.0007851796666666,0.0015654,0.0014072463333333,0.000265443,0.0008057183333333,0.0062992516666666,0.0031241486666666,0.002150221,0.002025381
0.0025572496666666,0.001993987,0.003600566,0.0013424116666666,0.0022028836666666,0.0010824376666666,0.0070167543333333,0.008675221,0.0001093953333333,0.0022052946666666,0.0041841003333333
1.32453333333333e-05,6.66666666666667e-06,0.0005457596666666,6.66666666666667e-06,2.2912e-05,0.0,0.0044039113333333,2.83493333333333e-05,0.0014187616666666,0.0045556566666666,3.33333333333333e-06
0.001128992,0.0041749163333333,0.000307359,0.0003965736666666,0.0008916013333333,0.0001236486666666,0.0017347316666666,0.0017604976666666,0.0005194816666666,0.000774605,0.0064490543333333
0.0086317443333333,0.006072367,0.0061971193333333,0.003316767,0.0038616286666666,0.0016337363333333,0.0061753663333333,0.0157060986666667,0.0002193466666666,0.003473299,0.0218533553333333
