0.0030231603333333,0.0005640706666666,0.0005795893333333,6.48056666666667e-05,0.001348411,0.0001011003333333,0.000970695,0.0003774446666666,5.59586666666667e-05,0.0005993196666666,0.002966751
0.004496322,0.007193183,0.0008123976666666,0.0010416096666666,0.002777267,0.000498184,0.0046782253333333,0.002479849,0.000618607,0.0009286543333333,0.001538765
0.0004445893333333,0.0050163406666666,0.0013267026666666,0.0021562146666666,0.0036694313333333,0.0022806473333333,0.0009491266666666,0.0025904603333333,0.0009822376666666,0.001246631,0.004155039
7.91113333333333e-05,0.0008187036666666,0.0001005813333333,0.0024339916666666,8.40306666666667e-05,0.0001427233333333,0.000844891,0.0003371813333333,2.32016666666667e-05,0.000178869,0.0002011046666666
0.0006600276666666,0.0044891953333333,0.0006369046666666,0.00295454,0.0013377456666666,0.0001881856666666,0.0018645633333333,0.0016474616666666,0.000204465,0.0014173526666666,0.0006761796666666
0.0001694756666666,0.001970296,0.001954034,0.000402603,0.0014924266666666,0.0001809346666666,0.0006264236666666,0.000157418,0.0002551856666666,0.0006897816666666,0.0006158213333333
0.001214492,0.0079272913333333,0.0009765453333333,0.0003159533333333,0.002187852,0.0002862546666666,0.0035484293333333,0.0072542806666666,0.003242151,0.003427757,0.005177327
0.002360327,0.0039473553333333,0.0028832813333333,0.00119816,0.0012809323333333,0.000345298,0.0077285936666666,0.0106275086666667,0.00015856,0.0049196176666666,0.0066284756666666
6.66666666666667e-06,0.0,0.000391705,0.0,2.98883333333333e-05,3.33333333333333e-06,0.003961278,0.0003046656666666,0.001107812,0.0044375056666666,2.29546666666667e-05
0.0007410753333333,0.00523173,0.0004806603333333,0.000168178,0.0005199653333333,0.0005291153333333,0.0015756973333333,0.0012745453333333,0.000242136,0.000849955,0.0012629256666666
0.0134897046666667,0.0072152753333333,0.005908783,0.002152935,0.0042477233333333,0.0012388186666666,0.0080142713333333,0.0136781336666667,8.5325e-05,0.0059469756666666,0.0207640596666667
