0.0033147913333333,0.001170836,0.0004653903333333,0.000566371,0.0033427163333333,0.0007926003333333,0.002109065,0.000797721,4.3518e-05,0.0007207946666666,0.004644202
0.0018297033333333,0.0084218016666666,0.0015177623333333,0.0016452456666666,0.005680938,0.0004996796666666,0.0070736693333333,0.0010898136666666,0.0009459006666666,0.0018478713333333,0.0022828526666666
0.0018628663333333,0.0043576533333333,0.00127002,0.0014146033333333,0.0035920406666666,0.001141048,0.0028632803333333,0.0015788513333333,0.0007851656666666,0.0019674796666666,0.0049789843333333
0.001724527,0.000896238,0.0001005236666666,0.0018743576666666,0.0002458073333333,0.0003751006666666,0.0010521223333333,0.0005240273333333,0.0,0.0002157966666666,0.001725663
0.0022943296666666,0.0075704593333333,0.0012331966666666,0.000609389,0.002235778,0.0005946053333333,0.003398869,0.0034167,0.0001113876666666,0.0009717393333333,0.0019365703333333
0.0004008433333333,0.002402216,0.0021019916666666,0.0004732773333333,0.001464388,0.0009830653333333,0.0008000316666666,0.0003114823333333,0.0003248386666666,0.0006145833333333,0.0019784703333333
0.0029693903333333,0.010993006,0.0036567283333333,0.0009106766666666,0.0015884096666666,0.0005850473333333,0.0023869086666666,0.0039815553333333,0.0032295776666666,0.005428425,0.005177249
0.003002867,0.00193509,0.0034812853333333,0.0017520536666666,0.0028037126666666,0.001879916,0.0094538623333333,0.0111677796666667,0.0006200326666666,0.0029636603333333,0.0082532263333333
2.3894e-05,3.33333333333333e-06,0.000522326,0.0002049053333333,2.41973333333333e-05,6.66666666666667e-06,0.005818792,3.1048e-05,0.0013111483333333,0.004379471,6.68653333333333e-05
0.001196176,0.0018775863333333,0.0004582233333333,0.0008487966666666,0.0007689333333333,0.0008838666666666,0.0030903423333333,0.001223353,0.000450474,0.0015724943333333,0.001724838
0.0101832683333333,0.007057759,0.0084755166666666,0.0041384476666666,0.0056153826666666,0.0017921633333333,0.0079862883333333,0.0132514013333333,0.001626138,0.0063982653333333,0.02724386
