0.0073405156666666,0.00112896,0.000576757,0.0007721733333333,0.0016262843333333,0.000242175,0.001141959,0.0004872713333333,3.82453333333333e-05,0.0002927963333333,0.005419942
0.0009601796666666,0.00523822,0.002533136,0.002934118,0.003749544,0.000871048,0.0059582103333333,0.0152453723333333,8.9191e-05,0.0004479513333333,0.0029879036666666
0.000432374,0.0036674903333333,0.001097343,0.0022323203333333,0.0042211803333333,0.00149639,0.0021320513333333,0.005275162,0.0012684813333333,0.001477902,0.0045744723333333
0.0003973453333333,0.000803845,0.000178322,0.0005715633333333,0.0002828463333333,0.0001626876666666,0.004582145,0.0012263316666666,0.0,0.0003835063333333,0.001186876
0.0020441696666666,0.0061109966666666,0.0013935146666666,0.0002872103333333,0.0010650523333333,0.0002083523333333,0.0039461733333333,0.0077378373333333,4.5511e-05,0.0007853696666666,0.0018574223333333
0.000303802,0.0014492403333333,0.000874218,0.0011267923333333,0.000940676,0.0008548296666666,0.000395695,0.0019683073333333,3.33333333333333e-06,8.72156666666667e-05,0.0006523956666666
0.005240615,0.0062978786666666,0.0010558626666666,0.001660908,0.0023212513333333,0.0007003786666666,0.0013148803333333,0.013329029,0.0011499066666666,0.003242321,0.0101334773333333
0.0036684556666666,0.0065477173333333,0.0029946816666666,0.0017303816666666,0.0051788223333333,0.0007960693333333,0.0073619673333333,0.0175185803333333,0.000466921,0.0025533343333333,0.0071979296666666
0.0010059583333333,2.76526666666667e-05,0.0024238856666666,8.09066666666667e-06,4.24426666666667e-05,1e-05,0.003565916,0.0003148746666666,0.0012137833333333,0.0040397113333333,6.66666666666667e-06
0.0013976013333333,0.0007367613333333,0.0005884593333333,0.0001953066666666,0.000471878,0.000136277,0.0017336846666666,0.0019338926666666,0.0002845666666666,0.0004149153333333,0.0015904866666666
0.0099018173333333,0.0072701826666666,0.0083735623333333,0.004140606,0.00961503,0.002225954,0.0117883866666667,0.014104938,0.0001008273333333,0.0049067896666666,0.024350216
