0.005568348,0.0013819223333333,0.0004320043333333,0.001492519,0.002165922,0.0002918526666666,0.0016496426666666,0.000823161,9.05333333333333e-06,0.0008863523333333,0.0020572613333333
0.0026595333333333,0.0078553666666666,0.000662003,0.0012692286666666,0.005263826,0.0011244603333333,0.005758156,0.001691221,0.0001577133333333,0.0012611026666666,0.0040519916666666
0.0006337363333333,0.0061682756666666,0.0010696843333333,0.003422252,0.0029591536666666,0.0024030613333333,0.0023382343333333,0.002527856,0.0007695793333333,0.0029065256666666,0.0067911693333333
0.002056649,0.000725593,0.0002002843333333,0.002300545,0.0001151433333333,0.000114457,0.002332178,0.000278547,3.33333333333333e-06,0.0013246326666666,0.0002156193333333
0.0018646126666666,0.0068224056666666,0.000833655,9.24966666666667e-05,0.0023069316666666,0.000353532,0.0026051346666666,0.0011887043333333,1.8206e-05,0.002576808,0.001057829
0.0003192073333333,0.002047482,0.002403363,0.0006730713333333,0.0019362293333333,0.0019734533333333,0.000604893,0.0003652373333333,0.0002958976666666,0.0005206723333333,0.0013365596666666
0.0033282406666666,0.008256799,0.0010565013333333,0.0011124693333333,0.001999099,0.0002509443333333,0.002393674,0.0040449203333333,0.0031628776666666,0.0050959536666666,0.0108549136666667
0.0028137043333333,0.0030998826666666,0.0033253083333333,0.0025999643333333,0.0018771503333333,0.0006477106666666,0.008327474,0.0161938006666667,0.0002490293333333,0.003349602,0.0056337256666666
6.94096666666667e-05,3.33333333333333e-06,0.000406083,0.0,4.17956666666667e-05,3.33333333333333e-06,0.0044674193333333,3.33333333333333e-06,0.0015633403333333,0.0064013696666666,1e-05
0.001169805,0.0016787946666666,0.000453233,0.0003341126666666,0.000863124,0.0003595336666666,0.0022071533333333,0.0009970726666666,0.001288078,0.0005008556666666,0.00070723
0.0074645743333333,0.0179199346666667,0.0074804746666666,0.004333008,0.0047166196666666,0.0011286603333333,0.0071660356666666,0.0214649953333333,0.000134665,0.005578306,0.0228304406666667
