0.003032285,0.0004686376666666,0.000441169,0.0003553103333333,0.0014904636666666,4.04543333333333e-05,0.0012273246666666,7.61363333333333e-05,1.66666666666667e-06,0.000733559,0.002992494
0.00116848,0.0100473036666667,0.0016257236666666,0.0004430623333333,0.0021544466666666,0.0018180766666666,0.005030605,0.0003381816666666,1.1222e-05,0.0004441293333333,0.0007389843333333
0.000103855,0.004891027,0.0011280026666666,0.0015544166666666,0.0022032226666666,0.0015577373333333,0.000316481,0.0009170156666666,0.001168373,0.0004678326666666,0.0038203123333333
0.0007818326666666,0.001751018,6.1741e-05,0.00016985,5.34026666666667e-05,7.6631e-05,0.0012866613333333,0.0001209753333333,0.0,0.0001151606666666,0.0001079826666666
0.0009530093333333,0.003516224,0.0009500506666666,0.0001220093333333,0.0015916833333333,0.0001670833333333,0.0025503093333333,0.001590375,1.72246666666667e-05,0.0028192276666666,0.0008660916666666
9.1375e-05,0.0029247563333333,0.0013101896666666,0.0003527426666666,0.000441428,0.0003733876666666,0.0005005193333333,0.0002132566666666,0.0,0.0005363933333333,0.0009184916666666
0.0005675446666666,0.0086746596666666,0.0006218936666666,0.0013149456666666,0.0016928646666666,0.0005709636666666,0.0014070833333333,0.0040018316666666,0.001269394,0.0029882766666666,0.0130177443333333
0.003084425,0.004381507,0.0026317903333333,0.0005198333333333,0.0024324246666666,0.0003273833333333,0.008830327,0.0131000663333333,0.00010729,0.0019107593333333,0.005544752
6.66666666666667e-06,1.032e-05,8.68823333333333e-05,3.33333333333333e-06,0.0001174713333333,0.0,0.003224296,1.97866666666667e-05,0.0010937366666666,0.0025510966666666,6.66666666666667e-06
0.000891316,0.0014867796666666,6.8145e-05,0.0003333933333333,0.000496397,0.0001058643333333,0.0016635143333333,0.0009723476666666,0.0001485513333333,0.0002004193333333,0.0009309773333333
0.0069641693333333,0.0075970793333333,0.0068342443333333,0.0003822473333333,0.0070363613333333,0.0005186673333333,0.013277792,0.0129756983333333,9.77366666666667e-06,0.004001207,0.0239827653333333
