0.0024814226666666,0.0016060533333333,0.0005466596666666,0.0002262393333333,0.0021587516666666,0.0002571093333333,0.0026302223333333,0.0005329096666666,0.000209827,0.0012204663333333,0.0070914133333333
0.0019691626666666,0.0164411593333333,0.0037112343333333,0.004250458,0.0052778733333333,0.0023275096666666,0.0090769363333333,0.002337792,0.0003709656666666,0.0016079776666666,0.004077878
0.0005295346666666,0.009083813,0.0016269106666666,0.0016520226666666,0.0036497813333333,0.0029327536666666,0.0011954143333333,0.0019676783333333,0.001533662,0.001611841,0.004977517
0.000131844,0.003684392,0.0001466476666666,0.000498198,0.0008327816666666,0.0002631293333333,0.0011972313333333,0.0004165466666666,0.0001287656666666,0.00045516,0.0005503863333333
0.002946932,0.012612668,0.0007970706666666,0.0008188636666666,0.0020484216666666,0.0009278283333333,0.005220319,0.0029157103333333,0.000161802,0.001249137,0.003373803
0.0003246673333333,0.00355858,0.0010591923333333,0.0007012833333333,0.0014631566666666,0.0012636786666666,0.000801065,0.0010024576666666,9.7622e-05,0.0001863283333333,0.0010986936666666
0.0015016996666666,0.0163991243333333,0.0012278803333333,0.0045918823333333,0.002606589,0.0009038543333333,0.0026905073333333,0.005327134,0.000809716,0.004026183,0.0105882583333333
0.002180636,0.00769859,0.0047034356666666,0.0011650823333333,0.0027636813333333,0.0021388303333333,0.0097297066666666,0.023387266,0.000198736,0.0033766903333333,0.014655104
1.66666666666667e-05,0.000117747,0.0001669303333333,4.84353333333333e-05,9.093e-05,4.24613333333333e-05,0.003818809,4.62373333333333e-05,0.001525666,0.006140026,2.147e-05
0.000827049,0.0033494613333333,0.0002607426666666,0.000352031,0.0005882963333333,0.0002408466666666,0.0027174033333333,0.0008877603333333,0.0004919923333333,0.00088439,0.0007770246666666
0.007183585,0.0119660233333333,0.007228405,0.0016293636666666,0.00419258,0.0026671373333333,0.0141286033333333,0.013487709,0.0001690416666666,0.005107811,0.0348586733333333
