0.0033782933333333,0.0023254306666666,0.0003843233333333,0.003370827,0.0015032933333333,0.000173325,0.0019465656666666,0.00069549,9.81623333333333e-05,0.000441097,0.0067086156666666
0.0025006386666666,0.0195905406666667,0.0019607303333333,0.000515024,0.002981487,0.0004245936666666,0.0059995233333333,0.0008753436666666,0.000427592,0.0006818866666666,0.002281176
0.0008704303333333,0.0089239043333333,0.0010826093333333,0.0018889593333333,0.0038331526666666,0.0023925693333333,0.0015859026666666,0.0020096356666666,0.0009624633333333,0.0013255606666666,0.005430324
0.000558062,0.002686585,0.0001220943333333,0.0007074226666666,0.000258681,0.000164847,0.0007635316666666,0.0002266533333333,4.90506666666667e-05,0.000186668,0.000748275
0.0053337326666666,0.009894331,0.0015454023333333,0.0004211116666666,0.011959127,0.0006414253333333,0.003296469,0.0030958126666666,6.5253e-05,0.0012750126666666,0.0022129706666666
0.000497142,0.0030410856666666,0.000904636,0.000904649,0.0022390393333333,0.000603628,0.0004952686666666,0.0007300503333333,2.97766666666667e-05,0.000403213,0.0017369436666666
0.0051431356666666,0.0180823223333333,0.000650936,0.00065949,0.0046966333333333,0.0003259283333333,0.0020343373333333,0.0064494183333333,0.0011263476666666,0.0053175176666666,0.0126752413333333
0.005469856,0.0067502503333333,0.0029888323333333,0.0008575736666666,0.0042357576666666,0.001652577,0.0109406833333333,0.015769333,0.0001740536666666,0.0041116,0.0082052483333333
0.0007869216666666,0.0001015003333333,0.0012794886666666,0.0001361493333333,0.0001438193333333,1e-05,0.0039676626666666,3.0428e-05,0.000428144,0.0027846163333333,1e-05
0.001622701,0.0037015793333333,0.0002741116666666,0.001002148,0.002118899,0.0004002193333333,0.04423696,0.0016375213333333,0.0002739513333333,0.0006962273333333,0.0013798106666666
0.0155826423333333,0.0147777003333333,0.0074160233333333,0.0038666603333333,0.0050845286666666,0.002478639,0.0138010526666667,0.0180822093333333,0.0003979483333333,0.0029651713333333,0.03746467
