0.0065730596666666,0.0013307236666666,0.0005546073333333,0.0002290496666666,0.002552119,0.0004700836666666,0.00233509,0.000645094,5.32583333333333e-05,0.0017140153333333,0.0057981363333333
0.0031918006666666,0.0069077696666666,0.0023805693333333,0.001044511,0.003313477,0.0019543776666666,0.0025692963333333,0.0018039163333333,0.0003417506666666,0.0027812566666666,0.0019623543333333
0.00059574,0.0050613233333333,0.001242069,0.0025344223333333,0.001745341,0.00230875,0.00085308,0.0008847983333333,0.001642069,0.003498677,0.002457051
0.0004267876666666,0.0014408376666666,0.0002172933333333,0.002015163,0.0003431563333333,0.0006239953333333,0.0003023246666666,0.000242201,6.66666666666667e-06,0.000850207,0.0008640793333333
0.001356189,0.007606154,0.000579614,0.000230342,0.0016535946666666,0.0013085,0.000885358,0.0009136346666666,8.56953333333333e-05,0.002400338,0.0030947193333333
0.0003743003333333,0.0026857393333333,0.0009545976666666,0.0005494236666666,0.003321473,0.0012810676666666,0.0008998276666666,0.0005329713333333,0.0002736056666666,0.0010651586666666,0.0027915816666666
0.0015716776666666,0.0076200596666666,0.004764439,0.000399339,0.0012078466666666,0.0008121013333333,0.0018252516666666,0.003648942,0.0011976393333333,0.0068937166666666,0.0069934046666666
0.0043518796666666,0.0049838706666666,0.001878781,0.0013162403333333,0.0048637166666666,0.0021859786666666,0.0079280803333333,0.012166885,0.0003925763333333,0.0025884353333333,0.0091383753333333
1.19563333333333e-05,0.0,0.00289453,0.0,5.16503333333333e-05,0.0,0.0016219026666666,1.16526666666667e-05,0.000685015,0.0030382706666666,6.66666666666667e-06
0.002320198,0.0057384493333333,0.0014231853333333,0.0010608523333333,0.0035340753333333,0.0031372436666666,0.002060329,0.0028214823333333,0.0003420533333333,0.002455284,0.0046046216666666
0.0134392866666667,0.0070672963333333,0.0073007953333333,0.0037218136666666,0.00676222,0.0014209226666666,0.017631973,0.0174611223333333,0.0003184156666666,0.0058013373333333,0.0269629876666667
