0.0039475343333333,0.0024960013333333,0.0010225413333333,0.0006820636666666,0.0037939256666666,0.0004648386666666,0.0017423788333333,0.0018772463333333,0.0001575215,0.000717034,0.0098263736666666
0.0038603436666666,0.0247054706666667,0.002232129,0.001892378,0.0061548596666666,0.0030386493333333,0.0045294053333333,0.0037789663333333,0.0005352673333333,0.0012324626666666,0.0074136606666666
0.0010083923333333,0.0103093536666667,0.0017282756666666,0.002972943,0.004929087,0.0028347926666666,0.0014862063333333,0.0033924206666666,0.0017485886666666,0.001116838,0.0067797936666666
0.000667431,0.0043147526666666,0.0003717853333333,0.0011316916666666,0.0010564283333333,0.0003067703333333,0.0122256446666667,0.001835413,0.000280533,0.0002411683333333,0.00096424
0.0031499923333333,0.022216931,0.002792865,0.0009066356666666,0.007811762,0.0026017353333333,0.0028357323333333,0.0049045993333333,0.000482091,0.000967741,0.0057370783333333
0.002595222,0.005727125,0.003959519,0.0004318063333333,0.0017714006666666,0.0012648206666666,0.000561346,0.0015955646666666,0.000252892,0.0004121866666666,0.0016812213333333
0.002757597,0.0198226573333333,0.0014363176666666,0.007777537,0.0045012843333333,0.001037603,0.0015615286666666,0.006939438,0.001867935,0.0035342683333333,0.0085394093333333
0.0062834046666666,0.0116172206666667,0.0039670896666666,0.0029722023333333,0.010068051,0.0044690196666666,0.0068393996666666,0.030786924,0.0009722693333333,0.0039272296666666,0.0142652203333333
5.62663333333333e-05,0.0008199973333333,0.0013555073333333,8.9375e-05,0.0001603463333333,0.0001248293333333,0.003736332,0.0003682516666666,0.001752813,0.0062490546666666,0.0001949556666666
0.00147902,0.0079125113333333,0.0006585253333333,0.000854291,0.002580814,0.0005955696666666,0.0050781626666666,0.002000754,0.000809122,0.000690382,0.002305388
0.0129227686666667,0.0174044466666667,0.0120413193333333,0.004266744,0.0070895636666666,0.004543588,0.008783575,0.027158778,0.0006917486666666,0.0062578956666666,0.05559528
