0.0053402536666666,0.0019242933333333,0.000529259,0.0004970326666666,0.0020562093333333,0.0005784606666666,0.0022043515,0.002225615,5.50971666666667e-05,0.0011609133333333,0.0057840903333333
0.0063865803333333,0.01131194,0.0060826533333333,0.0010290683333333,0.008609462,0.001887674,0.0064986836666666,0.0027012446666666,0.0008345213333333,0.0021066953333333,0.0060695713333333
0.0009558066666666,0.005350088,0.002469092,0.001388809,0.0015042256666666,0.0028865566666666,0.001405388,0.00136008,0.003209719,0.001519964,0.0025189023333333
0.0008420913333333,0.002384839,0.0001641436666666,0.0023969986666666,0.0013471966666666,0.001137767,0.000556645,0.000681886,3.33333333333333e-06,0.0007160386666666,0.000564391
0.003119924,0.0110658246666667,0.0010227363333333,0.0004793516666666,0.002327349,0.0021756393333333,0.00486476,0.0033896973333333,0.0001494793333333,0.0016476163333333,0.002031452
0.0004038746666666,0.0034791313333333,0.0009980673333333,0.0004030943333333,0.0021827426666666,0.001381173,0.000882577,0.0007419723333333,0.000325016,0.0008137046666666,0.0017478906666666
0.0010562963333333,0.0131298926666667,0.000890689,0.0007237236666666,0.0014224296666666,0.0007617476666666,0.0023545503333333,0.008431088,0.0024342013333333,0.006125003,0.0065340306666666
0.0045302553333333,0.0062242903333333,0.002645215,0.001516467,0.0038138716666666,0.0022107583333333,0.008605443,0.022026837,0.000593831,0.0032609936666666,0.0105697716666667
3.33333333333333e-06,1.33333333333333e-05,0.000274634,0.0,4.7146e-05,3.33333333333333e-06,0.0039949396666666,9.29883333333333e-05,0.0008158686666666,0.0023825026666666,3.33333333333333e-06
0.0040375916666666,0.006440433,0.0016839546666666,0.002923435,0.005982295,0.0016641876666666,0.0072004373333333,0.002516089,0.0004298883333333,0.0040251186666666,0.005110449
0.0089115823333333,0.0102268503333333,0.0076367276666666,0.0028807463333333,0.006130628,0.0025956853333333,0.0127500906666667,0.021656887,0.0012719163333333,0.00580259,0.0325240346666667
