0.0031046793333333,0.00159205,0.0003158336666666,0.000482875,0.0023001196666666,0.0008411113333333,0.001307874,0.001587665,4.84836666666667e-05,0.0006025216666666,0.007583609
0.0022169113333333,0.010616872,0.003065803,0.0005044913333333,0.004977428,0.001078229,0.0059800823333333,0.0007430476666666,1.34886666666667e-05,0.0009962403333333,0.0021137456666666
0.0003859303333333,0.0075849303333333,0.0011682303333333,0.0019108293333333,0.0047138476666666,0.0021941843333333,0.001497782,0.0028050513333333,0.001490447,0.002931761,0.00540567
0.0013133256666666,0.002848378,0.0001061853333333,0.0005527913333333,0.0004443573333333,0.000155405,0.0005003676666666,0.0007928373333333,1.5471e-05,0.0001511853333333,0.001016447
0.001826642,0.00952193,0.0009506516666666,0.000225005,0.0017289293333333,0.0007325476666666,0.0020099033333333,0.0018714273333333,3.512e-05,0.0012724383333333,0.0016754923333333
0.0003689123333333,0.0034560186666666,0.0009485863333333,0.0006925393333333,0.001159603,0.001438278,0.0005483503333333,0.0003491166666666,0.0002018053333333,0.000385459,0.0015821906666666
0.0018316006666666,0.0174851313333333,0.0016747946666666,0.001848028,0.002202547,0.0008210743333333,0.0014569646666666,0.0069702693333333,0.0018179136666666,0.004510554,0.0040758613333333
0.005289766,0.0052738793333333,0.0028436676666666,0.0007551896666666,0.0028122083333333,0.0017922966666666,0.0071862873333333,0.016107085,3.47856666666667e-05,0.0048057606666666,0.0080082023333333
1.33333333333333e-05,4.41183333333333e-05,0.00150471,3.97063333333333e-05,6.5539e-05,2.91533333333333e-05,0.0023805443333333,5.78726666666667e-05,0.0011299126666666,0.0032245416666666,0.0001571166666666
0.0012565316666666,0.0035770073333333,0.0003670486666666,0.0005981616666666,0.001232491,0.0004000406666666,0.003509151,0.001529054,0.000913507,0.0005951453333333,0.001580631
0.0158159046666667,0.0100071563333333,0.0062927593333333,0.003391612,0.0051084726666666,0.003266445,0.0066978993333333,0.0243114856666667,0.0004167793333333,0.003445324,0.0495390366666667
