0.0038215643333333,0.001448155,0.002514591,0.0009661673333333,0.002784157,0.0004585916666666,0.0033112541666666,0.0015409276666666,0.0006117995,0.0006943413333333,0.007236243
0.002326438,0.013244053,0.001567464,0.001019564,0.004321924,0.0014582523333333,0.006271918,0.002127458,0.0005128073333333,0.0006272526666666,0.00464731
0.0011982793333333,0.0073805316666666,0.001572159,0.0016792743333333,0.0036087253333333,0.0023890083333333,0.002757206,0.002135118,0.0029140833333333,0.0010331143333333,0.0051210366666666
0.0013193096666666,0.0019602953333333,0.000439834,0.0018303953333333,0.001011994,0.0009103103333333,0.0011114923333333,0.000952897,2.8112e-05,0.0010086383333333,0.0004870136666666
0.003260595,0.009252273,0.001372307,0.0064498166666666,0.0028695086666666,0.0027247043333333,0.0037629773333333,0.0017238133333333,0.000301834,0.000974074,0.0033124053333333
0.0004431263333333,0.002331353,0.001170413,0.000455875,0.0019666376666666,0.0011738506666666,0.001183778,0.0003663976666666,0.000288442,0.0011688146666666,0.002085599
0.002419104,0.0171103433333333,0.002011312,0.0014134703333333,0.0031414766666666,0.00148044,0.0146571783333333,0.0054280613333333,0.0046622086666666,0.0043452633333333,0.00733414
0.005338531,0.0109319946666667,0.0059517513333333,0.0022202876666666,0.004476681,0.002446061,0.0086467413333333,0.0157698666666667,0.0005620013333333,0.0020361413333333,0.010134756
0.000155012,1.33333333333333e-05,0.0007239046666666,2.54333333333333e-05,6.48346666666667e-05,0.0,0.005480557,0.0010476906666666,0.001190111,0.003276861,6.66666666666667e-06
0.0019137496666666,0.003735271,0.0009591223333333,0.000363791,0.001838834,0.0003972903333333,0.0028293646666666,0.002282418,0.000811011,0.000498262,0.010465575
0.021814777,0.015867155,0.0079348793333333,0.002725252,0.0103890246666667,0.0031939673333333,0.0075363053333333,0.0176292656666667,0.0012390586666666,0.0052760256666666,0.0437104833333333
