0.0031754836666666,0.0018696313333333,0.0003731793333333,0.0002484813333333,0.001823538,0.0003138766666666,0.0023444296666666,0.001104601,0.0001324833333333,0.0007358036666666,0.0036035263333333
0.0021301333333333,0.0128227023333333,0.002195848,0.0056050733333333,0.0043125836666666,0.0016306353333333,0.19059028,0.0033196643333333,0.0009411203333333,0.0011967733333333,0.0022952466666666
0.0005357513333333,0.008657332,0.000807279,0.001494728,0.0054424353333333,0.0011667823333333,0.0006138926666666,0.0028065156666666,0.0009729696666666,0.000603004,0.0063815106666666
0.0002454693333333,0.0024862046666666,0.0002770483333333,0.0006346096666666,0.000286205,0.000686995,0.0006962703333333,0.0004804136666666,8.28146666666667e-05,0.0002744966666666,0.0007708863333333
0.0033526053333333,0.011018442,0.0031705353333333,0.0003076613333333,0.0025547523333333,0.00049509,0.0041006743333333,0.003159199,0.0002113523333333,0.001287237,0.0045900356666666
0.000235748,0.0023753863333333,0.0023160763333333,0.0003565843333333,0.0014715226666666,0.0008711703333333,0.000757795,0.0004334356666666,2.3141e-05,0.0003504756666666,0.001761176
0.0017885613333333,0.0086037306666666,0.0010692423333333,0.0006441396666666,0.0026172356666666,0.00102194,0.0014040823333333,0.0056175943333333,0.0011189106666666,0.0017454336666666,0.0140812636666667
0.0036907786666666,0.0061643783333333,0.0041005473333333,0.0008613976666666,0.004825239,0.0016071793333333,0.007038771,0.0173448283333333,0.0005380206666666,0.0024110716666666,0.0119387603333333
1.01226666666667e-05,0.0001084613333333,0.0007537816666666,1.07783333333333e-05,5.37303333333333e-05,1.3425e-05,0.0059059156666666,0.0011138506666666,0.0021374783333333,0.0075267926666666,4.11526666666667e-05
0.0008023206666666,0.0015446263333333,0.0002471306666666,0.001294732,0.0004665893333333,0.0005904506666666,0.0018588796666666,0.000824019,0.0002885973333333,9.276e-05,0.0006139826666666
0.0150046066666667,0.007813602,0.0075438126666666,0.0027369986666666,0.006073081,0.0018632573333333,0.0137531103333333,0.0205762936666667,0.000216326,0.0036866366666666,0.029181607
