0.0060242646666666,0.0020696473333333,0.000432862,0.0024117593333333,0.0025968543333333,0.0006506873333333,0.001942852,0.0015649016666666,0.0001325256666666,0.001288155,0.0052064873333333
0.006785677,0.0075340413333333,0.002478284,0.0038730366666666,0.0046098213333333,0.00161935,0.00646472,0.0039721786666666,0.000754606,0.00064403,0.0040942483333333
0.001657923,0.0083047846666666,0.0027057023333333,0.001821763,0.005224735,0.0023712586666666,0.0016493663333333,0.002674699,0.0030301416666666,0.001395417,0.0051799363333333
0.0006595793333333,0.002363555,0.0004965886666666,0.0005546186666666,0.0006924773333333,0.0003503906666666,0.0010003516666666,0.0002684206666666,7.5998e-05,0.0001313923333333,0.0010476046666666
0.0049011203333333,0.0104659403333333,0.001705622,0.0007684283333333,0.003224184,0.0035828723333333,0.005120395,0.0051903383333333,0.000534969,0.001567406,0.0040127503333333
0.0006184793333333,0.003637177,0.0013457193333333,0.0004640036666666,0.0022610853333333,0.000605523,0.000977487,0.0005671256666666,0.0004740336666666,0.0005205913333333,0.0018208333333333
0.004265102,0.0114646733333333,0.0036504506666666,0.0025719993333333,0.0045236113333333,0.0015208573333333,0.003095495,0.0056075786666666,0.0022697053333333,0.004050861,0.0074017803333333
0.0058297343333333,0.0047013466666666,0.0049479706666666,0.00199972,0.0047870673333333,0.0019404646666666,0.0116674616666667,0.016518211,0.0013306666666666,0.0062884826666666,0.01244215
7.63066666666667e-06,1e-05,0.001424508,1.63066666666667e-05,0.0003315513333333,0.0,0.0044880033333333,4.73703333333333e-05,0.0007926776666666,0.0036554303333333,3.33706666666667e-05
0.0023986423333333,0.0037957496666666,0.002216939,0.000612707,0.001495615,0.0006580246666666,0.0034886516666666,0.0030585146666666,0.000854277,0.0008366566666666,0.0029252903333333
0.0167286553333333,0.009724206,0.0091830376666666,0.005382725,0.0105893053333333,0.0036185616666666,0.0084334146666666,0.017253527,0.002399654,0.0062134573333333,0.0353363
